SMARTATPG_ACTOR_V2
embedding_dim 64
hidden_dim 32
tensor gate_encoder.0.weight 32 64
-0.0913863853 -0.0643502995 0.0654696599 -0.109922193 -0.129745737 0.00820745621 0.0568809882 -0.127438426 0.0521836095 -0.116734311 0.0877902657 -0.0779614523 0.0600348786 0.0426395349 -0.0239509381 -0.0451144725 0.103960805 0.0598815493 -0.00843500718 0.0982658342 -0.0255372114 0.0775277987 0.0494757965 -0.000921230705 0.0574125797 -0.0598617643 0.0960015506 -0.0532880053 -0.0355199985 -0.119126871 0.118940927 -0.0297365133 0.0951810852 0.0227601286 -0.0986394733 0.00878690463 0.0830722675 -0.0110166008 -0.039700605 -0.0271222126 0.0796464384 0.0209002346 -0.10382396 -0.0222205091 -0.0226788074 -0.0959779397 0.0195048135 0.098836191 -0.0352458507 0.0795251653 -0.00521425158 0.0518488288 -0.0848909244 -0.00567458244 -0.12097168 -0.00392103521 -0.00626634993 0.0214116294 0.0506027341 0.0452156626 -0.103552863 0.103085846 0.091173999 -0.0310806949 -0.0799741223 0.0138348341 0.0173060577 -0.113777183 0.0944582149 0.0117056789 -0.114690982 -0.0302822199 -0.105902717 0.00548883155 -0.00194066577 -0.0762892142 -0.112029262 -0.00570443878 -0.0150888665 -0.0459476039 0.0275410134 0.00217788201 0.0728069693 -0.105194405 0.0933467597 0.101197429 0.0639031902 0.00345906196 -0.12622574 -0.041558791 0.0959617794 -0.0948877037 0.0724327564 -0.0589607917 -0.118273847 0.0728664845 0.0701985136 0.0299736634 0.0202084444 -0.105511807 0.00605369313 -0.0498547591 0.0789852291 0.0385948122 0.0248514879 -0.00168013503 -0.0813534036 -0.0605996922 0.105952501 0.117569841 0.0892454833 0.0685782135 -0.116155885 -0.0501189381 0.0144087505 -0.127718136 -0.0629063025 0.110248044 -0.0173886623 -0.037340451 -0.0088909464 0.0627486184 0.115281522 0.0406534635 -0.0290541444 0.06001186 0.0760500506 -0.0184937902 -0.0472356267 0.0369922593 -0.0847410783 -0.104759328 -0.0781391412 0.0063787559 -0.0774740502 0.0605515204 -0.105773047 0.0879250318 -0.0246609896 0.0494248234 0.0568888225 -0.0853956416 -0.0168679561 -0.00808455981 -0.0541196764 -0.00512370514 0.0784609392 -0.0627873465 -0.0158289745 0.104455009 0.0530802719 -0.0584580228 -0.0298931021 -0.014010842 0.0146710938 -0.0159483925 0.0742921159 -0.0984375328 -0.031568557 -0.041660592 0.00430923281 0.00463424344 -0.114066914 0.0170315392 0.00431193504 0.0818969682 -0.0404826365 0.119199008 0.0250264537 0.0697377026 -0.119300842 -0.113338396 0.0112870419 0.012255244 -0.0465388075 0.127693474 -0.064894028 0.0195501503 0.0986104831 -0.0442405269 0.115084857 -0.0511334054 0.0749103874 -0.0992764831 -0.041560296 0.00896428246 0.105766855 -0.0701088533 0.0643973798 -0.0384154581 -0.000962620892 -0.0241666865 0.0879112408 0.0740791708 0.0761336014 -0.109617427 0.128223523 0.108492218 0.0945181772 -0.071562551 0.0344864763 0.0903616026 0.0590865985 0.0364314131 0.0434271321 -0.0572819263 0.101271838 -0.0962800086 0.092148073 0.0493296124 -0.0304490551 -0.0739451498 -0.027080914 -0.0501998588 0.0502330177 0.00993172638 0.0754576176 -0.055966571 -0.106146723 -0.082440041 -0.109766081 0.0201346725 0.00946848374 -0.077850759 0.088503018 -0.0464178622 0.00848386902 0.028890375 -0.0321625881 0.0993111208 -0.0306671504 0.0430895984 -0.084305197 0.128158465 0.0415414944 -0.036488574 -0.0691305324 -0.04074632 -0.0894837454 -0.109753244 -0.0201711189 0.0517175645 0.123926364 -0.116003089 0.0339613669 0.0402362533 -0.0343917497 -0.0877301246 -0.111539081 -0.0485494509 0.0729105249 0.0687605441 -0.00268602581 0.112953603 0.0711284727 0.00358288665 -0.0299489759 0.102275468 -0.0102636712 0.0530071929 0.0524450652 -0.0684556514 0.104257718 -0.0450647809 0.00863417797 0.102720432 -0.0113321766 -0.11333777 0.0368600525 0.0029405565 0.11708007 -0.0456362031 -0.0338319801 -0.0159344561 0.00244383188 -0.0229533482 0.0263809115 -0.0459631793 -0.0959743708 0.0787382722 -0.0990881175 -0.0288946386 0.0853576809 -0.0881257653 -0.029647693 0.00678327121 0.0812515169 0.0787166208 0.0734025091 0.0818007812 0.100613222 0.114513636 -0.00531446422 0.000767968129 0.0463330857 0.0264785215 -0.0787522793 0.025375871 -0.0218380801 0.114744425 -0.120394714 -0.0419194661 0.0240036007 0.0719748586 -0.0242277477 -0.118884809 -0.0251460783 -0.0105440291 -0.00808348786 -0.0636419058 -0.0287214201 0.039086327 -0.0259191617 -0.129096657 -0.0923932716 -0.0415806063 0.0320219211 -0.0424296707 0.0986743271 0.0958781391 0.0529216528 -0.104192816 0.0659489036 0.0818875208 0.108829938 0.0112094143 0.0758440048 0.0203313213 -0.104271941 0.0220725015 -0.0719475448 0.11189609 -0.0739757046 0.112611927 -0.0558728389 0.0653783903 0.0904650837 0.0638485476 0.00965381227 -0.0706778169 0.0666841194 0.00381893013 -0.037535172 0.0891586393 -0.103642464 0.0695547462 0.04500404 0.053603448 0.104192778 -0.0131669082 0.0156960748 -0.017924862 -0.0354039371 0.102225401 -0.128004298 -0.0403944924 -0.0661013499 0.127117172 0.032618273 -0.0495297275 -0.086774312 0.0129197426 0.0830859318 -0.116355114 0.0828689933 0.0948138312 0.0641001463 -0.0635040402 0.093989335 0.0494158566 0.0534375161 0.0539387167 0.0844754949 -0.012063303 -0.04552738 0.01122005 0.0936408564 0.00880291499 0.118921816 -0.0124329571 -0.0387330949 -0.00527987443 0.0197846778 -0.0663691014 -0.0386110954 0.0630427748 -0.0504225269 0.0732990876 0.0118345413 -0.0889193714 0.0499733761 0.122306153 0.10560219 0.0216134824 -0.105721615 0.117352657 0.0910993963 0.033267621 0.0554300398 -0.0968045145 -0.0897380039 -0.016858967 -0.109367937 0.0155361863 -0.0306230001 0.0164986718 -0.108469307 -0.105613403 0.106594481 0.0408568755 -0.0062437132 -0.0998698771 0.0992025807 0.121743083 0.088907212 -0.0143114533 -0.0658279806 -0.0588521473 -0.0460919403 -0.0552655309 0.0744416714 -0.0686828047 0.0865047649 0.0176845044 0.0591776408 0.0603632145 0.0349643864 0.0870558023 0.0357832536 -0.0828040019 0.0352772623 -0.108130746 -0.00267530838 -0.00128685683 -0.0120343575 0.0795720741 -0.0614009947 0.107138164 0.0549375415 0.0182911009 -0.0598055273 -0.0887585655 0.0950035378 0.080100514 -0.00284479465 0.0972560272 0.109795265 0.124447115 -0.0690385699 -0.0586515144 -0.0367255174 0.00913181063 0.0196042527 0.0726953596 -0.0129465451 0.0473742411 0.0302763637 -0.102012485 0.123668283 -0.0763635263 -0.0409280993 0.0170988925 0.104888588 0.117661923 -0.112247176 0.104753934 0.0396552533 0.018806329 0.00928898156 -0.0146101424 -0.00976947136 -0.0414034389 -0.0720108077 0.00296821585 0.0324604623 0.0600834675 0.0788184777 -0.0488937385 -0.0315425359 0.0196393747 0.126062602 -0.0322983004 0.0507450774 0.109922193 0.0177119561 -0.0840542614 -0.0922206789 0.118997611 0.013567145 0.00137515157 -0.107883207 0.0829925612 -0.095513247 -0.0108373752 -0.0189995524 -0.000640234153 -0.061501056 -0.0915637314 -0.125464112 -0.0520325042 0.0787356645 -0.067866914 0.0840117857 0.00118947367 -0.0855895206 -0.0116112344 -0.0169561245 0.0595585592 -2.9677924e-06 -0.03622026 -0.00211682124 -0.0873599946 -0.0395976976 -0.0537376031 0.106357656 0.00416209502 -0.0107577443 0.0775842294 0.0756182447 -0.0983086824 -0.084940657 -0.0560752563 0.119126327 -0.111712039 0.0226666424 -0.078711234 -0.101090416 -0.121179581 0.0632984638 -0.0462904274 -0.0741276145 -0.0605200864 0.0790823922 -0.0169833172 -0.0159262158 0.000610084331 -0.0205930974 0.0677552894 0.0934926644 -0.0816676468 -0.0744969547 0.0337400995 0.085810326 -0.113517322 0.12425191 0.00227344432 -0.0961293951 0.0431266688 -0.115300097 0.106258385 -0.126900718 -0.115463533 -0.0717723146 0.0689882264 -0.0443476066 -0.047700122 0.116055369 0.103537373 0.0995074734 0.0210304167 0.0811150894 0.0700338706 -0.0597210079 -0.0340946391 0.0859325901 0.010692344 -0.0823147893 0.0078414157 -0.020068828 -0.0995280221 0.0105827842 0.116982751 0.0875188336 0.113796726 -0.0884760693 -0.0049075475 0.106229648 0.00720042689 0.102854773 0.0121143805 0.0814696699 0.0713206679 -0.0489112511 -0.0824939609 -0.066094704 -0.0621094815 0.110967062 0.0922366306 0.028295273 -0.0858470052 0.00314132147 -0.119882502 -0.105241738 0.0792223588 -0.104174718 0.127729699 -0.0259200111 0.0319422632 0.0293556359 0.0631376132 -0.0412702709 0.0760829449 -0.104117572 0.0352775156 0.0118823405 -0.112680793 -0.0435170867 0.0440308824 -0.0892792046 0.118205078 0.0838682652 -0.0871656463 0.0734025985 0.0225387234 0.133050725 0.0888809189 0.0622159056 -0.0873715878 -0.0184070561 -0.0181160532 -0.113876931 0.0692080483 -0.0293608811 -0.0140180681 0.00371655799 -0.00342109427 0.030709127 0.0643837154 0.0151397446 -0.0347096138 -0.116201185 0.0531192534 0.000213415638 0.016432751 0.0299270339 0.0978734642 0.0871648863 0.0675442517 0.107544981 -0.0618332997 -0.0376299024 0.0556401126 -0.0401953943 -0.00953886937 0.00624017371 0.0706276 0.061228741 -0.107919529 0.102222346 0.0171665754 0.0217105802 -0.115598895 -0.00289521902 -0.0494055822 -0.0921758339 -0.090259254 -0.0180860646 -0.103110649 0.00895750616 0.0829142183 0.0891099498 0.0292599984 -0.0409208126 0.119896792 0.0396924987 -0.0363915861 0.0481266752 -0.0524587557 -0.0533971451 0.0293663815 -0.0568795465 -0.0373821221 -0.0876038298 0.0622794852 -0.105811365 -0.111490056 0.058571104 -0.0318110473 -0.0562576689 0.074645929 0.0734060109 0.0429712422 -0.0893593058 -0.0938235 -0.0488207527 -0.0126762064 0.115492895 -0.0782936066 -0.0841956139 -0.0801612958 0.0504993834 -0.0155502101 -0.0774857998 -0.100242928 0.120810054 -0.111599028 -0.101470612 0.00463962229 -0.106181152 0.116050959 0.0918641016 0.00298187835 0.0174226426 0.0448148735 0.0378687009 0.0428687371 0.0113912551 0.0230661146 0.0461813733 -0.0151868723 0.0237566158 0.0254122578 0.0560595505 0.0958964378 -0.111304693 -0.0437949337 -0.0944958478 0.0884051323 0.0690889806 0.057918366 0.0976283103 0.00290145772 0.0633969158 -0.0670559704 -0.0990681276 -0.000875941478 0.0839565024 -0.0197777115 0.0839455798 -0.0116931582 -0.0267871115 -0.110694863 0.000406729145 -0.127961889 -0.0934420228 0.0605539121 -0.0203040671 0.0186178889 0.0291802902 -0.0720368549 0.0226965509 0.053348016 0.113081664 0.10194163 0.0701131597 -0.103822082 0.0606930479 0.0399932191 0.0882837772 0.0825990215 -0.0194822345 0.0664976239 0.108993679 0.121277466 0.110323906 -0.0966485962 0.0695150942 -0.0108408323 0.0691774562 0.0588835627 -0.0508770384 0.106415369 -0.00145138754 -0.0540148057 0.102256693 -0.0609876253 -0.0854519382 -0.061389599 -0.0569607578 0.0710130259 -0.00996044837 0.0416335985 0.0789303929 0.0158196017 -0.0967552066 -0.052726835 0.0909156129 0.110258766 -0.0950428993 -0.0375815965 0.107438087 0.109946728 -0.0614644289 0.0061478219 -0.0670576766 -0.112592734 -0.0905553102 0.0902628228 -0.099153772 0.0814531744 -0.0413062125 -0.0635819957 -0.113078237 0.117230117 -0.00884482078 -0.103362828 -0.0942593738 0.013961317 0.0440270565 0.108870365 -0.027965324 -0.0692804977 -0.0314909965 -0.00415185001 0.081183292 -0.0532363281 0.0756323412 0.0524932854 -0.0706464723 -0.0391390808 0.0757793114 -0.113793522 -0.0378692858 0.00443761889 0.0630678162 -0.127735972 0.0540367477 0.0539634936 0.0867233425 0.0963775143 0.0498155765 0.000269767392 -0.0738932341 0.107956164 0.0151428869 -0.12211626 -0.00794119202 -0.0898931623 0.0578649417 -0.111549787 0.0356210768 0.0946399122 -0.100769997 0.116360083 0.0280623976 -0.00699630007 -0.101876602 0.0490447916 0.0600444824 -0.0353234969 0.024988221 0.0440713055 0.0249606129 0.0309456438 -0.011040397 0.126972675 0.0692693815 0.0271348916 0.0665300786 0.0452697985 0.0756404549 0.0938786566 0.0583052561 0.0989439189 -0.036327146 0.00890556443 -0.00479159923 -0.00864356197 0.0729344636 -0.0961589068 -0.0538670123 -0.00191290816 0.121235102 -0.103618264 0.0257297102 -0.0984264463 -0.0317972042 -0.0901742876 0.0146355275 -0.0158071071 -0.0318833403 -0.0925029367 0.0163153578 -0.12535274 -0.106499419 0.114443719 0.0686579049 0.107081614 0.056584958 0.0952693075 0.00390331517 -0.10980615 0.0366310142 -0.0929315537 -0.0504506156 -0.118598059 -0.116015911 0.0368856341 -0.103373997 -0.0526381284 -0.0744475052 -0.0434398092 0.0854849294 -0.075992249 -0.0253152642 0.0517815948 0.0453264639 0.107554339 0.0246166121 0.0684214979 0.0400883667 -0.0846711993 0.0519695133 0.00949367881 -0.0484462082 0.0778735578 0.0174549669 0.101976685 -0.0249871314 -0.111176528 0.013971298 0.124249063 -0.0646748394 -0.116863914 -0.0755870417 -0.103799798 0.115272291 -0.126205251 0.0149162291 0.104674481 0.0471952371 -0.0519694574 -0.0879218951 -0.0810081065 -0.0209441837 -0.0539711192 -0.0899528489 -0.0360625945 -0.0389690734 -0.064174898 -0.0804467052 -0.106247 -0.0933498368 -0.0953755081 0.0319955163 -0.00769668026 0.108670436 -0.0537045561 0.107792825 -0.088286154 -0.0034968101 -0.0376420282 0.0395066924 -0.118044987 0.017171219 -0.0892970338 -0.0916736796 -0.0786447302 0.0372870751 0.128555253 -0.0760044307 0.0628884584 -0.0748990104 0.00775078777 -0.0483173355 -0.0636077374 -0.052097518 -0.0505796038 0.115370534 0.0664402768 -0.0345557109 0.0572811551 -0.0653231069 0.0466191992 0.0095503591 -0.0480036549 0.0253293701 -0.105690859 0.112371184 -0.113526843 0.0325153619 -0.0156419594 0.0782671794 -0.055679936 0.016135592 0.0835198164 -0.0365527421 0.083197996 -0.106983811 0.0581034012 0.113424025 0.0743780658 -0.0976180285 -0.0121577745 0.0396821089 0.0651114136 0.0180265587 -0.0535383672 0.0806033835 0.027975332 0.0776598155 -0.061176151 -0.0610764101 -0.0335936025 0.00576110743 0.079105489 -0.117619365 0.0152124511 0.111090511 0.00285365968 0.00262212567 -0.0579376817 0.016639065 -0.107678182 0.051166337 -0.0549557991 0.00570994243 0.0798965544 0.132862598 0.0456168801 -0.0888914168 0.117989242 0.0540384613 -0.0272705462 0.117657274 0.0705558211 0.00531826587 -0.0242435765 -0.0953844413 0.127354458 0.050786335 -0.0117331687 -0.0991918519 -0.116766915 0.0494521111 0.0699996874 0.111728437 0.0204912238 0.093636252 0.0364826471 -0.0654477179 -0.0578050986 0.0555383526 -0.107736893 -0.0498105176 0.101890609 0.0690430701 0.0555204526 0.106853329 0.112931781 -0.116500407 0.110415146 -0.0880842283 -0.0888371319 0.0145147964 -0.0813641325 0.100476824 -0.101547606 0.122111954 -0.0348037109 -0.0907589272 0.115844704 0.0448960848 0.110643379 -0.0668643042 -0.0451343954 0.11369738 -0.0327867977 -0.0628400519 0.0226667598 -0.0451106615 -0.11027953 -0.0469931923 0.000616892474 0.00694112387 0.105137929 0.0300536659 -0.113068104 0.023971172 0.12276347 0.115212262 0.116841964 -0.0417158008 -0.0976628512 -0.0544118397 0.0167957526 -0.0218511913 -0.102107681 0.0702274814 0.048520647 0.0168218929 0.0221420024 0.0275262669 0.101461992 -0.00418320531 -0.0112703433 -7.40165997e-05 0.0802971944 0.0256896503 0.0466804393 0.032223478 -0.0270969458 -0.0185401086 0.0455247127 0.0759235844 0.0711520389 0.103897408 -0.0867645741 0.0251552127 0.0378966816 0.0435169451 -0.0935585573 -0.0939617231 0.0464482456 0.100949429 -0.0309986789 -0.0768337995 0.0623962581 -0.126086295 0.0865702853 0.112050667 -0.0713952035 0.0341085978 0.119994953 0.0546558946 0.0709276199 0.0891472325 0.0544768609 -0.11875724 0.014808652 0.0411307588 0.0156884678 -0.00783929136 -0.0676012114 0.0917643309 -0.00873805583 -0.0670552775 -0.118792124 0.00219702325 -0.123330966 -0.0421753302 0.0700756833 0.10794659 0.0340838656 -0.0852219984 0.0302510131 -0.0509176813 0.0300378967 0.0295014493 -0.0157194939 0.0894262791 0.0546767823 -0.102117755 0.102582559 0.000874732155 -0.0908926129 0.00816344004 -0.0445512384 -0.0177486744 0.0433479957 0.0294730943 -0.0146686779 0.0669280887 -0.00906703435 0.00532659516 0.113835245 0.0611511134 0.0440043882 -0.0656458586 0.0724037662 0.000134341695 0.112889603 -0.121891923 -0.00815507211 0.0802028105 -0.132303372 -0.0415604301 0.0142451786 0.085881345 -0.0187937617 0.0616261438 -0.0673609972 0.0899058059 -0.00719306618 0.0557062738 -0.0635376051 0.108711421 -0.0419941321 0.0153335873 0.0414258875 -0.0776715279 -0.0011972494 -0.0438737385 -0.0452559292 0.060446579 -0.111995056 -0.00517635467 0.0429769531 0.0510688014 -0.0513203815 0.00621487619 -0.0498594344 -0.039038524 -0.0576025322 -0.0843045413 -0.0567199588 -0.121973909 0.0602186099 -0.0138545344 -0.124990679 -0.0145929353 -0.00121896295 0.110239118 0.0676402077 -0.0162720867 0.0306295101 -0.0909817144 0.0324595794 0.0614709891 -0.00794371124 0.0069218846 -0.0731539428 -0.104029231 0.0171588026 -0.10133259 0.112610795 -0.0129748872 -0.0268815421 -0.107627362 0.059036795 -0.00467393454 0.0944695845 -0.1084693 0.0284319874 0.0685805976 -0.0293801501 0.110217795 -0.0338938311 0.0729201958 0.109555468 -0.0568139479 -0.0358382277 -0.0614239648 0.057136111 -0.0329505242 -0.0460732281 -0.0827805921 -0.0658786669 0.00391590828 0.0922557116 -0.117532194 -0.00613730121 0.0525739715 -0.0324764512 -0.0482191183 0.112509981 -0.0523033775 -0.0285291318 -0.0301913954 0.0563740805 0.0267200731 0.0841753781 0.0595556721 -0.0425468311 -0.0697923452 0.0265853275 0.01110157 -0.100362584 0.102965422 -0.0908933505 -0.0717178881 0.0864599049 -0.0766997188 -0.0276763812 0.127904519 0.0251629632 0.0259095151 0.0636728108 0.0856463611 -0.100112885 -0.0665449724 0.0270356555 0.0721874684 0.0387327075 -0.115973383 0.0848955885 0.108142689 -0.081569165 0.109610863 0.0955203995 -0.0460427962 0.109060235 0.0452717729 -0.0880955681 -0.0720626414 -0.0438594185 0.070192717 -0.0509947874 -0.0474393889 0.02014249 0.0441188067 -0.0124595398 -0.113671266 -0.0117639089 -0.0503862612 -0.0531190224 0.0629638955 0.00704962062 0.0452925526 0.0179509372 -0.0800284371 -0.0125602763 -0.0516439788 -0.103437632 0.107939899 0.104475163 -0.025294181 -0.0592260957 0.0451320708 0.0542586595 0.0608410388 -0.086883463 -0.0544621944 0.0498227887 0.0311076939 -0.080473803 -0.0770686716 -0.019734025 0.0629214421 -0.027512541 0.0312616117 0.110768549 -0.0770243481 0.0168501697 -0.0225241147 0.0290636048 0.0255525503 0.0318961926 0.0450771116 0.0530315861 0.13289392 0.12553677 0.0598148406 -0.0263962094 0.096411474 -0.064003855 -0.00455706939 -0.083582826 0.0407634452 -0.0707422495 0.0836742595 0.0220774114 -0.0869396701 0.0389696434 -0.0780478641 0.0736247599 -0.0205381047 0.0576216131 -0.0595540702 -0.0788678825 0.105062284 0.016623931 -0.0344717689 0.0325305685 -0.0935758725 0.00669211987 -0.0808119476 -0.0807061866 -0.0230413415 0.0084681483 0.0639025196 0.0437004566 0.0385148302 -0.0887530893 -0.0182502884 0.0787750483 -0.104851626 -0.0848063901 -0.0755221173 -0.11727722 0.0674973428 0.066922836 -0.00737800077 -0.0305718966 -0.0124862911 -0.0120641217 -0.0359665416 -0.0969400257 0.0731450319 -0.0775080696 0.115187377 0.00044431584 -0.0778268948 -0.0330474824 0.103007622 -0.00192000519 0.0529746041 -0.0221821908 -0.0120340036 0.0599462166 0.0154500538 0.0831107348 0.117953166 -0.0934332088 0.0484657101 0.078417033 -0.124070197 0.118859164 -0.0679965615 0.0833061188 -0.0169599243 -0.0247894432 -0.101751693 -0.116217352 0.11992497 -0.0155722769 -0.0227446239 0.107703507 -0.00165030605 -0.0729129016 0.103364989 -0.0484703071 0.129844382 -0.0242121052 0.0569484979 0.021514317 -0.0719339103 0.101793088 -0.128800869 -0.0243731868 0.0620183386 -0.0061367387 0.0738282055 0.10283418 -0.102254219 -0.0059070955 -0.0357139036 0.116598412 0.0180995781 -0.069248043 -0.00338849728 0.0467906743 0.073193945 -0.0825830251 -0.0579352081 -0.0271112863 -0.00531459413 0.110324472 -0.00763082365 0.0444455445 -0.00643238984 -0.0889320448 -0.109682441 -0.00842739642 -0.0500552133 0.0441191085 0.00100866286 0.112358332 -0.101644896 0.109360248 -0.0399332121 -0.0311144777 0.081470795 0.093907088 -0.019004168 0.0461478308 -0.0853284821 0.0555444621 -0.0861985832 -0.0191774406 0.0769341066 0.00662555452 0.0015024679 0.085511364 -0.0307534318 -0.0575229004 0.130647644 -0.0665291026 0.128673941 -0.111755542 -0.0275806151 -0.0280539859 0.0328903794 0.00448076706 0.0698467419 0.104336657 0.112253956 -0.085677512 -0.0148337111 -0.040494632 0.0501363128 0.0942743793 -0.0595373623 -0.0263589118 0.0754982978 0.0709208772 0.0178845413 0.0614559315 -0.059264183 -0.018349465 0.00971643534 -0.122682571 -0.0683759227 -0.0854173154 -0.0152089177 0.0976626053 0.120749667 0.0533609688 -0.0140222339 -0.0441817418 -0.119058624 -0.013814806 -0.0967373848 0.0215073284 -0.0892889872 -0.0487189591 0.0859478116 0.12182638 0.0881920159 0.0272018053 0.0269831959 -0.0420845337 -0.0633596405 0.0711087137 0.0239359662 0.0712350458 -0.0918947011 -0.0778816789 -0.0993694589 0.00216413662 0.0656485334 0.0574652292 -0.0409273617 0.112410456 0.00753616635 -0.0635741055 0.109076157 -0.115027145 0.0304797422 -0.110720292 0.0713637546 -0.105495512 0.117638387 -0.018278379 -0.0851650313 -0.0351707116 0.092039004 -0.115143724 -0.0356535129 0.073551774 0.117447406 -0.0448598713 0.0698285401 0.00165921904 0.038630221 0.108959422 0.0196496472 -0.117611304 0.0229249131 0.0469756089 -0.0134532014 -0.121669784 0.108238459 -0.0849048346 -0.129036173 0.0256332662 0.0102506531 -0.0441547744 -0.12554957 -0.0569630601 0.03971643 0.105534635 -0.0326830857 0.0523138903 -0.046177581 -0.068344526 0.127666861 0.0818289444 -0.096090965 -0.089093864 -0.0368510634 -0.0401308313 -0.0685458779 0.0892637298 0.0405767821 0.0245827623 0.0112192547 0.0372279584 -0.103162199 0.113186419 0.0276744738 -0.106775329 0.117184393 0.0952604637 -0.0520256013 0.00903955009 -0.0330188349 -0.0427027494 -0.0806335509 0.0255931988 -0.0845481157 0.0654433146 0.107280597 -0.0636227205 -0.107702181 -0.108198956 -0.00225544907 -0.0398299247 0.106199346 0.0465133414 0.0368069485 -0.0559773631 -0.0411463045 0.0160070788 0.00864657201 0.106268436 -0.0179555099 0.0622985065 -0.0292198453 -0.0377472453 -0.111119866 0.0836668238 0.119365506 0.0184840523 0.0366355292 0.0831848159 -0.0379528999 -0.0131465746 -0.00882968307 -0.0844811127 -0.0277714971 0.010197415 0.0533356294 -0.0657014102 -0.0132072102 0.00729364902 0.0623323321 -0.091851972 0.02554648 -0.0970235169 0.0265621301 0.0361152738 0.0833487213 0.118772276 0.0638357848 -0.073788546 -0.0483720228 -0.0690591037 -0.0484139323 -0.106812909 -0.10809613 0.105986714 -0.0559297428 -0.0876807347 -0.0521291383 -0.0553377308 0.0324418917 -0.123035818 -0.0926761627 0.1057861 0.132450104 0.0537007153 0.0492151715 0.119280286 0.0148709174 -0.0977168828 0.0928936079 0.0609176829 0.0801859945 0.0824951231 0.0226790924 -0.00611516042 0.0801318958 0.00220181933 -0.027947722 0.0396579392 0.0789615288 0.117837913 -0.0766110867 0.11102166 -0.10897848 0.104094818 -0.121735439 0.00359114027 -0.00201114547 -0.106309734 -0.120756514 0.0109142847 -0.0890386775 0.0434418954 0.0854068622 0.0292348266 -0.0469251983 -0.0357708596 -0.0572320782 0.0220011268 -0.00570455147 -0.00333079393 -0.0489039645 0.0199775342 -0.111103483 -0.115562811 -0.115104035 0.0137359696 -0.0757638812 -0.0792370439 -0.114168018 0.0657290444 -0.0482540503 0.0294632521 0.126990959 -0.109198123 0.032594189 0.110556722 -0.0476815216 -0.0402028337 0.0320106484 -0.0878015235 0.0774957687 -0.00314218458 0.0599268638 -0.0371938609 0.0107328501 0.11951033 -0.0902997702 0.0730447695 0.0199324377 0.0872545242 -0.0169263128 0.0812501609 -0.089911446 0.0528332181 0.0917861313 -0.0479581319 0.0573232621 -0.0641000271 -0.0213191453 -0.0882555842 0.10334532 0.0627428293 0.0435710251 0.0763976276 -0.0263349395 0.114073858 0.110814035 -0.0895933658 0.11362803 0.0780609027 -0.0847785398 0.0773659721 0.122629263 0.0921778828 0.0772922114 0.027143877 -0.0529254526 0.0669920594 -0.0500142798 -0.127630189 0.0176471025 0.109442666 -0.109389268 -0.0227124449 -0.00666442094 0.06041627 -0.00552411191 0.10620784 0.0658602491 0.0180491414 0.0302119479 -0.108211935 -0.104299843 0.0441133417 -0.0861758888 -0.10968741 -0.0543195829 -0.0324042104 -0.0624027923 0.109864384 -0.0676005855 0.0366710536 -0.00523369806 0.0843666047 -0.0358338468 -0.0520474687 0.0330754258 0.112242967 -0.0281367581 0.106203347 -0.120004527 -0.09664803 -0.031372387 -0.0748626813 0.0664691105 -0.0388762318 0.117898338 0.117116652 0.0256769974 0.076672785 -0.0107003441 -0.0785134658 -0.0344068706 0.0157146864 0.0550013855 -0.0180906691 -0.0597683787 -0.0160100013 -0.0515740812 0.0126441503 -0.0872439742 0.0346243903 0.00198519509 -0.0634333789 -0.0880048424 -0.0549445152 -0.0697342753 0.126222849 -0.0141553693 -0.073932074 -0.102438346 0.0624357946 0.0866873786 -0.0102476859 0.104917318 0.0089698825 -0.118896179 0.0389276445 -0.109057702 -0.0638306737 -0.0342668667 -0.0132304179 -0.0568209328 -0.0369030572 -0.101348221 -0.0534869879 0.0292436611 0.0625783429 -0.0963570327 -0.0405109972 0.101416402 -0.112918407 -0.0585873239 -0.107965171 0.0966961607 -0.00661991304 -0.10735222 0.121669203 0.105355561 0.0435683578 0.0200371929 -0.0912555158 0.0176608153 0.0458254851 -0.00928429794 0.0442263372 0.112179339 0.00238625007 -0.018389754 0.0867653489 -0.11199221 -0.0463806726 0.0271845795 -0.119117416 0.0541034229 0.058270786 -0.0908882022 0.0300903842 -0.0367157161 -0.0181052294 -0.0816189796 0.0487456173 0.0318105631 0.0854773745 -0.0620191768 0.0940940306 0.0112114511 -0.0559594184 0.0233212207 0.0730008408 -0.0275118276 -0.0922911614 -0.0890591741 -0.00462032249 -0.0296875294 -0.00350346114 0.0811845437 0.0855313614 0.0379833244 -0.100832611 -0.0521291718 0.0821312368 -0.0315803252 -0.108397186 -0.0979419798 -0.0212179925 0.00591833051 0.0566861816 -0.0719218999 -0.0558509715 -0.0614561737 -0.0283515584 -0.0109144067 0.0541368648 -0.081865266 -0.00152189552 0.0380123667 -0.0148874382 0.0159989502 0.0541232377 0.0211824253 0.04084526 0.0625561923 0.0228763614 0.0167769548 0.0281274896 -0.0402192697 -0.0933058485 0.0401560925 0.0488083065 0.116677463 -0.00115950149 -0.0197609998 0.0335466638 -0.0913357139 0.0399838574 -0.0737797022 0.117288448 -0.124573424 0.0732423589 -0.0357249528 -0.116430327 0.100953303 -0.0668651164 0.0123431645 -0.0347500704 0.0147730643 0.02480557 -0.0717496872 0.066999644 -0.0124547947 0.118458651 -0.044809781 -0.066030018 0.0167310592 -0.0407488942 -0.124594651 0.0863672122 -0.0907478034 0.0085787084 -0.0019939777 -0.101159647 -0.0752493218 -0.12381082 0.0627096891 0.05816577 0.121394977 -0.000631464703 0.0189803503 -0.0960749537 0.057206925 -0.0490706563 0.00213919976 -0.058983285 -0.118853003 -0.107469492 -0.0801810846 0.0172457602 0.0386234708 0.0729929879 -0.00799423084 0.0691682771 -0.0429859385 0.0529893003 -0.00590882264 -0.0682089776 0.0803999007 0.0232108515 0.0985457152 -0.0859924927 -0.0206820145 -0.0684696287 0.0870231614 0.0736248344 0.053119339 -0.0468300804 0.117969289 -0.0455057062 -0.0120739769 0.0543043427 0.00530065922 0.0802427009 0.0270145591 -0.10021279 0.0209201109 0.0544766672 -0.0663255602 0.0596081465 -0.0521607697 0.0649027303 -0.103361242 0.0149550624 0.0212033428 0.0275165867 -0.0721112043 0.0116726458 0.108677253 0.0730438605 0.075079225 -0.114550695 0.0726998821 -0.0222077705 -0.0874758288 0.0900526792 0.100664735 0.109888524 0.131071866 0.0473510027 0.0964936316 -0.0788812116 0.0266467873 0.0899652168 0.0851794034 -0.0382510163 0.0161634907 0.10822992 0.0269114748 0.0571877137 0.0844409615 0.0595234409 -0.100861378 -0.0636308789 -0.0469829515 -0.0343787782 -0.0423310138 -0.0833716765 -0.0522958227 0.0127193714 0.109551623 0.104026854 0.0894797891 -0.0438017845 0.092915453 0.0839228779 0.0196223129 -0.0946575403 -0.0678616986 0.0420802757 -0.0913085416 0.092729643 -0.0977641642 0.111521423 0.0243684351 0.0281044915 0.00915502757 -0.0901644379 -0.0836054087 -0.0260959398 -0.031726528 -0.00735129649
tensor gate_encoder.0.bias 1 32
-0.0310799237 -0.0408946872 -0.0665945858 0.114393659 0.109059714 -0.0395636037 -0.105882309 -0.0171767548 -0.00572304381 -0.118083373 -0.0637571663 0.0419811979 -0.0839305222 0.102396414 -0.00844664127 -0.112789549 0.093503952 0.0739025027 -0.0830486789 0.0866627842 0.0219678078 0.0628134832 0.0959505811 -0.097155489 0.0596351586 0.0431346633 0.0219105519 0.0711356252 -0.116507038 -0.118633099 -0.0675408617 -0.0391755253
tensor objective_value_embedding.weight 2 32
0.1528541 0.451744109 0.13938047 0.715540111 -1.40260065 0.210949436 -1.73519695 0.427705139 0.622740984 1.64046645 -0.265474916 -0.0409090072 0.544292986 0.537578821 -0.0893776789 1.02331209 -1.42075467 -0.841762781 1.17131686 -0.606696904 -0.0431836434 0.367048204 0.378260821 -1.2872504 0.221822724 0.430707395 -0.316963345 1.315575 1.04356158 -0.737001061 0.41056335 -0.975849032 0.69366014 -1.11348259 -0.106561899 -0.382727534 0.822684467 -0.442086369 -0.222327292 0.00811873097 -0.829090774 0.847027063 0.498043984 1.66004872 0.406023115 0.376055896 -0.414945155 -0.622358203 -1.00802267 -0.617793202 1.21845865 0.241445392 -0.165820137 1.19274235 -0.702914178 0.804691136 -1.45115888 -0.409632236 0.694995701 0.0824719444 -1.93967295 -0.319451392 0.0766531304 0.103966326
tensor backtrace_actor.0.weight 32 32
-0.0993531272 -0.145119846 -0.0819337964 0.166312724 0.145761251 -0.016930433 -0.0363276452 0.0282173883 0.138695538 0.00503932964 -0.0986271501 -0.0409790687 0.042417381 -0.165998653 0.035891261 -0.0284015518 -0.109384812 -0.180386975 -0.0886953995 -0.0797572806 0.0641710386 0.0121998647 0.0112291165 0.0768577829 -0.166613087 -0.115892544 0.0431246944 0.0638925433 0.0266979113 0.14332442 0.00312404311 -0.00605233014 -0.151123911 -0.121888548 -0.156394616 0.0713888928 -0.0832811818 -0.147549957 0.0865507349 -0.0343572125 -0.131162778 -0.0109322406 0.0679508075 -0.0675426349 0.00562213734 -0.017895991 -0.151072234 0.0359909348 -0.0440584235 0.0827404261 -0.134721905 0.168266565 -0.0371711142 -0.0135939298 0.0631360114 0.0140417358 0.0407937057 0.152880654 0.0707268342 -0.0194577593 -0.0915147215 -0.112311281 0.0209324397 0.133419856 0.150198907 0.0128817242 -0.0392815173 -0.00675751641 0.0400965028 -0.169626012 -0.0477653556 -0.117064349 0.14918533 -0.166755542 0.00938795973 0.000800768204 0.0106751192 -0.110879436 -0.0296961591 0.128609866 -0.0559875481 -0.0216505416 0.058746282 0.110197686 -0.0687467977 0.154747367 0.152157769 -0.0936846212 0.164167359 -0.131931216 -0.153855041 -0.110608868 0.064917706 -0.148744836 -0.0831670761 -0.0133774364 -0.0891901404 -0.0368308723 0.083187528 0.0804900229 -0.0876594409 -0.11589659 0.0323120691 -0.119227558 -0.0134021398 -0.0388831943 0.0733303577 -0.0659793541 -0.16248399 0.00441449368 0.0607137159 0.12832883 0.0890952498 -0.0863391533 -0.0141733484 0.00141925691 -0.151410386 -0.0831380114 -0.0610245503 -0.0333625562 -0.0124236625 0.00566688878 0.016156178 -0.0859368891 -0.0352508165 -0.0571174212 -0.0805308744 -0.166941822 -0.0305437502 0.0202023461 -0.0481659323 -0.127126724 0.165842891 0.00981991459 0.109911285 -0.048366785 0.0644766614 0.00900440291 -0.0491855554 -0.131711259 0.0385551788 0.102208778 0.0450509675 -0.161012247 0.17912963 0.0820407644 -0.136616305 -0.019546302 0.00944561884 -0.0302159358 0.0529048666 0.144587636 -0.0926699638 0.0262956992 0.104427196 -0.0868918821 0.0612874739 -0.00715195993 0.0856401995 -0.171415985 0.016374005 -0.0612722933 0.160655871 0.00161391252 0.0598210841 -0.023078369 0.0106468154 -0.0902138352 -0.172470286 0.029718671 0.14225246 0.14790833 -0.118918538 -0.0744586587 0.133616552 0.15131706 -0.00308715901 0.106993668 0.0835490078 0.129179746 0.104835331 -0.0687066093 0.149382845 -0.121007517 0.0114144618 -0.0986991674 0.118125007 0.079649739 -0.108569302 -0.149885073 0.154642984 -0.17282936 -0.172744066 0.0107746292 -0.08236029 0.150390133 -0.0468509123 0.173380837 -0.00175764307 -0.175963685 -0.00367470155 0.0858316943 -0.0642945096 -0.0371271856 -0.0169825479 0.162492484 0.0893816277 0.0620565526 0.130946502 -0.00782089494 0.0984425172 0.111568242 0.0115476269 -0.0315918215 -0.144616768 -0.133885801 -0.130126551 0.105892576 0.0635889471 -0.075077422 -0.10178981 0.128419146 0.0070788227 0.179704025 -0.0202593002 -0.143581346 -0.123842031 -0.167786881 0.125420406 -0.0558241755 0.139712229 -0.0733479634 -0.10816171 0.0334881768 0.015382614 0.167306826 0.12146017 0.0542859323 -0.144325718 -0.0547715276 -0.118577868 -0.0414757952 0.0947713405 0.00656363228 0.0649437383 -0.106088854 -0.0286333747 0.174279585 0.07777033 -0.131878808 0.0966720879 0.045798298 0.0807237774 -0.16488719 0.0456648245 0.175443813 -0.161347434 -0.0453419536 0.113975912 -0.0395457447 -0.00354731781 0.0427347161 0.122412592 -0.0333992951 0.0283117779 0.00244866288 -0.122318819 0.172294572 0.0270234756 -0.0393734425 0.129451081 -0.110159576 0.15265356 -0.154428244 0.122979008 -0.00345957815 0.0344032198 0.0368230827 -0.0416700281 0.0168991294 0.113331825 0.119002432 -0.00699284906 -0.128907099 -0.106573135 0.13297753 -0.17516236 0.076287955 -0.104220845 0.0523177199 0.151353896 -0.112023003 -0.162066594 -0.130213976 0.0179595128 -0.0785965174 0.152343124 0.0964726284 -0.159465328 0.00752104446 0.0714357123 -0.103889734 0.167763427 -0.0706042945 -0.0071081291 -0.149319693 0.179980412 -0.0846374407 0.077018626 -0.0254030768 -0.0295830779 -0.0786638483 0.043746803 -0.107068613 0.0228722859 -0.107078359 -0.160953611 -0.109971225 -0.0702400059 -0.174098104 -0.177128285 -0.0435431115 -0.128182158 0.150737733 0.03089392 -0.0618394427 -0.043972373 -0.0906360969 0.0503342524 0.0424550958 -0.139746696 0.15566428 -0.155826747 0.128300697 0.0785575807 -0.0235920846 -0.00151760853 0.0684752911 0.140349999 0.126394957 0.00196299423 -0.0701873526 0.0270812213 0.103960186 -0.0781318694 -0.0562584996 0.134679496 0.104934327 -0.0069429921 0.0512471534 0.0130497338 0.113453098 0.117483117 -0.0166351125 0.132529646 -0.0400682613 -0.116396345 -0.0217291676 -0.163007855 0.0283724759 -0.165797397 -0.172867358 0.107626624 -0.0267921537 0.108478442 0.139517993 -0.156546637 0.0409023687 -0.143529892 -0.0373759605 -0.0466685072 0.168089211 -0.143741027 0.11716897 0.12425635 -0.138677195 0.166427746 0.162424415 0.11263898 -0.0798562691 0.162296504 -0.0972401723 -0.114409335 -0.123082899 0.0980781093 -0.0840337127 -0.153454661 -0.0282442681 0.106293224 0.175710306 -0.0828097388 0.0518136509 -0.122908898 0.0254361536 -0.100727148 0.0926318541 0.0832543373 0.0604407378 0.0199693721 -0.0246890895 0.029941665 -0.179576829 0.0228148047 0.143253341 0.0701213777 0.0596268587 0.0850153789 0.10762728 -0.0792356506 -0.128044844 -0.0825310498 0.155438393 -0.0439589098 0.156375632 -0.123758204 -0.101917177 -0.0512167215 0.106473461 -0.11493928 0.0714619607 -0.0494110882 -0.1202631 0.121459171 0.0235639997 -0.0677562505 0.123343885 0.121005878 -0.00456905598 0.135951668 0.0612325072 0.112347722 -0.0444597043 0.0870589614 0.0918488652 -0.0608140491 -0.0824852735 0.0396845527 0.121841781 -0.000276617357 -0.078382127 -0.0326961055 -0.0689231381 -0.0812907442 -0.16523008 -0.00790773984 -0.103071593 -0.0476739146 0.0239188261 0.0358108766 0.139019921 -0.162809938 -0.0826735944 0.0851424411 0.0970912203 0.165941551 0.168643728 0.125105575 0.131311208 0.14112924 0.156818315 0.0392134711 0.102458797 0.0926361009 0.074126631 -0.00694426196 -0.132446587 0.108192511 -0.00390461204 -0.102080785 0.14316608 0.0455985069 -0.132802412 0.0950336084 0.054991696 -0.075935252 0.0960776061 0.00771587668 0.0120369969 -0.177712321 -0.156217292 -0.139299691 0.117533304 -0.112904496 -0.123497531 0.0781426653 -0.168776467 0.110993132 0.0614363663 0.105512626 0.130140245 -0.0518121272 -0.00949735288 0.117986724 0.130260259 0.146296397 0.0300316662 -0.0412952565 -0.045189999 0.0835764036 0.0500747077 -0.015600035 -0.0320253186 -0.169317961 -0.0561167188 -0.12183179 0.164066523 -0.0925916359 0.0167865232 -0.0456319898 0.088286005 -0.159477994 0.138061643 -0.145863071 0.126726478 0.0434674025 -0.14179033 0.15748322 0.153549865 0.0601583049 -0.145222843 -0.0519951023 0.0551598854 0.0432718322 0.061880853 0.0991053507 -0.0865431502 0.0618849471 0.115430735 0.169671342 -0.129958436 0.091564849 -0.169775799 0.0063009127 0.105584316 -0.0937840715 0.152939022 0.0432202332 -0.145577386 0.00792590249 -0.095413886 -0.164022133 0.157639384 0.0922837257 -0.0307440683 -0.0250547584 0.142881796 0.0654419437 0.156057566 -0.14336732 0.0950862765 0.114218205 -0.136903003 -0.165934786 0.170202032 -0.0884585157 -0.126110166 -0.00382151967 -0.112106927 -0.0192122925 0.168061778 0.16150035 0.00291085523 -0.115821227 0.0779014751 0.0886901096 0.0204248894 -0.125197381 -0.107262969 -0.0571517423 0.125703529 -0.122673593 -0.164168581 0.150102615 0.111219116 0.00351100788 0.0444946885 -0.161090299 -0.022343874 -0.166530758 -0.119791389 -0.0131998137 0.0515634045 0.157792002 -0.0847483203 -0.0721328706 -0.0579911023 0.099268876 0.0312224235 -0.163865268 0.0739732981 -0.138895452 0.00225584977 -0.00568904961 -0.162358686 -0.0244689099 -0.0682099834 0.0432985313 0.115997829 -0.136063591 0.112621777 0.135136887 -0.0545023084 -0.111499175 0.0824829862 -0.165532455 -0.156053126 -0.0237363577 0.120080486 -0.15753071 0.171007976 -0.17774798 -0.0423420779 0.00399405556 -0.00718267076 -0.147233397 0.0205061696 0.136871874 0.00780899916 -0.132187158 -0.0396164134 0.0365672968 0.0327362344 -0.124623984 0.00504850456 0.134850815 0.0197960176 -0.0616210811 -0.056809295 -0.145437345 0.154462978 0.00626043975 -0.0874062777 0.138995737 -0.057625033 -0.050512556 -0.157636911 -0.0744028166 0.150423899 -0.0815455168 0.0093836626 -0.0711195692 0.0896834061 0.18178688 -0.0116903987 -0.151916265 -0.139209017 -0.128276244 0.180718452 0.174693868 0.0214875732 0.138453051 -0.050973963 0.00260285311 0.0286726505 0.0176071264 -0.146882161 -0.0681634173 0.0123230796 0.104364574 0.132422552 0.0885291696 -0.0252568573 -0.160004288 -0.137362093 -0.103876889 0.050724905 0.0374927372 0.12406633 0.166183054 0.172804132 0.107818477 0.16943121 -0.0737780184 0.0550160967 0.0781006515 -0.016940115 0.021200601 -0.103662893 0.0584722981 -0.108939104 -0.09691374 -0.0188810173 -0.0147060007 -0.0575311221 0.0412550196 0.160290435 -0.0204409193 -0.0491349176 -0.120341241 -0.0829358846 -0.122020781 0.0876999646 0.161164954 -0.0717587098 -0.00422674278 0.15795061 -0.101320602 0.115278132 0.144482285 -0.0577264093 -0.164362401 -0.0541807376 0.170486346 0.0724712089 0.0637256429 -0.00100928184 -0.172322318 -0.137331426 -0.0395050086 0.114854753 0.0738680586 0.0572158806 -0.0207751524 0.000140697564 -0.092126593 -0.0879592225 0.133427083 0.112175189 -0.125002608 0.0020813283 -0.00445299363 0.173112661 0.0688797981 0.0506520309 -0.0500771031 0.119989708 -0.172346339 -0.0273665991 0.070394963 -0.0157533474 0.107915506 -0.12667419 -0.132857829 0.106958032 -0.104477808 0.0264483653 0.102198713 -0.0646458641 0.0485573895 0.179951444 0.0655611604 -0.101512909 -0.149750888 -0.155653819 0.163263708 0.125840187 0.0542038083 0.0792513043 -0.103417188 -0.0165895224 0.0730433613 0.0386087969 0.133598179 0.0922032818 0.146922722 0.170264587 -0.0628264025 0.0679825619 -0.166514441 -0.1494295 -0.168866679 0.169667289 -0.103423834 0.0579807647 0.00352706062 -0.176146016 0.0748636276 0.123591311 0.0094033489 -0.119900331 -0.079097569 -0.0519888252 -0.108743943 0.1046184 0.0465894043 0.024919834 -0.123000272 -0.0571582541 0.160243466 0.0917890146 0.163379341 -0.16608417 -0.0191651601 -0.0801906958 0.00876047276 -0.0670891702 0.024410544 0.0771312639 -0.0921711698 0.0532921739 -0.110904858 -0.136842579 0.0202264562 0.12624231 -0.0574870147 0.156502545 -0.0838681757 0.0259669703 -0.0652657151 -0.0223871805 -0.171796173 0.153661862 -0.0484242216 -0.0283153877 0.0413865298 0.0561717451 -0.0846339837 -0.0640843734 0.111998104 0.141120836 -0.00675942795 -0.0872898474 0.131306246 0.114647895 -0.157955095 -0.154515609 -0.107330889 -0.0351453982 -0.172658533 -0.0218597762 0.121718965 0.122372799 -0.0176482853 0.175173625 -0.0275000148 0.0378862992 0.111195818 0.0163008422 0.084130235 -0.11269483 0.0694572404 0.02633054 -0.168897972 0.162929997 0.156184703 0.0752086565 -0.0922870189 -0.143965587 -0.156552315 -0.0336585864 0.0467077382 -0.176391631 0.0276211612 -0.138698697 -0.0741751492 0.0027232815 -0.123047635 -0.0716584697 0.0701392889 0.12361978 -0.024368016 0.0583293661 0.0939031616 -0.117000818 -0.0750645995 -0.0314664729 0.0808006898 0.060676109 -0.147125855 -0.0158060323 0.0606413744 0.0940892547 0.157068208 -0.0871586129 0.0213946383 0.085067369 0.00904757623 0.0374671742 -0.171061605 -0.0336415954 0.0556761213 -0.0438851081 -0.159325615 -0.168296978 -0.000395410781 0.133915022 0.108589537 -0.0795150846 -0.0450245477 -0.0215801299 -0.107489392 0.16495575 -0.160925671 0.0218952727 0.159171537 0.117589213 -0.0419360586 0.102974683 0.151047528 -0.143423498 0.141776487 0.0956301466 -0.0558025949 0.113366708 0.112510823 0.0505768359 0.0726149753 -0.0551264398 0.123959236 -0.0629288107 -0.00476652803 0.17171903 0.127595454 0.0874298289 0.0238476787 -0.0942900106 0.160116717 -0.165984154 -0.0847700685 -0.0391627997 -0.0685008839 -0.0822034702 -0.0223734919 -0.0762911141 -0.0680672303 -0.111235358 0.142647386 -0.119258471 -0.0971466899 -0.0347153582 0.118646935 -0.165096298 -0.0659052134 -0.0517412201 -0.128578022 -0.0925955325 0.079237096 -0.00489584822 0.0395567827 -0.150451973 -0.0489815362 0.105388224 -0.0616078191 -0.00939069968 0.0980113074 -0.068051748 -0.0164793953 -0.153400257 -0.0619329177 0.11350663 -0.0739296079 0.0965949148 -0.11773894 -0.141873971 0.0963234529 0.155456245 0.0501728468 0.14886485 0.0490062423 -0.0247412324 0.115593627 -0.0187524687 -0.030675238 -0.0505010523 0.076454632 -0.122732729 -0.0975265503 -0.0418164022 -0.157510668 0.0399803072 -0.0243134722 -0.0142826838 0.0107861282 -0.00632030331 0.0667638257 -0.165220097 0.166925102 0.120401129 0.0140393181 -0.147969365 -0.00378441578 0.175650045 0.0771109238 0.134360343 0.124709077 -0.0985929668 -0.0452877283 0.018790327 0.0313572437 -0.139652893 0.0762668476 -0.154068887 0.146476477 -0.167001173 -0.0997420102 -0.120453119 -0.0396114923 0.136131272 0.103206329 0.0130925355 0.0901708156 0.124604471 0.0248747841 0.00525775971 -0.0918076709 0.0195129979 -0.0420005508 0.141796172 -0.0121567417 -0.0110117486 0.0623743646 -0.142301068 0.104885168 -0.136209294 0.123840094 -0.127551824 -0.12777999 -0.120158359 0.0884777382 -0.10495732 -0.0812708735 0.162760645 -0.14212285 0.010722639 0.0414507948 0.16878593 -0.0642001033 -0.166114926 -0.0717536807 0.0903264061 -0.130736336 0.170738429 0.0323088393 0.107379735
tensor backtrace_actor.0.bias 1 32
-0.0875267535 0.146019533 0.0581021197 -0.126231343 -0.0347213261 0.0650094077 -0.10015016 0.124191351 -0.0858830363 -0.138946772 -0.0636410639 -0.0401938334 0.081843555 0.108159788 -0.0178073589 0.126599446 -0.141486436 0.153767228 0.0661470965 0.154094547 -0.16256021 -0.148404971 -0.0896678641 0.110530965 0.0813260525 0.156546623 -0.0495418496 -0.101103686 0.160224766 -0.0958321244 0.119394921 0.107092224
tensor backtrace_actor.2.weight 2 32
0.126659662 -0.127859131 -0.11705251 -0.138223037 0.133553043 0.0934855714 0.153631061 0.0580767989 0.0318809412 -0.0525025055 -0.0788578317 0.00859422609 -0.068445906 0.128334314 0.0106097236 -0.162873119 0.105199471 0.0582399443 -0.040209081 -0.0308176316 -0.138723612 0.115318522 0.00253880466 0.108387709 0.0967602432 -0.122011371 0.0120150875 -0.0586181805 -0.154654816 -0.168341175 -0.129126802 -0.0298865195 0.144851342 0.172359362 -0.169018716 0.102062926 -0.109775901 0.0671039 -0.0375314169 -0.0507061779 -0.0605543889 0.145118296 -0.165158793 0.179526433 0.0630727112 0.14660503 -0.16531992 0.0612491257 0.0855290964 0.0168317594 0.0675299317 -0.157107279 0.163547948 0.033648178 -0.125226453 0.154157937 0.144454554 -0.159661174 -0.0714960173 -0.0232007205 -0.053147532 -0.12981157 0.109099686 0.0164711569
tensor backtrace_actor.2.bias 1 2
0.0969022736 -0.0489091426
end
