SMARTATPG_ACTOR_V2
embedding_dim 64
hidden_dim 32
tensor gate_encoder.0.weight 32 64
-0.0877395719 -0.00336171687 0.121415377 -0.082899645 0.0209858567 0.0483997911 0.0207712203 -0.0928905606 0.0180306584 0.106209859 -0.0576655567 0.0706142187 -0.0570280999 -0.0091920495 0.0667827129 0.000606492162 -0.0993742943 0.0649992973 0.0758854747 0.0663241893 0.0927258134 0.0557637513 0.0841085315 0.0205059201 0.0848666728 -0.110122129 -0.0171281546 -0.0143855959 -0.0594565272 0.0325176865 0.0943769664 -0.0843445063 -0.0640488863 -0.0404565185 0.0961847752 -0.105936915 0.122507736 -0.0763952434 -0.0186121166 -0.0154466629 -0.0503063649 0.0868389457 -0.00537729263 -0.0766140372 -0.0690322667 0.0159731805 0.0281232744 -0.0683997422 0.0213185847 -0.0787287802 -0.00199849904 0.0542723536 -0.0105401725 -0.0358407795 -0.00422276556 0.0437992662 -0.0618846565 0.00678920746 0.082026124 -0.00109124184 0.0822948664 -0.112941861 -0.104343906 -0.0567607135 0.0673473626 0.0754366964 -0.0929004848 0.0469394177 -0.0224352628 0.0362243801 0.117553473 -0.121015504 0.0220929384 0.0750535578 0.0104591995 -0.0748357177 -0.0230206251 -0.0372602642 0.0968880653 0.111661166 -0.0490681678 -0.122773752 -0.0395986289 -0.0689836442 0.10645923 0.118002817 0.064533487 -0.0106652528 -0.120513648 0.00897975266 -0.0481255054 0.00139060616 -0.0585281998 -0.0130293667 0.07062006 0.123434722 0.10276854 -0.0679892302 0.0813971162 0.0813126713 0.0501766354 0.11854504 0.00994648039 -0.0150242448 -0.0706928521 -0.0278258026 0.0444194078 -0.0882565528 0.025821209 -0.0337664485 -0.100192279 -0.01528427 -0.0480891019 0.111579612 -0.0599240065 0.122086138 0.0719286054 0.122429401 -0.000486508012 -0.00409141183 -0.10626556 0.0483816266 0.0808962286 -0.0115532279 -0.00398057699 -0.00880581141 0.0650274307 -0.072354421 -0.00472544134 0.0234641433 0.0524305403 0.108367279 -0.107656628 0.0249579549 0.026860863 -0.0526406616 -0.0232489258 -0.0288169235 -0.0985803902 -0.100652635 -0.00703701377 0.081725806 0.123167619 0.0175462216 -0.0856682509 -0.0394753963 0.0243058652 0.0294563919 0.0194474161 -0.0485859513 0.0278908014 0.108424917 -0.0864211023 -0.0354680866 -0.0748723894 -0.051496923 0.11297524 0.0562630445 -0.00743429363 -0.00420244038 0.101586774 0.0398291945 -0.0136234462 0.037408784 -0.0181028992 0.0100396425 -0.0805403143 -0.0506285131 -0.0974721909 0.0724933296 -0.0571563244 0.0131204873 -0.0671659857 0.0116202086 -0.060605824 0.0544109941 0.114631563 -0.0750905573 -0.106147259 0.0105457902 0.100612342 0.121481448 -0.0767646432 0.108586654 -0.0218427032 -0.0615198463 0.00346310437 -0.0355656743 0.00630523264 -0.0118572265 -0.0956110507 -0.081484586 0.0326957405 -0.013482064 -0.00446100533 0.019552514 0.0313103497 -0.0640919209 -0.0392533392 -0.0935881883 -0.0110192597 -0.0142442882 0.0772159547 0.0339968055 -0.0489344597 0.0775626898 -0.0364602357 -0.0173222572 -0.0788771063 0.0737426579 -0.0244663805 0.0710335821 -0.112333104 0.113081485 0.109467685 -0.095878616 0.122652009 0.0640332252 0.0202653706 0.0706633031 -0.0410314351 0.0829037577 -0.110610336 -0.118697494 0.110426828 -0.0972592682 -0.0956363827 0.0260136276 0.00286024809 0.0550020635 -0.0332573205 0.0946305543 0.0314146727 0.00870844722 -0.0632135719 0.117393374 -0.0327651352 0.0023817271 -0.0681411028 -0.0210622847 0.0914954543 0.104628831 -0.0881845057 -0.0034122318 -0.0446791947 -0.0603803694 -0.0145678818 0.00023829937 -0.0352333635 -0.00886592269 -0.106779307 0.0190322101 0.0323541015 0.100403532 0.115926161 -0.120667025 0.0302132815 -0.0624737293 0.0494778752 -0.00863181055 -0.0711322576 0.110828459 0.00608833134 0.0992577523 -0.00764940679 -0.119210571 0.076341331 -0.0496693701 -0.0200888366 0.0865820795 -0.0495339632 -0.0932317823 -0.0559808463 0.0126681626 -0.120849609 0.0345650762 0.0300092846 -0.120653868 0.0626094341 0.0429019779 -0.0138519108 0.109186903 0.0325117409 0.0365686715 0.11141862 0.0479097217 -0.0306401849 0.0483264029 0.00462707877 -0.0519175082 0.00570346415 -0.113975838 -0.0247171819 0.0781027526 0.110008955 0.0610789955 -0.100154877 -0.00741909444 0.119727477 0.0322817564 0.0627292395 -0.0591483563 -0.055422619 -0.0859607607 0.0235116929 0.0773779899 0.0606929958 -0.064294517 0.0763454437 -0.112637505 -0.00119386613 -0.0469376296 0.0999742448 0.00389061868 0.0127024353 0.0387989134 0.0295013785 0.0102730542 0.0515925884 -0.0111659616 -0.0995702893 -0.074996084 0.0508065671 -0.103469655 -0.0738056004 0.0210509449 -0.0158228278 -0.0233078748 0.0883796662 -0.00674785674 0.0753714293 0.0553473234 -0.0231576264 -0.121987939 -0.0563407838 0.0471043289 -0.0165751725 -0.0852549821 -0.0328074843 0.111997366 -0.10187526 0.0108878314 0.0285090655 -0.049667418 -0.0808990002 0.0824008435 -0.122135505 -0.0770759434 -0.00522103906 0.0659022182 0.0438020825 -0.0695447475 -0.0478874147 -0.00549690425 -0.0671184212 0.0878548771 0.0139195621 -0.0492261052 0.101236328 -0.0215144604 -0.108692616 -0.0139445662 0.0642307848 -0.0412727743 0.0684485286 -0.0388076752 -0.0368979573 0.0809838772 -0.000784099102 0.0867998451 0.0811832845 0.0620379597 -0.117177099 -0.0939576477 -0.0961827487 0.0668921918 0.00143019855 0.0636698008 -0.0257342905 0.033633858 0.0555696189 -0.0730511248 0.016774863 -0.0606283545 -0.0216307789 0.0381596833 0.0238599032 -0.0409538448 -0.00550118089 0.106118843 -0.102612019 0.114533797 -0.121163324 0.0338813961 -0.0076957196 -0.0267673582 -0.10010998 0.101395413 -0.0747615397 -0.00646701455 0.0635811538 -0.124507651 -0.0970194787 0.0262637734 -0.0970802009 -0.0333870947 -0.00342662632 0.047935605 0.0134990215 -0.0671871156 0.00260670483 -0.0642978251 -0.105564341 0.0353866667 0.11088194 0.104358017 0.00413185358 0.0327309817 -0.098818168 0.00229361653 -0.12494345 -0.10550344 0.0751339048 0.0837115943 -0.104947612 0.0907756537 0.0747582763 -0.0552331805 0.0674161017 0.0496056825 -0.0934424549 -0.101470083 -0.0342201889 -0.0696739107 0.0412502587 -0.104158312 0.0287826657 -0.0927596241 -0.0871798694 -0.0367592871 0.0156680793 0.0339861065 -0.062137574 -0.0398287475 0.11946471 0.0787788928 -0.00389002264 -0.0969997048 -0.0375205874 0.0668902993 -0.107994467 -0.00658676028 0.0824765861 -0.118796155 -0.112054378 -0.0755752623 -0.0117170811 0.108210519 -0.0529375076 -0.0770160407 -0.0453188568 0.0554116815 -0.0131886899 0.0860070884 0.0217058063 -0.0255377889 -0.099252373 -0.00280226767 -0.0894870162 -0.0407976806 -0.0486791879 -0.0214278251 -0.11256671 0.0362394452 0.0803754777 -0.0571537614 -0.056033358 0.0104166865 -0.0995078981 -0.0527779907 -0.124732494 0.113359198 0.117308885 -0.0408351421 0.0908148736 -0.0673785806 -0.029209733 -0.104656681 0.0832548738 0.0494328439 -0.10143429 0.0380921513 0.0258547813 0.111845657 0.0218331665 -0.111656874 0.0523817539 0.00572571158 0.0315259248 0.0333181769 0.037568152 -0.116067335 -0.0874244124 -0.116947517 -0.0990690291 0.0108612478 0.0552612096 0.118149668 0.0506734401 -0.0104490519 0.0860322267 -0.10148266 0.013866201 -0.0197341293 -0.0258332938 -0.0160376579 0.0270726383 0.0405709147 0.018615976 7.09891319e-05 0.089458093 0.0188142657 -0.0309184343 -0.000956431031 -0.0652998686 -0.0700064451 0.110464171 -0.0989552438 -0.0932444781 -0.119646177 -0.00143058598 0.062605679 0.0510617048 -0.0304601938 -0.0616286695 -0.113679558 0.039371863 -0.0941786021 0.107419968 0.105491161 -0.0368473679 -0.118160948 0.0179505199 0.011092335 -0.0277584046 -0.119692177 0.000709995627 -0.0861192048 0.0124157965 0.10591644 0.117295384 0.0752806962 -0.0233061314 -0.00615672767 0.0887516737 -0.083079353 -0.0889247805 -0.0547559559 0.0651820451 -0.0595091581 0.0570257306 0.00198414922 0.0448117107 0.0058054775 -0.0184859484 0.112470433 0.00741916895 -0.0286501795 0.019431904 0.121046782 -0.0397352874 -0.0918715596 0.124023303 0.0265656263 -0.0317136198 -0.0392074734 -0.0101572573 -0.0392390788 0.112940028 -0.0405344218 -0.0737122297 0.0414218456 0.0895477682 -0.0679100454 0.0694155395 -0.0449964404 0.0424050391 -0.101445347 -0.0845158249 -0.0761357993 -0.106019482 0.0503958464 0.0358342677 0.0340275466 0.048548907 0.0915809423 -0.0938647538 0.0294070989 0.119029716 -0.00455543399 -0.0445517004 0.121372521 -0.0558102727 0.0626579225 0.0829622298 -0.0310686231 -0.0888768286 -0.0256957561 0.0383264124 0.0860817134 -0.0296226442 -0.0377854258 0.112348005 0.0808404982 0.0241229683 0.0830080956 -0.00835222006 0.0510833263 -0.0648959875 0.0194164068 0.0621137917 -0.0431654453 0.10817188 -0.0980138183 0.0823498666 -0.120938122 0.0711038411 -0.0767692924 0.0195840746 -0.0432958156 0.0452094376 -0.0404340923 -0.0794510245 0.0429044664 0.0259160697 0.03891249 0.0448489338 0.0888243169 0.0637818426 0.117631689 0.0647432804 0.075802803 -0.119172573 0.0263593644 -0.043287158 -0.0256069601 0.0732975304 -0.105924115 0.0632043779 -0.0729435831 0.0403999686 -0.0901976377 -0.0939615071 0.0793216228 -0.11180903 -0.0754057616 0.0209172815 0.000805422664 0.097728923 -0.109926283 -0.0129990131 0.0140132755 -0.0838302523 -0.047228843 -0.0561244041 -0.0502573401 -0.0924006104 -0.0896801203 0.0494020581 -0.0244975537 -0.0305133313 0.103330225 -0.0733694583 -0.0191119015 0.0884724259 -0.0298116505 -0.000278383493 0.0128169656 0.0256596208 -0.0871166587 0.0832520872 -0.0562637597 -0.0188011229 0.0964576453 -0.0873973072 -0.0932469666 -0.114223123 0.00850765407 0.0671438426 0.0115356445 -0.0224062651 0.0206449777 -0.0832872093 0.0398018956 -0.0833307207 0.0997186005 0.0557347983 -0.0305387974 0.1053413 -0.012323156 0.0463149101 -0.0780690014 -0.0289376378 0.0703033209 -0.109221712 0.0530515909 0.10891287 -0.0582186282 -0.106444538 0.00129598379 -0.0641862154 -0.110013381 0.0262603015 0.00714182854 0.0427573025 0.00994414091 -0.0153774321 0.0335888118 -0.0878828764 -0.110132098 0.034310177 0.0956131518 0.102994457 0.0832252204 -0.0326701254 -0.0631138235 0.0100424737 -0.0122948438 0.0735964924 0.00832958519 -0.0499335974 0.0189010799 -0.0602801442 0.0403117388 0.0407916456 0.0278826058 0.0466868728 -0.0521699786 0.119652659 -0.0155179948 0.06234698 0.093487829 -0.0448511839 0.079901576 -0.0243908912 0.0466774404 -0.0668381602 0.0136421621 0.0464459956 -0.0663814247 -0.0572110116 0.108889863 -0.114925951 -0.0167952627 -0.0811781883 0.107618079 -0.0801003873 0.0524474084 0.0320802331 -0.124321535 0.0874376446 0.100163311 -0.0386250913 -0.0828229934 -0.0704992563 -0.0791969895 0.0777060241 0.00912362337 -0.0332006663 -0.0478514135 -0.0673251599 -0.0470204651 -0.00480219722 -0.0644675642 -0.109409451 0.0690487623 -0.118506238 -0.071886912 0.0332395285 -0.100512996 0.0988602489 -0.119829729 0.0375194252 0.058574006 0.108010992 0.0555285811 -0.119818404 -0.105793893 -0.0761462897 0.0116551071 -0.0629382581 -0.122656867 0.0954255909 -0.0809095204 -0.0145362616 0.0237349719 0.0198337883 0.112106875 -0.0133579373 0.0868423581 -0.0112208873 0.0147697926 0.0799438506 -0.084511593 -0.121764123 -0.0206340253 -0.100924969 -0.0179006755 -0.110109612 0.00252455473 0.0981351286 -0.0668405294 -0.0671106428 -0.0885914117 -0.0731778294 0.0224553794 0.0797750205 -0.0958899856 -0.110829651 -0.102430746 0.0833571702 0.0323595405 0.0366365016 0.0916322768 0.0801597834 0.0276950002 -0.0613958985 -0.108709291 -0.00380408764 0.06545344 -0.0181788057 0.0952898115 0.0212905556 -0.0977850258 0.0591385216 -0.021445781 -0.00640773773 0.02321814 0.123285696 0.0706390887 0.0519120246 -0.0725943893 0.0412890613 0.028209582 0.0989632905 -0.0966530293 -0.0306013227 -0.0685685724 -0.0678467602 0.109629363 0.0330097824 0.0035302043 -0.0507175624 0.0670793951 -0.0471310019 0.0296701491 -0.0909199566 0.0849261731 -0.0113661289 0.0807999372 0.035846591 -0.0320597142 0.0621798784 -0.097085461 0.0362607241 -0.122066483 -0.1105555 0.0186486393 0.0252558887 0.0786976367 -0.0266294479 -0.0981470793 -0.070613429 0.0087428093 0.047023952 -0.0188602358 0.0112195462 0.0983913541 -0.0982258022 -0.00734686852 0.044069618 -0.0319335759 0.0311308652 0.11113508 0.11301437 -0.0876829773 0.0312320739 0.0138100684 -0.0125022531 0.00561347604 0.0125873387 0.0212055594 -0.0198784918 0.0939004421 -0.0702427328 0.0463773012 0.0552555621 0.094479993 -0.0345517844 -0.106715307 -0.0230482966 -0.114319563 0.0137909353 -0.12176919 0.0493948162 0.0259063393 -0.0719019622 -0.0987784714 0.0832574219 0.0959660709 -0.004967466 0.00620400906 -0.0921663344 0.111168951 0.0396549404 -0.0817098469 0.0879839659 0.0290094465 0.0894709677 -0.0285626352 -0.0278297514 0.0626506358 -0.104173675 -0.0559590906 -0.0134532154 0.0511629134 0.0346834064 -0.0565877408 -0.101006344 -0.104117855 0.0592180938 -0.108209282 -0.0213570893 -0.0859837234 0.0418488681 0.010700047 0.0042270273 0.091788739 0.060420692 0.00346946716 -0.0948298573 -0.0145029575 -0.077292189 -0.0576782525 -0.0379148871 0.0185419768 -0.107585877 0.100112617 -0.0937872231 -0.0976184309 -0.00635044277 -0.114603788 0.0409844816 0.078895703 -0.0603309274 0.105743557 0.0130009651 -0.124576896 -0.0728221238 0.120959193 -0.117864609 -0.0970832705 0.114229649 0.116262823 0.0329146534 -0.076934725 0.00772725046 0.0866775215 0.0754156113 -0.040376842 -0.0444546044 -0.0393793285 0.00712363422 -0.0695527792 0.0496363491 0.00720520318 0.116521791 0.114393696 0.0824969709 -0.00368784368 0.0399937332 0.0512262136 0.0453418046 0.0968480557 -0.0636820644 0.0592366606 0.0703793764 -0.0141063333 -0.0733888298 -0.0750420541 -0.0264013559 0.078585729 -0.0168726444 0.073802501 -0.0626907647 0.0980967134 0.0601777583 -0.0159810632 0.0720108449 0.105839416 -0.0480754673 0.0142103583 0.0802434236 0.0904868096 0.0712607652 -0.0632143021 0.0592319369 -0.0399934053 -0.029779017 0.118037432 -0.0172916055 0.0958818346 -0.0442540944 -0.0947264582 -0.0133765042 0.0796410441 0.0504056811 -0.0293796808 0.0153564066 -0.086457029 0.00327505171 0.0143853724 0.0344086885 -0.0649881214 0.104548484 0.0197510719 -0.0393134654 -0.0531490147 0.0621469617 0.0813578069 0.0650940388 0.0531040579 0.0227726102 -0.0169423968 0.0985509753 -0.0921145082 -0.090157941 -0.105758458 -0.0991969407 -0.0288293809 -0.081652984 -0.0107462257 -0.0937404931 0.0526036471 0.0106486976 -0.0178942978 -0.109113097 0.100347459 0.0723646879 0.0847080946 -0.000646591187 -0.044158265 0.074912861 0.0218551308 -0.0640764385 -0.0381638706 0.0649553388 -0.101893276 -0.0849067569 0.0494235754 -0.0173734426 -0.0584127158 0.0970986485 0.116999105 -0.0142055303 0.0290122479 -0.0907646865 -0.095855549 -0.0675659627 0.113869652 0.0737229586 -0.120885819 0.0915658176 0.0230904967 -0.0818928182 0.0165631473 -0.048899442 -0.0859199017 -0.0541690141 0.112077266 -0.0340720117 0.0284627825 -0.071013853 0.105190858 -0.0926211625 -0.10977751 0.0144650191 -0.0472752154 0.100884914 0.0501435846 0.0564841777 0.0508815348 0.0944501609 0.000290095806 0.0528885722 0.0820105821 0.00868719816 -0.0281594545 0.022881642 -0.108128354 0.0482649803 0.0471959412 0.0155166239 -0.110616282 0.0756673515 0.0660618991 0.109517336 -0.015513137 -0.0657186657 0.0559573919 0.0653833598 0.0460267812 -0.0885349214 -0.00740361214 -0.0157050192 -0.0430036783 0.00929501653 -0.101641878 0.0305233449 -0.066375941 -0.0566680133 -0.016553387 0.0920580029 0.0774976015 0.0128815919 -0.0931412429 -0.0379783064 0.116387129 -0.0256556273 -0.10710305 -0.0453488976 -0.00853075087 0.0325731784 -0.088033542 0.0435358286 0.110963911 0.00551393628 0.0968723148 -0.105871782 0.074381724 0.0874110162 0.066776976 -0.0111851692 0.0219375193 -0.0275701731 0.021328643 0.0949018896 0.0276375562 0.121856704 0.118708491 -0.0122267753 -0.0282990932 0.0341289639 -0.108903006 0.0361491293 0.0774064511 0.100450948 -0.00876741111 -0.0685426295 0.117314383 -0.0334305167 -0.0804677755 0.0260433704 -0.114667878 0.0779189318 0.0382594764 0.074173674 0.0255018324 0.0566025376 -0.0992386788 -0.114824682 -0.0981872827 -0.0880810469 0.0164383799 0.00958427787 0.0766561925 -0.0346328765 -0.0617551059 0.0304740667 -0.0321633071 -0.121151522 -0.0724578798 -0.00622792542 0.0120360404 0.00104634464 0.118287057 -0.00170892477 -0.020233199 0.0192274004 0.0608837306 -0.0672535002 0.0896820724 -0.0913665891 0.0769830793 -0.0514239073 0.00826771557 0.0826660991 -0.0177779049 -0.074189201 -0.0390503407 -0.0421918184 -0.00840774179 -0.07606709 -0.0329233855 -0.0339036286 0.115750566 0.109401703 0.0177441686 0.00923614204 0.111391112 0.123860672 -0.0655542314 0.00194206834 0.0853894353 -0.0710753351 0.0659393072 0.0227532238 0.0999592841 -0.0161608458 -0.0489901453 0.0968437195 -0.086603865 0.0987180471 -0.0409159511 0.0877854973 -0.0449041277 0.118204191 0.00712265074 -0.0684712231 0.0818892121 0.0490914136 0.100500196 0.0712224245 -0.0119363219 0.0861081183 -0.016829893 0.124039426 0.0911134928 0.0843236148 -0.0262978226 -0.00735163689 0.0309477746 0.0492389798 -0.059599176 -0.00458098948 0.00413249433 -0.0395622998 0.0106000155 -0.0779722631 0.114446595 -0.0726100355 0.0216746777 -0.0129043758 -0.0693858713 -0.111170217 0.0956886411 -0.0915312022 0.00398384035 -0.0342376083 0.0562261641 0.00136302412 0.0906846523 0.0281832814 -0.000676438212 -0.104600444 -0.124340892 -0.124645725 0.0538631678 -0.111369386 -0.0139424503 -0.106533393 -0.119196087 0.0284858793 0.0171907395 -0.0747582912 0.101196632 -0.0730414093 -0.000934138894 0.117242843 0.0940104574 -0.0741072893 -0.0515013933 0.0411770493 -0.0985983759 0.103651792 -0.116279557 0.0354134291 0.020620212 -0.0169612765 0.112696216 -0.0325388759 -0.112900615 -0.0783765763 0.0468005687 0.0840157121 0.105146378 0.0778209418 -0.00568394363 -0.0275580883 -0.0510208905 -0.0940170139 -0.0690260231 0.0259818137 -0.0702074021 -0.041532293 -0.0270215422 -0.0334618092 0.0448952019 0.0777466148 -0.0454207659 -0.0824366361 0.0482677519 0.0214467347 0.115804598 0.0278931111 -0.00209791958 -0.109791547 0.000785753131 -0.098274529 -0.124226928 -0.109412879 0.0675103515 -0.0877528042 0.0586390793 0.0204775035 0.055960536 0.0697394162 -0.0577134937 -0.0229651034 -0.00233575702 -0.0314028859 0.100892618 0.0295377076 0.031423077 -0.0612048507 0.0985179991 -0.0359039903 0.0346374363 -0.112351134 0.118584394 0.0831213295 -0.0126904249 0.0140215456 -0.0555958897 0.00462324917 0.0489694476 0.051586464 0.0274137557 -0.0590880066 -0.0867030323 -0.0705680102 0.00317081809 0.0445375592 -0.08231996 -0.0167688876 -0.0563355833 0.0632330179 0.0909537822 0.0370606184 -0.0101960599 -0.0505622476 0.0710642785 0.101179287 -0.0282471627 0.0553548485 -0.10738042 -0.0879911631 0.0177114159 0.0143502206 0.102943942 -0.0212394297 0.0139295757 0.0340715349 -0.113757715 -0.0606993735 -0.0154603869 -0.0985814333 0.0398234278 -0.0733532012 -0.103117332 0.00261893868 0.104983255 -0.0692269355 -0.0286166966 -0.00286757946 0.0105977654 0.107775494 0.0540108234 -0.0542509556 -0.02201204 0.0146174729 0.00903120637 0.00123861432 0.0211724043 -0.115957081 -0.0951038301 -0.122150555 0.0877377838 -0.0543080121 -0.064690277 0.089459151 -0.0944321901 -0.0168173015 0.117777824 -0.0894768089 -0.0950222909 -0.122793362 0.103273556 0.0468748361 -0.0753662437 -0.122974291 0.033144325 0.122536883 -0.119217113 0.110340774 0.060071826 0.0274292976 -0.0904123336 0.0128538013 0.0234245807 0.0191807151 0.111024484 0.0219481438 0.0505513251 0.0954993069 0.085396558 0.102576092 -0.0452346653 -0.0294446647 0.0989560783 0.104360282 0.0409930348 -0.0815045685 0.0375787765 0.0636416823 -0.0112808049 -0.0694181919 -0.0994104594 -0.0927361995 -0.0878503919 -0.0797323883 0.0845689923 0.0913787782 -0.0235259086 -0.0664373785 0.122888997 -0.101568013 -0.070814684 0.0381413698 0.012963593 -0.0944492817 0.0286135972 0.0842777789 -0.099857986 0.00285302103 -0.0563431531 -0.000104516745 0.0744425356 -0.00062353909 0.0343999416 0.105043724 0.0485800952 -0.026914224 -0.0777858049 0.124290764 0.0315277725 0.0840160251 0.0891322494 0.0631066114 0.0441836268 0.014792189 -0.116613433 0.0135561973 -0.111309171 0.116715595 0.058695212 -0.0428959429 0.0710720122 -0.00589062274 0.112977594 -0.0691641122 0.00686956942 0.0527636707 -0.0430861712 -0.0487857908 -0.0416062176 -0.0592632592 -0.0350174755 0.0888594389 -0.121426716 -0.0939785391 -0.01003775 -0.0459774733 -0.0662632585 -0.0358082801 -0.0682018697 -0.00804826617 -0.0072683841 -0.123915195 -0.00251117349 0.0730357617 -0.112813771 0.000723019242 0.0889265239 -0.0423217863 0.0938701034 -0.0658932328 -0.0634044409 0.00483442843 0.0489756316 0.072497353 -0.0197627246 0.00239592791 0.105120078 -0.0498646647 0.0122101903 0.0380553454 0.0660019517 -0.0898754299 -0.0105149746 0.0827343613 0.0312723368 -0.0620302707 -0.0280212313 0.0110784769 0.00928068161 0.118933007 0.0458087325 0.0220497698 -0.0960484892 0.0939161777 -0.00370119512 0.0723093599 0.0967478454 0.0943147689 0.0348574221 -0.015301168 -0.0516577959 -0.0461242497 -0.123125553 -0.119154721 0.0754253715 0.0612289011 0.0191030502 -0.0269453973 -0.0464595258 0.0235909671 -0.0230154246 -0.117713228 -0.0190324634 -0.0975592732 -0.0900434703 -0.0831892788 0.04465276 -0.124650583 -0.0138092786 -0.12073718 0.0275977701 0.0651876628 0.0455669761 -0.0168095827 -0.0368698537 0.0416619331 0.0428623557 0.113898113 0.0584952831 -0.0785475522 -0.0216505975 -0.0013140887 0.103992835 -0.1159648 -0.0807752162 -0.0677096695 0.0742860734 -0.101720944 0.0164871961 0.0859396905 0.0488301963 -0.0593738854 -0.0927562267 -0.0347287655 0.0212330371 0.0287300646 -0.0167621076 -0.077188164 0.0134664029 -0.0395552963 0.0502423495 -0.0913122296 0.100675225 -0.0850736797 -0.114978731 0.0576573014 -0.018864125 0.100945801 0.0287201703 -0.113261566 -0.00516888499 -0.0246143043 -0.0268369019 -0.0791991949 0.0796635598 -0.0792419016 0.119501024 -0.0574672371 0.0248231143 0.0451236218 -0.0142630339 -0.0167411417 0.00658380985 -0.0390952528 0.0226548165 -0.0970565081 0.0235172361 0.0403228253 -0.110063732 -0.10076724 0.0617769659 -0.0646506399 -0.0875669271 0.0744546503 0.0767035335 0.0749808252 -0.104043648 -0.00112242997 0.0438560694 0.110119164 0.106141806 0.105823889 0.0652085543 0.0858495831 0.0332798213 0.108023137 -0.0431988984 0.0205084831 -0.0553296357 -0.0851936638 -0.026057139 0.0832019895 0.00478984416 -0.0456426293 -0.0933789909 0.0754133314 0.0995827764 0.0738390088 -0.0614756644 0.103691652 0.0803453922 -0.118001685 0.124748111 0.0470965505 0.119233504 0.118556276 -0.00351034105 -0.0739786178 0.00367967784 0.0944715738 -0.0722784847 -0.115257517 -0.0362985134 -0.00195983052 -0.0211718231 -0.0133203715 0.0749339461 0.05171372 0.113431647 0.0581502914 0.0660738647 -0.00116872787 -0.057718426 -0.0647133738 0.0458119959 -0.0782177597 0.118055627 -0.124598831 0.0135117769 -0.0557707995 0.0371676385 0.0233775824 -0.0155199766 0.10254024 -0.0220665634 -0.116872519 0.00130589306 0.0928625464 -0.0959691256 0.104241833 -0.0724252462 -0.0589116216 0.116648108 -0.0855827034 0.0529026836 0.0444430411 -0.052350536 -0.102726832 0.00208081305 -0.0471884161 0.0220007896 0.0555203557 -0.105558679 0.0755963773 0.111752018 0.0292814821 0.0975124389 0.106255606 -0.00577552617 0.00887522101 -0.0529398024 0.103540361 0.108158424 -0.0461513549 0.043407023 -0.0147438943 -0.0063072294 0.0630578399 -0.0515239835 0.0696863085 -0.018775776 0.0327344835 -0.00733524561 -0.00149732828 -0.0972929448 0.0227758288 -0.0822604597 0.105935216 0.0998798907 0.0977882743 0.0475457013 0.0390077084 -0.0527365655 0.038778767 -0.0124955028 -0.00916916132 -0.109550878 0.0327187777 -0.0292138904 0.119797811 -0.00097386539 -0.01878649 0.0905266255 0.0834195018 -0.0726871192 0.0157375932 0.0980264246 -0.0860537142 0.0535372198 -0.0265868753 -0.0597962439 0.0148577392 -0.0221736431 0.0196140558 -0.111797795 0.00120215118 0.0474935323 0.0886268169 0.100298762 -0.0629882962 0.066654563 0.0675162524 0.0669054538 -0.0269738883 0.0842735469 0.0390864015 0.0283524692 -0.0584308505 0.099577859 -0.0975795835 0.0247028917 0.0622361749 0.0337152928 -0.119479835 0.117807806 0.122713596 -0.0553855598 0.121567443 0.116051495 -0.064152196 0.0175855309 -0.0366923362 -0.0496810079 -0.0836914033 -0.0650653392 -0.119961008 0.102957517 0.00903253257 -0.0273043662 -0.0195744634 0.00882203877 0.073301971 -0.0490963012 0.121710435 -0.0289301127 -0.0479217768 0.058142364 0.112010062 -0.049918443 0.0541133881 0.110304624 0.0847443044 0.0335099101 -0.0248577744 0.0397946537 -0.044024989 -0.0627974421 0.0776963085 0.0728617013 -0.107576832 0.121966079 0.0971097946 -0.017497614 -0.0858701468 0.0766328424 -0.0498016775 0.0928303897 0.0923750997 0.0134512782 0.0241392255 -0.0298698395 0.0011395961 -0.0598521382 -0.0685796291 -0.10276708 0.111444861 -0.0281355828 -0.116151646 -0.0164711028 0.0253667831 -0.124561206 0.0197362453 0.123503998 0.121618792 -0.0645118803 0.0185439438 -0.0636306554 0.101185054 0.0881585032 -0.00693777204 0.00431387126 -0.0615020543 -0.0767343342 -0.120161414 0.0808985829 -0.0768018961 0.0834754407 0.0444081873 0.0652170032 -0.115080208 0.0821689814 -0.0797354132 -0.0585977882 -0.0434969515 -0.0229784548 -0.0423623919 -0.100022405 -0.0419667959 -0.00941178203 -0.0983074456 0.00292550027 0.0784882307 0.0938710272 0.00967934728 0.00805436075 -0.116545156 0.122904956 -0.0633252859 0.0542744696 -0.0131115466 0.0732746124 -0.0636926442 0.0316429436 -0.0736541897 0.0399463028 0.0219015181 -0.0967945307 0.116887853 -0.0459400117 -0.0963335931 -0.0584693849 -0.0893883556 0.123543963 0.112459913 0.113819733 0.119418129 0.0792468041 -0.0753955394 -0.0660226047 0.0577562004 -0.0684733093 0.117189631 -0.0931025892 -0.0999383628 0.0112148523 0.0569412708 -0.0901544094 -0.0874205232 0.0448359996 0.100328386 0.0557304621 0.0426923037 -0.0173057318 -0.028540194 -0.0247315764 0.0102785528 0.105788171 -0.0273737609 -0.0969826579 0.109068617 0.0355013609 0.0947095305 0.055127129 -0.109375969 -0.0635505617 0.0145369619 -0.108439535 -0.0269663334 0.0148300529 -0.0156456381 0.0377284437 0.114551127 0.105622143 0.0493992716 -0.104227021 -0.111879632 0.032326445 0.0215739012 0.078745842 -0.00561000407 -0.0684768707 0.0402288139 -0.0524809211 0.0104118884 0.04334943 0.064431712 -0.0631016195 -0.0371491909 -0.0590717047 0.0970677733 -0.101495355 0.0445897281 -0.0273959488 -0.0254175216 -0.124320745 -0.0245190561 -0.0122238845 -0.00463436544 0.0382546484 -0.0653613359 0.0662224144 -0.117115587 0.0745226294 0.0413672179 0.0736242384 -0.035363391 -0.124557719 -0.0174968988 -0.0607563257 0.0892562121 -0.111720234 -0.00191383064 0.0167105198 -0.100238159 -0.0841145217 0.0783210248 0.124288514 -0.025365591 -0.118724182 -0.111099958 -0.0761094242 0.106054842 0.115587249 -0.0727953911 -0.0404867679 -0.00446355343 0.106502756 0.0687157512 0.0430022776 0.0478278846 -0.116270438 -0.00218322873 -0.0320864916 0.0197297484 0.0584183335 -0.106081039 0.0929035246 0.0210932046 -0.0283706933 0.09381935 0.0809783638 -0.0732490718 -0.0816136301 0.0736339241 -0.104368329 0.0461154431 0.0389615297 0.100687474 -0.101747602 0.0869472027 -0.00197160244 0.00115093589 0.0320845097 -0.00255720317 -0.0820364356 0.0848213732 -0.0884416103 0.0855569839 -0.0197121948 0.0594990551 -0.00423356891 0.0010573715 0.101855487 0.0201333314 0.0787195712 0.00820723176 0.0143173486 -0.0425607115 0.085570842 0.054962635 -0.106159374 -0.0101455599 0.0399545729 0.120566607 0.106009349 -0.115702704 -0.0556890965 0.112986282 -0.0425251275 -0.0888815671 0.114330739 -0.0831959248 -0.0423239768 -0.0338429362 -0.0184503794 -0.0438124686 -0.0511290431 -0.0204354674 -0.0956695378 -0.112029746 0.120740369 -0.0410614908 -0.0517237484 -0.104424357 -0.00666221976 -0.0543250889 0.0697569698 0.085863784 0.00282739103 -0.0118796676 0.0579341352
tensor gate_encoder.0.bias 1 32
0.0407266468 -0.0179134309 -0.0458669364 0.0880722255 -0.0168220997 0.0590130538 -0.0978560746 0.0821375847 -0.0921054929 0.0387644768 0.0979387611 0.0899855196 0.113724008 0.0225695223 -0.0101338476 0.0857083946 -0.0158550441 -0.0663346499 0.0653890222 -0.108726382 -0.0409955382 0.124169454 -0.105778515 -0.0187207609 -0.0185903609 0.106514469 -0.120796144 0.0489792675 -0.0635407269 0.11846447 -0.10047771 0.106942907
tensor objective_value_embedding.weight 2 32
-1.60574055 -0.278617978 1.39305365 0.389721096 -0.647206604 -0.499154627 0.191840634 0.0554472357 0.577988505 2.02533126 -0.562594593 -1.12807739 -0.0450723767 -0.828591049 0.187207401 0.169992864 0.602447629 -1.41108716 -1.04830348 -1.69459438 -0.746423304 1.51252842 -0.807264626 1.23249078 0.748966277 -0.383973658 0.558136582 -0.156554446 -0.36394605 0.879994154 -0.0405883417 0.352378726 -0.417983115 0.201347172 1.0320667 0.627838254 -1.38140833 -1.35945082 0.261447966 -0.374470443 -1.87006986 0.169971988 0.172491774 1.78390467 1.70284545 0.0629480779 1.3119278 0.799155354 -0.0331113376 -1.73133445 -0.577850759 0.807832599 -0.613282204 -0.13441129 1.37516272 0.30227527 -0.58036232 -0.482475251 -0.113685809 1.31435013 0.0932745859 -1.36149561 0.383320242 0.169574812
tensor backtrace_actor.0.weight 32 32
-0.140043542 -0.128429025 0.0339235812 0.00129595399 -0.146374077 0.136244908 -0.0904408544 0.0509765297 0.154575035 -0.121534206 -0.0229717195 0.158717677 -0.02094841 0.173908964 -0.107260607 -0.0772375539 -0.0699824393 -0.155367941 0.0902752727 -0.0983967707 -0.0271098614 -0.0352224857 -0.114874244 -0.0871650726 -0.000251188874 -0.165982127 -0.173478663 -0.119076602 0.10674037 -0.0312666595 -0.0456853509 0.0613968521 -0.0253417641 0.0052883327 -0.103286706 0.0966695398 0.17344065 0.166301027 -0.0686351061 0.00583441556 0.0660157949 0.146881655 -0.11546725 -0.0754908398 0.0394395292 0.163611934 0.0709266514 -0.117609113 0.0538264811 0.0833844692 0.0457658768 -0.1307749 0.0232487768 0.139676765 -0.167347118 0.0721562654 -0.0343109518 -0.108530849 -0.0487901419 -0.0444459766 -0.0606446788 0.0630608946 -0.00239445269 0.151902363 0.122631595 -0.141227722 0.141039327 0.0691705495 0.0760859698 -0.0186520517 0.0374177545 -0.103954062 -0.137683094 -0.00845681131 -0.00645925105 0.145680562 0.0443590134 0.0326615721 0.116832599 0.0308350176 0.104315117 0.0046518296 -0.0682058632 0.0185796618 0.124418631 -0.148852736 0.0627398193 -0.108917378 -0.0924821347 0.168636546 -0.0517372787 0.154758766 0.00575871766 -0.0442452133 0.0766652375 0.112137988 -0.0210677087 0.0222741812 -0.117600068 0.129088268 0.150822237 0.0600016713 0.0605187267 -0.0173989832 -0.16758284 0.11898528 -0.0343516171 0.102412686 0.0312159359 0.142856464 -0.0582893044 -0.00920623541 -0.142992243 -0.11343573 -0.12877804 0.157919869 0.0714866966 -0.0328868628 -0.0724888295 0.135064229 0.0137750208 -0.130091384 0.172360972 -0.119353041 -0.134038612 -0.0518093929 -0.103196032 0.110612288 -0.116351962 0.0693053454 0.0673091412 0.00232471526 0.0178940594 -0.157211572 -0.0774132833 0.0783401281 -0.162884563 -0.157366619 0.0521337539 -0.100712508 0.0142387152 -0.0125355273 0.167670354 0.0461843908 0.137069687 0.141804978 0.100270554 0.0447240174 0.176064029 -0.0687084645 0.142331645 -0.0559541732 -0.143610656 0.168378398 0.129303977 -0.0260668844 -0.00973166525 -0.101162568 0.0231420696 -0.0564522073 0.171325669 -0.122955821 0.0335749835 0.116146937 -0.119813122 -0.0504408479 0.00268393755 0.0861134976 -0.0208872408 -0.0893507674 -0.156462461 0.0486721843 0.135312364 0.0677254945 -0.150701702 -0.14915888 -0.0278443992 0.0471955389 -0.117893562 -0.174136639 0.0484712422 0.1279708 -0.1618613 -0.046647653 0.138997689 -0.0930570811 -0.174897179 0.0252165645 0.0205586404 -0.166644171 -0.14519009 0.16393806 -0.0119607747 -0.00645411015 0.11576952 0.0534884334 0.04023543 -0.0667409897 -0.123515934 0.0666807443 -0.0589951798 -0.0837669224 -0.0291910321 -0.12896955 -0.116576031 -0.021521613 0.010169059 0.0917923898 0.0469961166 -0.106017359 -0.0625479221 -0.125787988 0.082391873 0.135819301 0.0784214586 0.121126518 0.170925036 -0.00438611209 0.173678353 0.125759318 0.175583377 0.173891172 -0.143891007 -0.0519243479 -0.138815075 -0.120653719 -0.073313117 -0.0555604398 -0.0805830061 0.130983904 -0.0862334445 -0.152752951 0.0540065467 0.00244385004 -0.087810345 0.138292983 -0.0805404112 -0.0633544028 0.00249999762 0.162985936 -0.0428874791 0.0121481568 -0.136999398 -0.0641092733 -0.0419103205 -0.143874034 -0.0335867554 0.0775660425 0.136683777 -0.15940237 0.103922531 -0.167842239 -0.0328388363 0.00827947259 0.169728085 -0.0730530918 0.0587909818 0.100605205 0.14036949 0.0131205618 0.0745793432 0.0391997993 0.00624829531 0.0703447163 -0.176675335 -0.142023116 -0.138237759 0.00739401579 0.117081001 -0.155410305 0.114541844 0.145820364 -0.0833693519 -0.00883476436 0.0275678933 0.105302855 -0.117646433 0.0223384053 0.134093121 0.123264238 -0.157704294 0.085505113 0.0501574427 0.0746017247 -0.047283262 -0.00137750804 0.151244923 -0.104983225 -0.153958857 0.00804123282 0.0491368622 0.135996565 0.111111894 0.0930342227 0.0438609421 0.0628290027 -0.0669564456 0.112456277 -0.0376496762 -0.159645498 0.0115010291 0.170242295 0.121636972 0.0347852409 0.0337872952 0.172036543 0.169843093 0.0771303326 0.0711625963 -0.0991462469 0.0901446491 0.11955528 0.0495625287 -0.101583242 -0.095307745 0.0343196988 0.104664519 0.0192645043 -0.0983633474 0.0683973581 0.0756761879 -0.146935433 0.101523414 -0.106280841 0.00824254751 -0.0964195728 0.126432195 -0.0232586116 -0.10038846 -0.102920197 -0.00554549694 0.0819018334 -0.05459591 -0.0701982528 -0.0934403837 0.033650279 0.0953509957 0.0817227811 -0.0377902091 -0.0571357608 0.15848653 -0.10598392 -0.0672852919 0.12251474 -0.0536271259 0.0105926394 0.120903298 -0.171178162 0.0194911212 0.0671494901 0.150085077 0.0100837201 0.079602465 -0.14376463 -0.145118788 0.00804741681 -0.00820879638 0.0544697046 -0.0697882473 0.157121941 -0.0424166918 -0.111610539 -0.0952856392 -0.0110073686 -0.161633268 -0.175543457 -0.166995943 -0.0114102066 -0.170837268 0.128217772 -0.093214497 -0.00167265534 -0.0506025106 -0.0348599702 -0.0973566473 -0.131223828 0.134751722 0.125403985 0.0502530783 0.0250023603 0.0960382074 0.0851829201 -0.0139480531 -0.100401461 -0.0506455898 0.118757799 0.0683574528 0.0215035081 -0.00469653308 0.0590562522 0.104746476 -0.0563085079 -0.123975962 -0.174200907 0.0532206148 0.135124996 0.123904869 -0.0851354301 0.105032906 -0.0916535854 0.136290357 0.175520703 -0.143275827 -0.154006243 -0.00998111069 -0.0990086794 0.0695365071 0.0890883654 -0.171434879 0.0995096117 0.0474328995 0.109984681 0.0851594955 0.13063468 0.0431402773 0.0938562304 -0.104842685 0.159441695 0.0897413939 -0.0889881998 0.155722305 -0.147632256 -0.133854508 0.120977566 0.154984519 -0.172593594 0.0568085909 -0.0234239548 -0.0483520925 -0.121075019 0.140818462 -0.175884724 -0.038691625 0.0491941869 0.147109076 -0.0792158842 -0.162240833 -0.170828506 0.0974805504 -0.168248191 -0.00434519351 0.0581560284 -0.0883762687 -0.0401254445 0.0409469306 0.0510627776 -0.137847126 0.135077253 0.0861435682 -0.138697922 0.0794926733 0.104885474 0.137073085 -0.145373628 0.0465649813 -0.0127443075 0.0937391371 -0.00437621772 0.088684544 0.15710704 0.0305058956 0.0302913636 0.0210896283 0.0240123272 0.08490704 -0.142186329 -0.0256957263 -0.107144259 -0.169801101 0.00470769405 -0.0526376441 -0.127443194 0.170629069 0.136569962 0.116948143 -0.0120062083 -0.0737323463 0.0975254923 0.0463127494 -0.175404534 0.145341769 -0.0154979378 -0.0447265059 0.115855053 -0.106738701 0.0538266301 0.0625657141 -0.110134095 0.175663248 -0.0290532112 0.175474241 -0.000181734562 0.0538253039 0.137693211 -0.130103126 0.17405872 0.0811544806 0.0382958949 -0.105616651 0.139895365 0.068249017 -0.150468737 0.109585986 0.16948311 0.120277092 -0.131713212 -0.0858720914 0.167380884 -0.0392953008 -0.112133332 -0.0699630305 -0.133520067 0.0500587523 0.0898775309 -0.0947082266 -0.144138306 0.0661252886 0.11042051 -0.00706012547 0.159783378 0.150628254 0.110984609 -0.107175723 0.0217499286 0.128125712 0.134988323 -0.0303238779 -0.0530295447 0.173608646 -0.0886477605 0.155489668 0.161732599 0.0388751179 -0.0204803944 -0.0343096554 0.0402936339 0.094118014 0.130089149 0.0439225137 -0.0732784271 0.0163901299 0.0176123828 0.15461804 -0.0247352868 0.134777173 -0.109677941 0.0872542709 0.0136038065 0.0936394483 0.113563284 -0.116512939 -0.145134762 -0.172635898 0.161651447 0.162960038 -0.0993334204 0.0681296438 -0.0791761652 0.0115132332 -0.159869149 0.13594307 0.154275045 -0.125116184 -0.0171752125 0.0664907545 -0.0281287581 0.138217852 -0.016217038 0.0427220315 -0.0435539186 -0.127749965 -0.0542137623 -0.0183530599 -0.0458432734 0.09357737 0.0971757621 -0.0534179062 0.141569301 0.0159793943 -0.0167649388 -0.114346124 0.162040845 0.00395910442 0.0385441184 0.113892481 0.0141986609 0.0853592306 0.0223513842 -0.01185368 0.13612856 0.122017875 0.0667920113 -0.00613632798 -0.0301528275 -0.0190026611 0.0157151222 -0.0701669753 0.14248319 -0.0474300534 0.107828721 -0.0613950193 -0.00694143772 0.0516305566 -0.0132881999 -0.114136554 0.128353074 -0.0233325213 0.0507511199 0.135946855 0.100970134 0.0385293663 -0.0378331542 0.135175303 0.15131937 0.122905448 -0.113417462 0.0436961502 0.10391362 -0.0565172806 0.0642069578 0.0979207605 -0.175566465 -0.115313016 -0.0812643468 -0.00496964157 0.104525104 0.09733437 0.0847122222 0.0253051221 -0.157016948 -0.0564670414 -0.163325563 -0.161436021 0.116023853 -0.0063046217 0.0335865021 0.142350808 0.0485793799 0.00967502594 0.0324516147 -0.14198184 0.158590928 -0.154780805 0.140249506 0.0515230447 -0.15873757 0.0723727942 -0.163546473 0.0443917811 -0.0268241465 0.153112397 -0.060763739 0.00268822908 -0.0932779089 0.0974278897 0.10313569 0.147508934 0.00505699217 -0.016266197 -0.100652151 0.0788812488 -0.157152146 -0.123687148 -0.174756959 0.144821241 0.0642179102 0.0588612556 0.145934924 0.0142364651 -0.168795004 -0.0241210014 0.0121549815 -0.0345695764 -0.112901121 -0.029423058 0.00681190193 -0.0304696858 -0.019427672 -0.142745331 0.00267396867 -0.00270268321 -0.108646631 -0.0662406832 -0.0523771718 -0.0429227352 -0.14674826 0.0846180767 -0.121166497 0.0366629064 -0.0981134325 0.00525461137 0.0674069524 -0.0770782381 -0.150962979 -0.0631981045 -0.111029573 0.00119142234 0.0479496866 -0.0520013496 -0.070273906 0.114779636 0.0860421509 0.153241739 0.0414617509 0.0429746062 -0.142011493 0.10895358 -0.119250581 -0.106348172 0.169426247 0.107608184 0.155685231 -0.141546056 -0.0480785966 0.108107492 0.0143969357 0.143945143 0.10967882 -0.0500043035 -0.065022327 0.0807280988 -0.0358588696 0.074346289 0.081059888 -0.0137994885 -0.0585765541 -0.0154679567 -0.125645638 -0.0488282442 0.166279539 0.0362060815 -0.00607888401 -0.142700195 0.00976635516 -0.0549807921 0.0948495418 -0.128848433 0.0456455201 0.111891016 0.16540955 0.157384261 -0.0925668031 0.151424244 0.0851835459 0.141275451 0.139001831 -0.104668662 0.00708174706 -0.0410160869 -0.154966518 0.108026907 -0.000128865242 -0.130640939 0.124756023 -0.0538435429 0.130311444 0.0233396739 0.131441429 -0.0154394209 -0.0625561029 -0.16968441 0.0920621306 -0.106163003 -0.0871669501 -0.16923061 -0.120519161 0.16592218 -0.156933308 -0.170914471 -0.0851991773 -0.0092509985 -0.165860593 -0.0633332655 0.0871626586 0.120893255 -0.167600587 -0.115684375 0.137219712 0.100466713 -0.0885878876 -0.102704704 -0.148998275 0.113620147 -0.11462006 0.09677957 -0.0801383331 0.175984725 0.0531693846 0.0350511968 -0.0779294148 0.164373443 -0.0561541617 0.089777872 0.17619057 0.0719650239 0.0326204747 -0.0474547744 0.0159532279 -0.0719579905 0.0155310482 0.0420628935 -0.133158237 -0.0935645252 -0.152773097 -0.0523404405 -0.0997751355 0.150116041 0.0962911099 0.158748075 -0.148335367 -0.0756944343 0.154357061 -0.156686127 -0.0667714775 0.0625136644 0.152327284 0.00158695877 -0.0455611646 0.0123711079 0.166174725 0.113166407 -0.107953712 0.0270866901 0.0751838833 0.157089844 0.104191974 0.0553758442 -0.08737351 -0.0350577533 -0.167007476 0.0163713694 -0.0491159409 -0.0333729237 0.101099417 0.163050607 0.153440163 0.0176615268 -0.141810045 -0.0972094685 -0.0761074498 -0.103213623 -0.162432492 -0.0268533379 0.160826579 0.155762985 -0.0688248947 -0.0989525765 -0.0732740462 -0.148079067 -0.134140566 -0.09599448 0.157927409 0.125202551 0.104157999 0.130628899 0.167353615 -0.0397725403 -0.0669724569 0.170550779 -0.0968972221 -0.165957302 0.0353016555 -0.110718884 0.0748997182 0.0217654109 -0.0376680344 0.099580273 -0.0970167145 -0.172643438 -0.00887994468 -0.0424831659 0.0717740357 -0.120396242 -0.0686407164 -0.14718233 0.0324095339 0.133971974 0.0259012133 0.127444431 -0.173267961 -0.129638627 -0.112053908 -0.0819290653 -0.0385044813 0.0481034815 0.0730854422 0.129184291 -0.0567401722 0.0320357531 0.148158059 -0.0457374603 0.0227987468 -0.142891854 0.0201184005 -0.0849243179 -0.0432503372 -0.110560857 -0.0757758394 0.154966131 0.0567484498 0.0314479619 0.145975009 -0.062060453 -0.091738157 0.120434955 -0.018103227 -0.0457737744 0.0128708035 -0.00603172183 0.0141433179 -0.0323231518 0.0771696121 -0.138678253 -0.111628436 -0.0994954109 -0.0218030065 0.0574063659 0.0930574089 -0.135876626 -0.0660801232 -0.136809528 0.103741094 -0.0722714961 0.0644675493 0.144290224 0.172926381 -0.0608485639 -0.0117150098 0.0753140897 -0.11687763 0.118470743 -0.0530609637 -0.0137656182 0.120046303 0.134663358 -0.0124104172 0.149381354 0.0122956932 0.140337154 0.0790111572 -0.0187013298 -0.0418775082 0.125046566 -0.0997113511 0.115688726 -0.0114512593 0.173774555 0.022295624 0.0376384407 -0.107296519 -0.111797042 -0.0464635342 -0.165667474 0.0849400908 -0.00552748144 -0.119748004 0.0481016487 0.100278184 -0.149976209 0.0906257182 -0.0556659102 -0.00339785218 -0.028961122 -0.161259189 0.152020946 -0.0300484747 0.132777408 0.0492036194 -0.165588111 0.0764763504 -0.114794105 -0.133626133 -0.0290754437 0.145302638 0.106223658 -0.162339985 0.0966725498 -0.162360936 -0.0176526308 0.0815166682 0.115316555 0.0574703068 -0.120973259 0.12472479 0.150326923 0.151041016 -0.0417850763 -0.158126041 -0.0839614123 -0.066497758 0.0317284465 0.0658899397 -0.0563741475 0.0812938958 0.0324714035 0.148143396 -0.0567197949 -0.0343589783 0.149087921 0.0540257245 0.0443445295 -0.0834473893 -0.0314830393 0.0118961632 0.174049631 0.122623786 0.0224474967 0.115341023 -0.151161075 -0.0019518584 0.0567974746 0.118849084 0.107953534 -0.0796827003 -0.119573854 -0.112952285 -0.00312544405 0.00735372305 0.0859068781 -0.139077619 0.119756505 0.0122458339 0.0477093011 0.00534807146
tensor backtrace_actor.0.bias 1 32
0.0515839309 -0.147531316 0.0057861656 -0.0362009853 -0.0147585571 0.117766634 -0.173095033 -0.16984196 0.149706081 -0.130383492 -0.162263528 0.0884841532 0.0591104925 0.145361409 0.00443762541 0.139728561 -0.144879788 -0.0961069688 -0.0822877586 0.0296663642 0.0343751013 0.0963385254 -0.152106106 0.0740419179 0.0349235982 -0.0512874275 -0.0346797705 0.0907627493 -0.0287087709 -0.0219373554 0.0337432921 0.136141226
tensor backtrace_actor.2.weight 2 32
0.000766053796 0.108485892 0.0573476106 0.0419782251 -0.0822968408 -0.14144057 -0.071728684 0.00662222505 0.122376963 -0.106448986 -0.11535605 -0.157664418 -0.0467257649 0.15690513 -0.0416369736 0.0629869699 -0.146188512 -0.130088121 -0.0148212165 -0.0926061049 0.174488589 0.0214253217 0.0243415982 -0.0951208621 0.167676911 0.0670554936 -0.0746024698 0.0182690769 -0.122290492 0.150159553 0.115038827 0.0356078297 0.133601889 0.138980493 0.020465672 -0.0831743628 -0.0480023772 0.116559967 0.037570104 0.0698074847 -0.090293929 0.0820865184 0.0548553616 -0.0778277144 -0.00757712126 -0.0182577223 -0.126304179 -0.168790892 -0.00721594691 0.147703335 0.0929692835 -0.0519085601 -0.124835849 -0.110434607 0.102998093 0.0935290307 0.0296734422 0.0090868175 0.069142133 -0.104735419 0.130110845 -0.131074712 0.0488138497 0.111418352
tensor backtrace_actor.2.bias 1 2
0.0239682943 0.078619495
end
