SMARTATPG_ACTOR_V2
embedding_dim 64
hidden_dim 32
tensor gate_encoder.0.weight 32 64
0.0811279044 -0.111196019 0.0214399118 0.12510775 0.0317283385 -0.0213012155 0.113747887 -0.0583961755 0.0804571584 0.0627505779 -0.0683409721 0.0497121103 -0.0855898857 0.00256623281 -0.0472613685 -0.121891782 -0.0314389281 0.0195844676 -0.0452342294 -0.0975039154 0.120091043 -0.0670606792 0.120139271 -0.0490956567 0.0643069893 0.0220627952 -0.120328382 -0.00864696223 0.0835662484 0.0281816665 2.16704029e-05 0.0130179944 0.119628444 0.036936935 0.0734612346 0.00316236867 -0.0815547407 0.0808468759 -0.0373203158 -0.107908301 0.101274192 0.004010431 -0.0295450427 -0.00984129589 -0.115917817 -0.000305146299 0.100518458 0.0360568091 -0.0755787119 0.11885684 0.0634020045 -0.0826758966 0.0290172305 -0.0719315633 0.0317856073 -0.00304163038 -0.0740361586 0.0544957258 -0.112494484 -0.100024514 0.0718047991 -0.0942740962 -0.0672865361 0.0730521008 -0.0557213724 -0.00577713596 0.0665730089 -0.123914823 -0.0358352698 -0.00950331334 -0.111244254 -0.0932434872 0.0615364388 -0.0599848442 0.0232624747 0.073110953 -0.0651496872 0.00353724323 0.0413817428 -0.108392701 0.0268550105 0.0459400862 0.112507842 0.0323227867 0.00437714579 -0.0785135031 0.033920899 0.0556292534 0.10109771 0.0442989394 -0.0192483608 -0.097683914 0.0398595631 -0.126790717 -0.0729812756 -0.0825720206 0.0783394575 -0.0603987016 -0.0853371918 -0.00874051452 0.120266542 -0.0708356351 -0.0352173522 -0.0828869492 0.00623072963 -0.0758604705 0.0730564371 -0.0898186043 0.105155066 -0.102309592 0.0339753889 0.0318010375 0.0303571317 -0.113533787 0.0906225294 0.0779584721 0.0144025683 0.0693614632 0.0503282994 -0.0259268042 -0.0879533291 -0.11179477 -0.0365696773 -0.0759498104 0.0195018463 0.103555538 0.110809729 -0.0644551665 -0.106213138 -0.0784460232 0.118674159 -0.0042428188 -0.0248178132 0.10133706 0.10704051 -0.0593090616 0.00028450563 0.105801746 0.12001878 0.0632029921 -0.113890812 0.00543866865 0.0480323397 0.108858749 -0.0371665545 0.0787668377 -0.0151823824 0.044194106 -0.0539448187 -0.114635393 -0.112523511 -0.0167151019 -0.0118078254 -0.0936957076 -0.067005232 0.0943675041 0.122307703 0.0614483133 0.0409017093 -0.121547505 0.0806362107 -0.0595837496 -0.00765369926 0.109801009 -0.109711133 -0.106700562 -0.0926623419 0.0564398915 0.121477336 -0.055151213 -0.0577748939 -0.103562772 0.0912443548 -0.0369816497 0.0344367661 -0.082980305 -0.00205025729 0.0746089071 0.0326184705 0.00762921153 0.0543574058 0.0796579793 -0.103602543 -0.0258032773 -0.0895483494 -0.109720826 -0.0508848615 0.114230104 0.102296196 -0.0298949033 -0.0344628803 -0.11758589 -0.0339933671 0.0723706856 0.0518661439 0.0409730934 0.0840170979 -0.102143578 0.00107643148 -0.119171947 0.0119660608 -0.0127375238 -0.107342437 0.0218112562 0.105325945 0.0920505822 0.106560439 0.108440079 -0.112285011 0.030056892 0.122611247 -0.0246615633 -0.0472312085 0.111864142 -0.0464895666 -0.118665889 0.0751447082 -0.0878876075 0.0624006353 -0.000814472849 -0.0204603709 -0.0481020883 -0.0215216 0.122330539 0.0418255925 0.0419282354 -0.00179797632 0.057350494 0.0523716658 -0.0207166318 -0.0292163845 0.116990514 0.121053278 0.00656715641 -0.0323667265 0.0599033423 -0.0350094885 0.0448064096 -0.0160346888 -0.0181629378 -0.0672567785 0.109426826 0.125269875 -0.0191920474 0.0658292025 0.0758657232 -0.0786768347 -0.0578282215 0.0729849339 -0.0811759084 0.0456938446 -0.0267404318 -0.106431507 0.00115978392 -0.0196481943 0.0866232961 0.11840257 -0.0495740548 0.0924529582 -0.0700544938 0.0288000461 0.0696702898 0.0879544765 -0.102299884 0.111955196 0.0183158889 -0.0772080123 0.0239613988 -0.125635445 0.092187874 -0.0631081015 0.0270717442 0.0526832454 0.099703379 -0.11864724 -0.0162459165 0.0552346483 -0.0614507496 -0.108717762 0.0119805951 0.075656198 0.0260156319 -0.0220747236 -0.108836614 0.041324269 0.0572752841 0.0300261863 0.0492645502 -0.0745309889 0.119181484 0.0514366962 0.073162809 0.118414462 0.0987017751 -0.0190694258 0.0311163682 -0.0726913139 -0.0288757086 0.0919955 -0.0451207161 0.0828222558 -0.0314305574 0.00962280203 -0.00627189036 0.114906356 0.00358726666 0.105911776 -0.0957504064 -0.11056459 0.12558569 -0.0359612592 -0.0112463534 -0.077149801 0.120067663 0.124730073 0.0368467905 -0.0856923833 -0.0194127057 -0.0502506867 0.065961495 -0.0489936136 -0.119614363 -0.0823733285 0.0424431898 -0.00612664595 -0.098086752 -0.00314542837 -0.0310749132 0.104345664 0.0962491706 0.0933825076 -0.103909865 0.107056715 0.119071126 0.126762718 -0.000690823596 0.0468963608 0.0404751413 -0.00618491508 0.0680947974 0.056689471 -0.1021626 0.0792363882 -0.0795085877 -0.0247980263 -0.0773278847 -0.10474734 -0.111733936 -0.0223613139 0.0202277396 -0.0899586082 -0.113784 -0.0364727564 -0.0878245458 0.11621777 -0.120804131 -0.115282774 -0.0647337064 0.0126359891 -0.0593110211 0.0744290054 0.123252757 -0.0047262325 0.0857246295 0.00756626157 0.00242384803 0.0872866362 0.0401421823 -0.0160843078 0.00976672117 0.0810732692 0.0758125857 -0.074309893 0.0544435941 -0.00266209641 -0.0557088368 0.0273837801 0.0905029699 0.00639547966 0.0736213923 0.0511862487 -0.101390921 -0.115084857 -0.0214897096 0.0874330401 0.00995800644 0.111319222 -0.0963256136 -0.030398909 0.0927831829 0.11660324 0.000491425279 -0.0939392969 0.0994798541 0.0305263381 -0.00795389432 0.043973662 0.0307899918 -0.0293900333 0.110561937 -0.0205707122 -0.0346814506 -0.0388184041 0.0834057033 0.0948786736 0.116269484 0.0454152226 -0.053727299 -0.0456309319 -0.0935394987 0.0948565304 -0.00585445296 0.0713697001 -0.0812719539 0.0308628213 0.0224609766 0.0397017784 0.0769828185 -0.0488912314 -0.039394971 0.0160142779 0.0827604681 -0.0866629332 0.0751670673 -0.0320556536 0.0247644037 0.114104211 0.0206670705 -0.0396174081 -0.105096735 -0.0167317651 0.102048263 -0.0226718932 0.0632838458 0.0763222128 -0.00306842709 -0.0591546781 0.124920376 -0.068983689 0.0325566679 0.0897792727 -0.0132990088 0.0568213724 -0.100071535 -0.0962028131 -0.0828487501 -0.0340194367 0.119216539 -0.0690533519 -0.102210782 0.0495793559 -0.00150544045 0.119123153 0.0124322372 0.053815823 0.024086155 -0.0131470906 0.0748227537 0.027010303 -0.0675453246 -0.0660081059 -0.0333985053 -0.112795413 -0.0764356852 -0.0243096538 -0.0977818593 -0.0458515547 -0.0771538317 0.0399101153 -0.10832078 -0.0348155648 -0.0589862131 0.105310954 -0.0994920507 -0.0681706518 -0.0688180923 0.114439346 -0.0683731809 -0.11418435 -0.0530520454 0.077723138 -0.107094102 0.0704106316 -0.0673421323 0.00830684416 -0.0630986169 0.114426538 -0.116015069 -0.0621726587 0.0818432644 -0.0198765937 0.0832989886 0.0409720205 -0.11032287 0.118902847 -0.0890676007 -0.0755681694 -0.0558630787 0.0143873366 -0.0100405151 0.00802087598 -0.118604146 0.0528615415 0.0372777469 0.108066902 -0.0658155084 0.113910384 -0.0480050072 -0.118235402 -0.0661338046 -0.0386691019 -0.0598591343 0.0216610879 -0.0328481607 -0.117244825 0.0194519963 -0.0910810232 -0.119826242 0.0603155904 0.0812530965 0.0301487464 0.125913873 -0.0977164209 0.00821056776 0.0303053949 0.0550060123 0.109741136 0.0863284618 -0.0947219655 0.0581794679 -0.0198684614 -0.124307171 -0.0136263473 -0.000911864277 0.100433707 -0.0885028169 0.105500214 -0.116856635 0.109606668 0.12063431 -0.00383448089 -0.016297454 -0.115676522 -0.0638593435 0.0709020644 0.0287916604 0.0610380881 -0.0144545129 0.00857201498 0.00813955255 0.0136038996 -0.078333728 0.117534727 0.0589430034 0.00549858809 -0.112428956 0.0329359919 -0.0835780054 -0.036784675 -0.10095045 0.0649067312 0.00347049651 -0.0791122243 0.00134416774 -0.0563674308 -0.0835457742 0.112301543 0.0673342273 -0.0602818578 -0.0626535565 -0.0103398236 0.0350049585 -0.0745191872 0.041612871 0.0500858575 0.0991665125 -0.113852188 0.0700685307 -0.115195051 -0.0123179527 -0.0111976098 -0.10090676 0.0752632394 0.122107752 -0.114820801 0.0132650398 0.0716966093 -0.0204330459 -0.106982186 0.119982667 0.00281311525 0.00169394724 0.0666663572 0.0554292202 0.0544203334 0.117895372 -0.0129839759 0.00549372984 0.0646104962 0.0406647176 0.121086553 -0.0223322902 -0.050096143 0.113713749 -0.0815074444 -0.0141655942 0.0655485764 -0.0116881756 -0.0706418902 0.119552128 -0.0439161658 -0.101266071 -0.116112106 0.115003869 -0.0180039909 0.0992384329 -0.109901659 0.035125751 -0.0908698291 0.0957668871 -0.0877277926 0.0518595316 -0.00169684167 -0.119752467 -0.0736868083 0.0700155646 -0.0877928659 -0.00936319493 0.109095261 0.126452461 -0.0293043628 -0.0974822268 0.011248095 0.103906102 -0.118806362 -0.0101875849 -0.103350982 0.113468051 -0.0719167441 0.0811143816 -0.125816181 -0.0295085702 -0.0925746858 0.0759195685 -0.088226743 -0.0532143749 0.0615654923 0.023346154 0.0820518807 -0.0897434503 -0.0520531088 -0.00670239003 0.107081637 0.0331537835 -0.0449058041 0.0265208222 -0.0583932288 0.0559595674 -0.0719895065 -0.0612225421 -0.0266650897 0.00495105702 0.0612387396 -0.0104134912 -0.0804211348 -0.117755383 -0.0600295365 0.0707965791 0.110045739 0.0220998619 -0.0732103884 0.0409283452 -0.0103733428 -0.0855388418 -0.0575708561 -0.0195472874 -0.0448161736 0.0205300637 0.0224927422 0.00226654252 -0.11074958 0.0622988679 0.0787442029 0.106172197 -0.108454533 -0.0986064449 -0.100217603 -0.0805136263 0.00341218733 0.10312023 -0.125704527 0.0160502624 -0.0588626675 -0.0677874237 -0.0537793934 -0.0676588938 0.0263294969 -0.0683150217 0.0112309055 0.0115775028 0.111882322 -0.0102571305 -0.0286858454 0.10651239 -0.0168236624 -0.110456698 -0.0589182675 0.070030503 -0.0479073338 -0.12093316 -0.088305831 -0.104120322 -0.0828587636 -0.0767986029 -0.0255849957 0.115422748 0.0776331723 -0.00367361889 0.0171398483 -0.028368976 -0.100956716 -0.101149552 0.123426601 -0.042100545 -0.0608400479 -0.0133961942 -0.0313483663 -0.0886051208 -0.0998830274 -0.0723071024 0.0186389238 0.109279796 0.0886482 -0.0457748733 -0.00564129837 -0.0145394811 0.0953245237 0.0424825847 0.0239051487 0.0249275118 -0.113078646 0.0463346876 -0.0178690106 -0.0632987544 -0.0854564533 -0.0516305156 0.0324322246 -0.108775124 0.0437409393 0.0345683284 -0.0041020452 0.0918859467 -0.112128608 -0.0940576345 0.0247289985 0.0196840651 0.121198013 -0.102562435 -0.079790242 0.106079303 -0.0230771322 0.0434749797 -0.00101875397 0.100755841 -0.0894390866 0.0854158849 0.0951299742 -0.104307815 0.0136282127 -0.0989189669 0.0672675371 -0.0174852721 0.0254582372 -0.0855575651 -0.0395805202 -0.0273325145 0.117481068 0.0719605908 -0.064902544 0.0440476239 0.0765350834 0.0720981583 -0.0570805743 -0.100904509 0.018596543 0.110216573 -0.116957009 -0.0174784083 0.118987098 -0.0117792878 0.0903320089 -0.0631344914 0.0181406941 -0.116306715 -0.101931646 -0.0837540254 -0.0806314498 -0.119373873 -0.0302495379 -0.0559204072 -0.030308865 0.0311995167 -0.0924074575 -0.0841663405 -0.00469424855 -0.0284708757 0.05736918 -0.116839521 0.003444809 -0.0921707824 -0.056212306 -0.0174674802 0.00878735166 0.00533652725 -0.0991798639 -0.0280115828 -0.117300898 0.00495644007 -0.0203494951 0.124513485 -0.0784853026 0.0625082999 0.000828763761 -0.0494868048 -0.0380193144 0.07616961 0.050001625 0.0337425135 0.030155018 -0.0755565017 -0.0264346506 0.0317071527 0.0456513502 -0.0695395321 0.0568787642 -0.0988064185 -0.0776510388 0.0523143001 0.000168819548 -0.0833007172 0.122978993 -0.101288594 0.0127029624 0.0894884393 -0.0236202553 0.0363549627 -0.0142136253 0.0632657707 -0.119423933 0.0898932666 -0.0238303747 0.0791047588 -0.117862448 0.0762349218 -0.0600384027 0.0440783985 -0.0771300346 -0.0462477021 0.0305908564 0.112225622 0.00450174045 -0.0386978015 -0.101193354 -0.0719882622 -0.0188863128 -0.101797983 0.0858982578 -0.113391608 0.00962440111 0.0388393551 -0.00370494882 0.0931036621 -0.0197020434 -0.0197817534 -0.121780492 0.0492620915 0.0979657322 -0.00324532832 0.0198080316 0.122998625 -0.0586043596 0.0596881472 -0.0341542363 0.0876032561 0.0015200706 -0.112685688 -0.0611394197 -0.0634824634 -0.093865402 0.0753660575 -0.0594673567 -0.096979931 -0.0903101191 -0.0118093677 -0.0592661537 -0.0374301895 -0.000283706788 -0.00313523714 -0.0664182082 -0.120261438 0.0509803407 -0.103411466 -0.0248034019 -0.0979980156 0.0112446221 -0.00776420347 0.0085085379 0.0530354418 -0.0399417989 -0.0505965017 -0.0850378275 -0.0111708995 0.108189374 -0.125349507 -0.0294308644 0.0151678873 -0.0176166147 -0.0568456128 0.00475580664 -0.0638208315 0.0199630521 -0.0922126099 0.072958447 -0.0879507065 0.121287905 0.0572436936 0.034987051 0.0502575785 0.0571202226 -0.0910644829 -0.0873780549 -0.0873665065 0.0738620013 0.105686329 -0.034328606 0.0761326998 -0.0776858032 0.0309448671 0.087078765 -0.10898447 0.0476000123 -0.103379019 0.0137019241 -0.0131930513 -0.0883595496 -0.0073776911 0.112288214 0.0872575343 0.0193737 -0.0730157048 0.0715560392 0.00680144783 -0.0659453943 0.0491633937 0.0597875901 0.06322027 0.0154216848 0.0330831073 -0.0372414552 0.00536611443 -0.0442429595 0.096046634 -0.0737188756 0.0375679433 -0.0521231182 -0.0545853712 -0.0693171099 0.115075231 0.0834240541 0.0821412951 -0.116132922 0.125598222 0.121782012 -0.0874029994 -0.102597021 -0.0392847881 0.0404674858 0.0380905494 -0.0885091275 -0.0746375471 0.0510902032 -0.100800455 0.0010000153 0.106255695 -0.0950652659 -0.0964864865 0.0860687867 -0.0721537396 0.0749272779 -0.0990870073 -0.0882883668 0.0626336262 -0.00787633192 -0.12480022 0.00828285702 -0.0481645688 -0.000278662832 0.00341983861 0.0303849429 0.114385098 0.0848709345 -0.00220976071 0.0437065251 0.0612476841 0.104559951 -0.0762867108 0.0538566485 0.0448853485 0.0838205367 -0.0869563371 -0.118996687 0.0333848372 0.0940381885 -0.0809282362 -0.0819557235 0.104202904 0.0434445031 0.0501114726 -0.0105950814 0.00061009312 -0.118309744 -0.0578425825 0.00883873645 0.0188922081 0.0965499431 0.0026872661 -0.0721696839 0.0211500768 0.104904354 -0.0752454847 -0.0259586722 -0.0528666936 -0.0583877452 -0.0760979205 -0.122971363 -0.0168204922 0.0629821867 -0.0593206212 0.0700505823 -0.112756662 0.088878423 -0.0958718807 0.111859284 -0.0146059766 0.0288259648 0.00624876888 0.120492779 -0.0346005298 -0.101592116 0.0883616805 -0.0554240756 -0.123123214 0.0790073127 -0.0162499994 -0.123285137 0.0923391581 -0.102827542 0.0614130534 0.116012789 -0.0768985227 0.0962115452 -0.102137543 0.115610011 0.049704954 -0.048936639 0.0571618229 -0.0537637882 -0.0322779156 0.000363478641 -0.108540371 -0.116044618 -0.0543168895 -0.0941755399 -0.0281588025 0.0868282467 -0.0735094994 0.037286751 -0.101069599 0.0577461012 -0.0697987676 0.123058841 -0.106375352 -0.114323139 0.0261120182 0.109390296 0.0485473275 -0.0560070202 0.121536046 0.0753057823 0.0410756506 -0.0806285068 -0.115346462 -0.00616704207 0.0672511458 -0.0610072203 -0.0630508363 0.0244032685 -0.100384906 -0.0113948183 -0.039327722 -0.0988707691 0.120312072 -0.117287494 0.0791129619 0.0995687172 0.087900877 -0.0510797277 0.0655157194 0.110927634 -0.0187798217 -0.0257897079 0.113764755 0.102333203 0.0281765293 -0.0680400878 -0.0451400355 0.0970879421 0.0879488662 -0.10596858 0.0878652036 0.0706486702 -0.0788301528 0.0322114863 0.0793775991 -0.0526810437 0.0844194144 -0.0742423683 0.0942873061 -0.0429460406 -0.121305846 -0.0957702249 0.0921034068 -0.0484058596 -0.0849279612 -0.00133653532 -0.0907161981 0.0975183323 0.0334308743 0.0996185914 0.0602895878 -0.0445522703 -0.031744346 0.101001598 -0.0849017948 -0.0607330389 -0.0902389809 0.00919441413 0.109618768 0.0731391683 0.0488299578 0.112212762 0.0581972077 0.0951712802 -0.0462779254 0.00464699231 -0.0825776532 -0.0223854668 0.117454596 -0.114915431 0.0236735158 -0.120186031 0.120978735 0.0260929428 -0.0344482437 0.0511967689 0.0952387899 0.0277603157 0.0591910742 -0.107051648 -0.0925974399 -0.0144405663 0.0246057305 0.0630285963 -0.100897923 0.0736998841 0.101100706 -0.116419792 -0.101879209 0.0704999566 0.066722706 0.0859266743 0.05904321 0.0506039746 0.0394319557 -0.0910751671 0.110952154 0.0975486413 -0.0888414904 0.0605419986 0.0844617188 -0.0266955383 -0.111882694 0.0296822432 -0.0902953818 0.0981875807 0.050863307 -0.0363495573 0.110379577 0.0161596723 0.0130413854 0.0698378757 -0.015363778 -0.037961375 0.10704539 0.0378715657 0.0454497784 -0.0863482282 -0.121438161 -0.119131133 -0.0596237741 0.120870143 0.0054240115 0.101773217 -0.104365394 0.0498790517 0.0589856245 -0.122777678 0.0373736285 0.0174095687 -0.0845790505 0.0355450623 -0.0692085698 0.0233638119 -0.0596882664 -0.00288307224 -1.04331393e-05 -0.061920248 0.104958199 -0.0235430766 0.00535385171 -0.0531309359 0.03888046 -0.0116842762 -0.0724084377 0.0301561374 0.0441985838 0.0296173394 -0.0334804505 -0.0215170868 -0.0389238298 -0.0702769756 0.0414541438 -0.0776631162 0.104633316 -0.0371954814 0.0340273716 -0.0163113233 -0.102952011 -0.00348664308 -0.0423252508 0.0550307669 -0.0193848033 0.0867406726 -0.0281894654 0.06691508 -0.025987301 -0.0414166898 -0.0570980273 -0.0652499571 0.0640967637 0.0015215493 -0.0601441674 0.0064429394 -0.115744889 0.0385156237 -0.103832737 -0.100156568 -0.0378666334 0.110861115 -0.0715276748 -0.0852177814 -0.0763909519 0.121719941 0.116371542 0.112764739 0.11024458 0.00858650077 -0.0643365458 -0.0501621105 0.0755428821 -0.123692788 -0.0314008258 -0.0954976082 0.0419915579 0.0286175925 0.0861702636 0.0908044204 0.0456601866 0.0653052405 0.0415907055 -0.080800049 0.0146012977 -0.111820139 0.0947779864 0.0856447443 -0.110660769 -0.0789875835 -0.0760990381 -0.00437435415 -0.0665288866 -0.0978059992 0.0151562123 0.0238060262 0.0613454655 -0.0127445776 -0.0666708052 -0.116474457 0.0499486253 -0.0312020853 0.0165807586 -0.035494417 -0.0557842888 -0.0682465062 0.0315466933 -0.0326846279 -0.116850443 0.000211236373 0.105807565 -0.0531033538 -0.0495157391 0.00952703692 0.0718938708 0.0870447457 0.0666395053 0.0489749312 0.0540535301 -0.108782165 0.0566572286 -0.0753796324 -0.108869448 0.0864341334 0.0426640548 -0.071143195 0.0396509208 -0.00506686652 0.0504515134 -0.00683959899 -0.0548108853 -0.0922482088 -0.00083673466 0.031543117 0.0792810842 -0.085020043 -0.0423170254 0.0124243619 0.0161578972 -0.10507983 0.00720691774 -0.0218221471 0.0834193528 0.0215301998 0.0210068971 0.0830890387 -0.0376547053 0.0134894513 0.113381736 -0.0424441621 -0.0173632409 -0.0811775923 -0.0722353086 0.0559498183 -0.0289709885 0.105805561 -0.114310607 0.0751808137 -0.0495637916 -0.0918196514 0.119717136 -0.101187922 0.0106134778 0.103566326 -0.036011111 -0.0704755932 -0.0022391018 0.00434245588 -0.0610706732 0.0755893216 -0.0692574084 -0.0337484106 -0.0623537377 -0.104042277 0.100029215 0.0358669013 0.00295428978 -0.0347421505 0.0359931067 -0.0187061857 0.0723813325 -0.0266781338 -0.119747363 0.0721954107 0.0853616744 0.0538569987 0.0376593098 0.068408072 0.0336295813 0.00486289104 -0.00739462674 0.0508735627 0.0694737434 0.0891497284 0.0546182618 -0.00150768575 -0.0838113353 0.0220409539 -0.109052248 -0.0211094264 0.10656175 -0.0266571473 0.0325631499 -0.0525284894 -0.0537808836 0.0731043443 -0.115689963 0.0263172612 -0.115102626 -0.116455294 -0.0680343211 0.0970915556 0.0424720719 0.0928508714 -0.040210057 -0.0983040333 -0.0611612238 0.087788634 -0.0748499408 -0.0250713397 0.0877446085 0.0795858055 0.0101688327 0.121662773 -0.0753676817 0.0671715364 0.0882034898 0.053291589 0.0357653126 0.112273447 -0.0958071351 -0.101709537 0.102676421 0.0414833091 -0.0282771811 -0.122129552 -0.0668654591 0.0927674994 -0.0172667522 0.0649823695 0.116913512 -0.104498692 -0.0888237953 0.0108706672 0.0761235878 -0.122168481 0.0606772192 0.104004286 -0.074468255 0.0223883484 0.0181108955 -0.0626841709 -0.0851092041 -0.115412146 0.0672732368 -0.0698894933 0.0349801667 -0.10304372 0.0523936003 0.019479569 -0.00730572175 0.048113551 -0.0439336635 0.114191756 -0.0692258775 -0.0824111998 -0.0933478326 -0.10365916 -0.127052367 -0.105169132 -0.0852558762 0.0752531514 0.0900785029 0.111898035 0.0746750906 0.024314031 0.0998234823 -0.0628428385 0.0987654999 -0.023116447 0.031187715 0.107085876 0.0647573322 -0.0643588528 0.0697806925 0.106647283 0.0735070258 0.0770859122 -0.0187447835 0.110460617 0.118371755 -0.0504175574 -0.0787496418 -0.0262159221 0.0600636154 -0.122188628 0.0188657567 -0.0768978596 0.0270232093 -0.0609846674 -0.0165263005 0.0305290036 0.0577464215 -0.0970479697 0.0799472928 0.0848581493 0.0993233547 0.0524421744 -0.040652778 0.0972818956 -0.0681004375 0.0817987472 -0.108492151 -0.0845792145 0.0458901227 -0.0796073601 0.116358973 0.113113031 -0.105090842 0.0862269849 -0.00727952691 0.0594577342 -0.0739831999 -0.0272573903 -0.0236591659 -0.0488566794 -0.122327618 -0.041059278 -0.0443525016 -0.0492219664 0.00519329496 -0.0750699043 -0.0619013682 -0.0137924794 -0.101772271 -0.0466039591 -0.114573888 -0.0670049936 -0.111936286 -0.0980428979 -0.0914781913 0.104591146 -0.0881577283 -0.0426226258 0.109511852 -0.0371454619 -0.0134664048 0.0485216901 0.0717989132 0.097620815 -0.0851429775 -0.0980999023 -0.0275440589 -0.0989062563 0.0449432544 0.108167991 -0.108562641 0.00488108117 -0.045303449 -0.119615145 0.0751983374 0.0523115173 -0.0797285587 0.0841095671 -0.0691398978 0.0166968964 0.0804917961 -0.0285834912 0.0769563094 0.120662533 -0.0639009029 0.0137901101 0.0217380449 0.0923915356 0.0430129133 0.0398714021 -0.0637583137 0.00266935863 -0.0432647727 0.0392563492 0.0031059871 -0.0181502867 -0.0770907626 -0.094176203 -0.0480314754 -0.0741018578 -0.0191933978 0.1175294 0.118858054 0.0240018573 -0.0540577546 0.118164197 0.0841786861 0.0485157222 -0.0508872531 -0.0793753862 0.0699376762 -0.113546804 -0.0607609972 -0.105124995 -0.0192753375 -0.0143818129 -0.0184928682 -0.120877683 0.0472065546 -0.0225396175 -0.044992622 0.00581916049 -0.00663789082 -0.0322560556 -0.0723005086 -0.099071376 -0.0908391327 -0.0239423849 0.0906674713 0.055127956 0.017760871 -0.118462056 0.0710863322 -0.0633732304 -0.00844282191 -0.100242957 -0.00874880888 -0.0923994109 0.0827493295 -0.118156299 0.0724978596 -0.0848581865 0.0917200297 -0.0180006921 0.124005571 -0.069386512 -0.0940207466 -0.104781143 -0.116253644 -0.0286686905 0.069562301 0.018049445 0.0176291093 -0.0677773431 -0.0990712047 0.114801191 -0.0350900032 -0.0824314281 0.0115625039 -0.102528773 -0.0981448069 -0.0993957072 -0.096629113 0.115507223 -0.0650808662 0.0027038299 0.0390394852 -0.0529873334 0.00928482693 0.116414659 0.0416495651 -0.00817156211 -0.0971649662 -0.0240275152 0.0116664488 -0.0361433439 -0.0159830749 0.0348160639 0.0223230701 -0.0583548881 -0.10490416 0.0242989399 -0.0924463421 0.0990681872 0.109870441 0.0394151434 0.0708878711 -0.0891092494 0.0868545249 0.00293169171 -0.0657960773 -0.122548237 0.0210852977 0.0676137805 -0.0802810565 -0.0227315407 0.0963721424 -0.0227372125 -0.104485214 -0.0876347497 -0.0893871039 -0.0666197985 -0.0257197637 -0.11788521 0.0274487995 0.0954542533 0.0210517477 -0.00800726376 -0.100866087 0.0995583534 0.120270677 -0.117023975 0.0647638664 -0.0353921019 0.0663913414 0.069346033 0.0356089175 -0.109044693 0.00195045175 0.0423459187 0.0852490589 -0.0729939938 0.0394120477 0.0852911472 -0.0888335481 0.0558800995 0.126360953 -0.126759797 -0.0317130983 -0.0175467245 0.109641835 -0.0168065615 -0.0451791659 0.0918377712 -0.0667901337 -0.0077508823 -0.0741859972 0.10187833 0.0722402856 -0.0595850609 -0.0933885276 -0.0408681966 0.123657815 -0.101649113 -0.0320666395 0.0472621024 -0.0129159549 0.00971719995 -0.0411213152 0.00287193828 -0.0292655099 -0.0114826411 0.0896269083 0.0577335916 0.0784383938 0.109280735 -0.0940494761 0.0209062621 -0.00458848756 0.0128158955 -0.0964557603 -0.121553302 -0.0600335151 0.0638203919 -0.0343199447 0.0175351575 0.120623529 0.0658782348 0.0130785024 0.0901580676 0.0804307014 0.0478455015 -0.0568774231 0.116044976 -0.0998990163 0.0561584085 0.0396351106 -0.124028116 0.0974547789 -0.029878499 -0.0438501313 0.00506019499 -0.0716675073 0.0468607172 0.0213102065 0.102562726 -0.100792237 0.062940456 -0.0265900418 0.114771754 0.0957256854 -0.00437611388 0.040939223 0.0201543663 0.0439466313 -0.0437286012 0.103436485 -0.0317532159 -0.00943597127 0.106881775 0.11128892 0.0356451385 -0.11429438 0.085747771 0.107480712 0.111260243 -0.057775259 0.0231801905 0.0331620723 0.0154586146 -0.00122523506 -0.0405766368 -0.0863031968 0.0305319261 -0.116638109 0.0403125249 -0.0168689284 -0.0805240571 0.0176793803 -0.0947771966 0.0389116406 0.0858899951 0.0765775293 0.0955129266 0.0825295597 0.0784093812 -0.0810162872 0.0174236987 -0.0220292713 0.0340847857 -0.0465461016 0.111012645 -0.122935891 -0.0454528853 -0.0564870797 0.0499515198 0.0742568523 0.0971797183 -0.0808463693 -0.0381198116 -0.100634858 0.0563501306 -0.0498429798 -0.0417024009 -0.0673440173 0.0363328233 0.0301827993 0.0105122281 0.00190328446 -0.00627371576 0.105790392 -0.0827334002 0.0720287189 -0.0347826928 0.0971924961 -0.0849907026 0.0538890362 0.0780903846 -0.0555436425 -0.0681000873 0.0209567994 -0.0682162046 -0.121172503 0.052640114 -0.0430612899 -0.056616582 0.0729534924 -0.110059455 -0.114889033 0.0150635876 -0.078164801 0.00972693972 -0.0412909798 0.0337896757 -0.0960232541 0.0382470153 0.00843068399 -0.0740116835 0.0413299091 0.0705484152 -0.0759338886 0.070310168 -0.0870547369 0.0906319171 0.11170838 -0.0999086797 -0.0130329626 0.0731457621 -0.112628713 -0.00569729693 -0.126887575 0.0936989114 0.051627297 0.0220112167 0.0257214904 -0.036357794 0.0737658069 -0.031827081 0.0975318477 -0.0279565211 0.0145516479 -0.111437514 -0.0238884278 0.0920576081 0.06843777 0.0142724402 0.0709537789 -0.0515944362 -0.0269178487 -0.113954037 0.113611728 -0.11531695 -0.0145371761 0.102229081 -0.0301773883 -0.0354316272 0.105760999 0.0791801959 0.0107835112 -0.0556654297 0.0479720235 -0.0104138674 -0.105195239 -0.084780246 -0.0890123099 0.00415608054 0.1146193 0.0325488225 -0.0956991538 -0.057728298 -0.0395344757 0.0648157522 -0.0700065494 0.102975354 -0.0803806186 0.0176803041 0.0510845371 0.109438173 -0.0130273206 -0.108042583 -0.114624314 -0.110505067 0.0675996691 0.0514487959 -0.0792983174 -0.113860071 -0.1121291 -0.0995628163 -0.108871885 -0.0607363209 -0.000489923987 0.0446091741 -0.0362703726 0.0449100956 0.0957505554 0.0371177383 0.020780148 0.1172278 0.0834431723 -0.0770352185 -0.0154708037 0.0980163813 0.0672227591 0.0590844713 -0.110109113 0.0120569617 0.0905260891 0.0612688996 0.0718076378 -0.0719286352 -0.0169147719 -0.0848260298 0.0762505531 0.0812753439 0.0112635847 -0.010942691 0.0541523956 0.0473808832 0.0418145731 0.0184881594 0.0735099688 0.0206124261 0.0278404448 -0.0337447189 0.0636891201 0.0713646263 -0.0199842323 -0.113275051 0.113553911 0.00263899798 -0.0589097552 0.0998333022 0.0637125373 -0.0691237375 0.122322656 0.110168986 0.125138983 -0.108612858 0.0882235244 -0.0129894316 -0.0104410062 0.00599839073 0.0521341525 -0.0744156614 0.0156404525 -0.02264411 0.0227653589 0.0339906216 0.0643153489 0.0733717531 0.082382001 0.0932935625 0.112230152 -0.0306345392 0.0313549712 0.0993722603 -0.0976910219 0.0162209366 -0.0114602502 -0.00813428778 0.104492389 -0.0393181406 -0.0400210172 0.0168276653 0.0090069389 0.120940983 0.0267744772 -0.0305719413 -0.0497119203 -0.0793932974 0.111948155 0.0375581644 -0.0655093044 -0.000867769297 -0.0978286043 -0.0468569137 -0.0292002223 -0.093823351 0.117185302 0.102977835 -0.0365699753 0.040009629 -0.0134228896 0.0183685906 0.109136716 -0.106203429 -0.0261696875 -0.029125277 -0.0840767026 0.0211080872 -0.0524882153 -0.126398101 0.0863423869 0.0769380555 -0.0282111745
tensor gate_encoder.0.bias 1 32
-0.0312265921 0.0718251467 0.0923125595 -0.0337172635 0.00560891302 -0.00284762611 0.0559857413 -0.0659002215 0.0541830547 -0.0756519064 -0.0670275912 0.0861707404 0.0344733223 -0.0407227539 -0.120266162 -0.00976220891 -0.118748978 0.0904719234 0.0287417937 0.0858470201 -0.12038818 -0.0296430085 -0.0760722384 0.0751026198 -0.0239212122 -0.0420132205 -0.0798086002 -0.0214399192 0.110439442 -0.0291993096 0.0447488576 -0.0875150189
tensor objective_value_embedding.weight 2 32
-0.0126102576 0.605465412 0.484490544 -0.19678776 0.681224287 1.60349 -1.82267272 1.38166249 0.176731586 -0.105074443 -1.39995241 0.404566377 1.04688394 0.686558187 -0.340190291 0.285647541 -0.193224922 -0.205103368 0.870852172 0.410663664 1.22572541 -0.91418308 0.164251074 -0.888138354 -0.870480299 0.191110268 -1.52206862 -1.12890172 -0.352763712 0.0159975495 1.9994247 1.55732226 0.271395296 0.645194411 2.0582118 0.393522918 -0.230477169 -1.67615962 -0.80837065 -0.549817324 -2.26433229 -0.347928196 -1.60891485 -1.61859953 -0.222562641 0.0143243112 2.44983244 -1.521034 -0.477981001 -0.285133749 0.672472119 -0.348002851 0.555188954 1.0932833 -0.965065598 -0.955719411 0.653471053 -1.07895935 1.18629503 -1.38448584 -1.14462495 -1.86412644 -0.595181286 0.150273234
tensor backtrace_actor.0.weight 32 32
-0.0849178359 -0.176741928 0.0155252265 0.00756316213 0.14902547 0.144652933 -0.0800478533 0.176870376 -0.0193938613 -0.136555642 -0.118385136 0.125401005 0.0984382331 -0.0624232218 0.0372596048 -0.036981672 0.0728698447 0.0617991909 -0.011222505 -0.15558061 -0.126612127 -0.0278606694 -0.123986095 -0.127425537 -0.124839991 0.154919475 0.018529661 0.0588572621 -0.0279522855 0.0567534417 0.0837174878 0.046350427 -0.0383452773 -0.116574571 -0.0209146328 -0.0340768099 -0.0189505294 -0.128690019 0.0348309539 0.090140976 0.00602951692 0.0113253742 0.147448793 -0.0182137731 0.169291049 0.123721726 -0.115440905 -0.0477829911 0.0318076536 0.133246958 -0.00113980658 -0.0760788172 -0.148146778 0.0719593838 0.00434115669 0.0634759516 0.0738037601 -0.122143127 -0.153993458 -0.0442137308 -0.0793514103 -0.121183231 -0.158508629 -0.171830535 -0.128838569 -0.161873311 -0.0904983282 0.0412384421 -0.0282260869 0.078228496 -0.0384235755 0.178144336 -0.0146015035 0.0286782179 -0.127976209 -0.11415609 -0.00487049855 -0.118783779 0.137666821 -0.0903377682 -0.0380674191 -0.0882341638 -0.146295533 -0.145191327 -0.0971758664 -0.067793183 0.105739422 -0.0819658414 0.167072028 0.116530731 -0.0380326323 0.0906598419 -0.0363272764 0.0322762057 0.113969825 0.125106588 0.0238864701 -0.118455514 0.065222539 0.118285157 -0.0894638225 -0.089045234 -0.176841527 0.113368228 0.0620964579 0.00164351938 -0.145604119 -0.0366957039 0.153517976 0.131248385 -0.00254366244 0.0461066179 -0.0329694115 -0.112353384 0.0482066683 -0.117567323 0.066805467 0.13198933 0.173287466 -0.0507096313 -0.00596721657 0.0986128822 0.138816595 0.0771634728 0.133232892 -0.162031785 0.0913170949 0.115733966 -0.00646543643 -0.00764860166 -0.0452099964 -0.094519943 0.132212743 0.12143112 0.170779347 0.00635456294 -0.117790736 0.16603519 -0.169802308 -0.0769490823 0.0715786442 0.111734457 -0.126038387 0.0602414086 -0.0419591144 -0.0568795316 0.00571553921 -0.0969197378 0.0403108262 -0.0690705255 0.142508149 -0.143091932 -0.10543371 0.047644034 0.141405314 -0.125541314 0.0958368555 0.145246461 0.00781624112 0.0253609549 0.146866187 -0.0262217801 0.14642784 -0.138336539 0.139401302 -0.0230684821 0.0713857114 0.0507011376 0.0273080021 0.102453746 0.0194775332 0.122811951 -0.109538279 0.0979800075 0.110046171 -0.152741745 -0.0972111747 0.00643936964 0.0245619807 -0.166771218 -0.0251856875 0.067973569 -0.0316921957 -0.119915091 -0.0184603781 -0.13391152 -0.102726169 0.122666627 -0.151902765 0.106921494 -0.0034459217 0.0840286613 0.00266766152 0.0140990028 0.0656869262 0.0971154347 -0.0736674964 0.177636385 -0.140852407 -0.0885062441 -0.16571632 -0.168493941 -0.0202571601 -0.123360045 -0.0274294782 0.128387034 -0.161759809 -0.0901585519 -0.15144442 -0.10349308 -0.119315401 -0.0252676755 0.0542483442 -0.174549252 -0.126064703 -0.0214315578 0.0580311641 0.154521912 0.0748398826 0.0782786384 -0.147874385 -0.166263893 0.0808775276 -0.160743386 -0.0500597805 0.0451943278 0.112980276 0.1700055 -0.115632966 0.168043882 -0.0918666273 0.175042108 0.0628395975 0.10471347 -0.0368515961 0.12266472 -0.00336994254 0.154476583 -0.0925716087 0.135830089 0.0687244758 0.121908903 -0.00949963089 -0.0803713128 -0.101471215 0.0577674396 0.115296461 -0.0468983054 -0.088216953 -0.0675674751 -0.112305753 0.0943834558 -0.0460452996 0.0866993517 0.0771101713 0.148823351 -0.0668358877 0.0212900937 0.0698804855 0.128071234 -0.0870075673 -0.122456402 -0.101444721 -0.00477194088 0.121713258 0.0347132422 0.160041615 -0.130159944 0.128201619 -0.151367769 0.100637116 0.0817370117 0.00578524498 -0.0916731805 0.0672869086 -0.144841105 -0.0131800231 0.0900346041 0.107047766 0.0887797847 -0.127044812 0.0619482324 -0.0287809838 -0.0227142852 -0.0578545295 -0.161091968 -0.169711903 -0.101942129 0.130506396 0.0651600957 0.158781633 -0.154534265 0.133652672 0.071012795 0.0973816589 -0.0419217683 -0.164262027 -0.130087629 -0.101258405 -0.140634969 -0.0724767223 -0.0871879756 0.0337320194 0.103968687 0.138713121 0.169373438 -0.116452776 0.138595358 -0.13211374 0.170797244 -0.155133158 -0.175359204 -0.0337783247 0.0907363519 -0.161810219 -0.0750610456 0.128913328 0.100219645 0.148236558 -0.0928417593 0.111364767 -0.0464469232 -0.0451722406 -0.0862033665 -0.0592842251 0.0111660697 -0.108626276 -0.0494623519 -0.0708221793 -0.0816817209 -0.00605476182 -0.0800110847 0.16314432 0.132697165 0.121417314 -0.0798498914 -0.00645755511 -0.118775338 -0.173263207 0.0644980446 -0.0606103316 0.130691051 -0.127143472 0.0857927501 -0.109046109 0.148136079 -0.0266755801 0.139523998 -0.0223228447 0.0818374082 0.0187787022 0.0773850009 0.174538895 -0.0881567225 0.0998738334 0.103870317 0.079645358 0.0359031558 -0.10523805 -0.080188103 -0.0993854403 -0.0985844061 -0.0542727709 -0.070136264 0.126982242 -0.115472041 0.0326047391 0.0354010537 0.0754492581 -0.0690690801 0.0591845028 -0.170069098 -0.10562256 -0.162951306 0.141743287 0.0280896686 0.106984384 -0.00723179756 -0.165603265 -0.0209509656 -0.0870303512 -0.0836439431 -0.156887487 -0.141080976 -0.150364846 0.143205404 -0.150529489 0.15592733 0.00345363352 -0.00421819743 -0.0806781724 0.0170953162 -0.0947116762 -0.155270979 0.128565893 -0.125407889 0.163431793 0.12842074 0.00924195442 0.149111837 -0.144742295 0.0523443371 -0.0600397885 0.0860335305 -0.0755111873 0.169768557 0.00942402799 0.0965110958 0.0303976294 -0.0437550507 0.147833332 0.111971073 -0.129001066 0.015638141 0.0434973985 -0.0982494727 0.140854284 0.156962648 -0.167373061 0.122384697 0.0761637315 0.00317798858 0.00461441278 0.157500193 0.0518709272 -0.0637563914 0.0437947996 0.171500579 -0.0630619526 0.080364868 -0.161400244 -0.0538491011 -0.16238521 -0.0300578699 0.105212077 -0.0224142745 -0.120839253 -0.0952605307 0.00472659525 0.064063102 -0.0354161896 -0.0469493195 -0.136732668 -0.10818994 -0.131943837 0.0357652903 0.0612812638 -0.0565593876 -0.0213345271 -0.129764408 -0.128517196 -0.152410582 0.0436445326 -0.0291313939 -0.0143780261 0.0763474181 -0.0456274971 0.0595763698 0.16430302 -0.0523949489 0.0805774182 0.0340197012 0.131773487 0.031074699 -0.0612977631 -0.0287365448 0.0393036641 -0.00862151384 0.0320658274 -0.130454272 -0.0992722437 -0.157180175 -0.166568503 0.000569088967 -0.125519216 -0.0472538546 0.154944703 -0.0778155699 0.105701469 0.118774526 -0.066870898 0.169081509 0.0296549611 -0.0943775326 -0.151647329 -0.00500146672 0.0305809714 -0.0109665869 -0.00617057178 -0.136546835 0.0378060304 -0.161465704 -0.115738027 0.12734893 -0.00338786887 -0.0297562629 -0.026721511 -0.0179906581 -0.166959479 0.11955025 0.0729558691 -0.117940426 0.0450412966 0.096240446 0.0633577555 0.0759938732 0.0745620057 0.00799479615 -0.108027235 0.0499481782 0.0820666105 -0.107715137 -0.0311517734 0.172808275 -0.131682083 -0.0923217535 -0.129728317 -0.0173572823 0.0266205594 0.0941576213 0.143524006 0.125440866 -0.128041223 0.0316532999 -0.150949851 0.116200924 -0.0889413133 0.105261177 0.143375173 -0.00628550583 0.0158718936 0.147414297 -0.104772292 0.020391589 -0.0840653777 -0.168602839 0.161533967 -0.0352095664 -0.0822999552 0.109820239 0.10670191 -0.0339271054 0.107722044 0.0430099368 0.0174186919 0.0097524263 0.172704533 -0.160449654 -0.0444724672 0.0912164077 -0.0672231987 0.023108419 -0.0230658408 0.0722251907 0.116540499 -0.171074837 -0.0278887115 0.0297895614 0.0567297898 0.0712119341 0.13402538 -0.115088008 -0.088068001 0.00893891416 0.0309618358 -0.107697025 -0.143184856 0.0647549108 0.0687530488 -0.168682888 -0.168213561 0.162404329 -0.0497379079 -0.0118159465 -0.119475991 0.0151097002 0.0910479799 0.0174808409 -0.00965226069 0.163410023 -0.125891998 -0.170992017 0.169834539 0.161974445 0.0675046965 -0.106325485 -0.0468449332 -0.154845685 -0.0467565544 0.0421332084 0.157562867 0.015399891 0.149860173 0.00640960736 0.110935636 -0.166729122 -0.0218979307 0.172270238 0.0754538178 0.0808210522 0.0575989075 0.0822845995 0.0245450251 0.0320622399 -0.103555791 0.0785004273 -0.000312176126 0.00690968987 -0.000558405125 -0.139379695 0.000285488 -0.0832560584 -0.072509177 0.112733051 -0.1020054 0.147601277 0.128924653 0.165212765 -0.172125489 0.084900558 0.158825308 -0.141608343 -0.138721794 0.107198723 -0.0567111149 -0.123768665 -0.0195686892 0.157988966 -0.0696037337 0.0901420638 -0.0487343855 0.0320434831 0.0911126882 0.082001105 -0.0892399922 0.0194400083 -0.101990342 0.0386563279 0.157150373 -0.033177983 -0.0719494298 0.0449188501 -0.025755547 -0.0743549988 -0.003091197 0.0278453287 -0.0119428951 0.0416307151 0.0251204185 -0.129396141 -0.0170733146 -0.114572801 -0.131721869 0.0371475518 0.0335814282 0.0695896819 0.131839707 -0.0193856936 0.15559116 0.114538863 -0.155732647 -0.0697377995 0.0693691745 -0.109230168 -0.170422062 0.128813863 -0.128440052 -0.0513349548 0.0568071827 -0.113094054 -0.00298960949 0.0298717506 0.16197814 0.0890347362 -0.0358246528 -0.100963585 0.00509780506 -0.0783235952 -0.0686254948 0.0833655521 -0.17219536 -0.0797634125 0.0330898724 -0.0321996473 0.00310378079 -0.11465697 -0.0268941466 0.118348092 -0.126748338 -0.167436808 -0.116224058 0.0482814386 -0.0740262792 0.156583056 -0.0852623209 -0.0301699359 0.0709539354 -0.138284862 -0.108329639 -0.055959776 -0.0703091919 0.111312471 0.13526085 0.0533801019 0.11789576 0.0469106473 -0.0208451953 -0.110678554 0.116590612 -0.157496452 -0.0987747535 -0.133878425 0.151661307 0.171728894 -0.137635887 -0.0589485019 -0.0198813993 -0.120330982 0.0208292399 0.126104012 0.0138293095 0.125958219 0.0998954698 0.065104492 0.0862605423 0.0622541234 -0.046625711 -0.102741443 -0.00508106174 0.0782852918 0.0894478336 -0.106966399 0.089933373 0.140015975 -0.175690085 -0.00637269113 0.111769721 -0.168340012 -0.0330449454 0.0222447664 -0.169319272 0.132445544 -0.133083403 0.0836964548 0.0568665117 0.125451043 -0.122841045 0.0766219869 0.0942688361 -0.116872557 -0.105933875 -0.05042753 0.130385354 0.0790321082 -0.170433208 -0.0775828511 -0.0603012405 -0.109179452 0.0963279828 0.064000994 -0.148070231 -0.0264491271 -0.153561473 0.0966525152 -0.0202672202 0.0461688191 -0.00110067392 0.0685654953 -0.0188219026 -0.0773223713 -0.0777254403 0.104961812 -0.117628992 -0.114732407 -0.127430901 0.118898511 -0.0035430307 0.156652004 -0.157791451 0.0680645928 0.0530388616 0.0435838439 0.0443508253 0.111372188 -0.100857109 -0.0494555645 -0.0657247752 0.138624787 -0.0499255024 -0.103002384 -0.0204742718 -0.179173976 -0.0781731531 -0.107300282 -0.0082615409 -0.0873157531 -0.134111851 -0.0192714818 -0.13388671 0.00322466157 0.0928708091 -0.155558005 0.00794134941 0.106179364 -0.128088489 -0.0870495737 -0.107011423 -0.125078052 0.00693633035 0.144376203 -0.108128332 0.0226852056 -0.146518797 -0.169392377 0.0951991677 -0.0258894451 0.00516314339 -0.0417189114 -0.0701828673 -0.0546322837 -0.113050364 -0.0777774602 0.0944859684 -0.156330839 0.0785216764 -0.0375265554 0.144663841 -0.0123797068 0.00913968589 0.171624824 -0.00718069263 -0.035201326 -0.021967303 -0.0582640544 0.0231734775 0.15592137 0.163186297 0.0728505477 -0.0835941583 0.0822478458 -0.0879192501 -0.0438874178 -0.158549994 0.0132952007 0.0739112869 0.173107684 -0.161514938 -0.0374471843 0.067212604 0.0774387643 0.0211624708 -0.0882687718 0.0994918197 0.0423894636 -0.0456204265 -0.0269550346 -0.00177052105 -0.146703705 -0.172138304 -0.0297949165 0.0723045245 -0.0246739257 -0.0868245512 -0.00918079447 -0.1485008 -0.00519237295 0.144216299 -0.00662211841 0.0218308754 0.112729885 0.0906062275 -0.146171436 0.171101883 0.0459670685 0.0696820021 -0.0697665662 -0.127057344 0.0495988876 0.00244414248 -0.081244871 -0.0174062997 0.00490979664 0.0657800734 0.109809861 0.0260559283 0.0877611861 -0.0286807641 0.175444439 0.0212459993 0.13946788 -0.0259379726 0.000250664976 0.0567243919 0.135735616 -0.0934042707 0.0532983169 0.152018204 0.136692703 0.0126724001 -0.070951499 -0.0171417426 -0.00625528395 0.05728985 0.115800865 0.139728338 0.0234076455 0.0846354738 -0.0725513771 -0.120056234 -0.13582021 0.0678410754 -0.00248436257 -0.173268124 0.0785141289 -0.161649942 -0.13234584 -0.125317663 0.161283389 -0.178426594 -0.0517911054 0.144510865 0.0471479893 -0.168602869 0.160798803 0.1253113 0.134376094 0.168080345 0.0993766263 -0.0495355502 -0.12550579 0.00201354828 -0.004037512 0.118258379 -0.0804722905 -0.026758315 0.0439764559 -0.128762707 0.145176381 -0.012749658 0.0946324393 0.0419106707 -0.053316202 0.0685853511 0.0467402339 -0.128770456 -0.176488489 -0.0537773632 0.0107879154 -0.0901292264 0.00860990398 0.139169708 -0.168706208 -0.106177688 -0.117451981 -0.126005396 0.137981325 -0.0631119162 -0.164321601 0.0210197382 0.107375287 -0.103976279 0.141045898 -0.003957137 -0.0863346234 0.0518548973 -0.133229971 0.146238446 0.165644363 -0.0848406181 -0.0392908789 -0.0451254919 0.133033022 -0.0147452094 -0.0423132405 0.0274498221 0.135262087 -0.151434615 0.0721557364 -0.0926301852 -0.159466252 -0.0645815954 0.153679073 -0.164567783 0.145918965 0.00333806733 -0.101760373 0.0750223175 0.120998465 -0.17506367 0.0387578048 0.0243034232 -0.00340319425 -0.0213019494 0.0821056813 0.0111132264 -0.168759599 -0.155786648 -0.151506767 -0.0450293869 0.154587477 0.00452859886 0.131148741 -0.13949044 0.0847430825 -0.0715456381 0.0568202734 0.143732622 0.0327217914 0.105409913 0.010493 0.0989590436 -0.0916964337 0.105919309 -0.166088223 -0.116679788 -0.0359582007 -0.01094322 -0.0766941383 0.0234791934 0.160235614 -0.146881402 -0.0428142808 0.101227559 0.172855854
tensor backtrace_actor.0.bias 1 32
-0.159268051 0.0729081035 0.0850384459 -0.11500901 0.121345028 -0.178937718 0.0614029914 -0.127249733 -0.169473052 -0.0424646512 0.114102818 0.0561145432 0.155658498 -0.0775576159 -0.140916601 -0.0749885142 0.0270328522 -0.112803042 -0.0462000743 0.0472653471 0.107568182 -0.0953110456 0.171923339 0.164336711 0.171313688 -0.0699392781 -0.151702419 -0.144452304 -0.0939746946 0.0545985177 0.0440232046 0.0652113184
tensor backtrace_actor.2.weight 2 32
0.0608852059 0.0106691793 0.0872272775 0.0539974123 0.0713872686 -0.00905216392 0.138194188 -0.0349833071 -0.16318728 -0.167735562 -0.159832656 -0.0261595119 0.118836962 0.0371551476 -0.0895285457 0.114912614 -0.0116000017 0.100927867 0.174195886 -0.112231888 -0.164054126 -0.037404608 0.0657561421 -0.109428607 -0.142161816 -0.100048527 -0.0428046845 0.109248556 -0.0614141226 -0.143567681 -0.0166208614 0.0600579344 0.0123057235 0.0431756154 0.0243106745 0.104710013 0.161760151 -0.0237065069 -0.101000145 -0.131727368 0.128610313 -0.0591814965 -0.165164068 -0.0133899273 -0.170783073 0.0270608105 0.0856207833 -0.0428437181 -0.0721876472 0.0700071082 0.0745708197 0.138494179 0.0840326846 0.0152424611 0.0856811106 -0.053818807 -0.0401262715 -0.0208638869 -0.00246189674 0.00743508665 -0.0191973988 -0.0584498979 0.101855874 0.0116565246
tensor backtrace_actor.2.bias 1 2
0.079290092 -0.0764683187
end
