SMARTATPG_ACTOR_V2
embedding_dim 64
hidden_dim 32
tensor gate_encoder.0.weight 32 64
0.0791595206 -0.0263299309 -0.119945198 -0.111908667 0.0422793776 0.0363071337 -0.0181344654 -0.103608526 0.0938791707 -0.112179115 -0.0891743377 0.0976217985 -0.0231072269 0.0932056531 -0.109005883 0.112025149 0.118343011 0.0578920431 -0.0116081424 -0.0594969206 0.0195736792 0.0851721019 -0.0881190374 0.0616570339 0.121257871 -0.0826286748 -0.0808561295 -0.0368313342 0.0862042755 0.108498745 0.0352469124 0.0206515808 -0.120731868 -0.0703240782 0.0213970896 0.0655665621 0.0752432793 -0.0507745408 0.0700253025 0.0970386118 -0.0241785161 0.0763002783 0.117127478 0.0343741067 -0.00803655293 0.0806280077 0.00619334122 0.068940632 -0.0787870735 -0.021794416 0.12058349 -0.119728558 -0.0479045063 0.114502996 -0.0802431405 0.0276090465 -0.035383366 -0.0827119723 0.0708990917 -0.0547384508 -0.116620503 -0.120416544 0.116163321 -0.0411231779 0.0321724117 -0.0293012168 0.0577971637 -0.0687064901 0.0125922188 -0.0606771559 -0.0214868542 -0.10811206 0.0586801209 -0.0518900976 0.0911538005 0.0717147961 -0.10865622 0.0702253804 0.0772817805 0.0768801495 -0.0164897144 -0.12834467 0.116204754 -0.110465743 -0.0995871648 -0.0768816173 0.0809582695 0.023137955 0.0688535273 -0.122813351 0.040282093 0.00749722915 0.0195798539 -0.0894468799 0.0569558404 -0.0337653793 0.0141284615 -0.0659316555 0.0939126909 -0.03776142 -0.0341232084 -0.0459649377 0.0207996424 0.0418809354 0.0718295425 0.099665463 0.0285424199 0.100052536 -0.0381732918 -0.00147209433 -0.0834863186 -0.0297792926 -0.0428195558 0.0744287521 -0.107166864 0.095677577 0.0855174437 0.0760633722 -0.0409964919 0.0787938684 0.0301045496 -0.0376864299 -0.0812923759 -0.109364823 -0.0256899931 -0.0131715005 0.0441342443 -0.0294823814 0.0943974331 0.0365786366 0.0778882727 -0.0831451267 -0.0992116481 -0.0398550555 0.0742058977 -0.110312521 0.0816091076 0.113871224 0.101397373 0.0713463873 0.0340134054 0.0835103095 0.057758607 0.0195590295 0.0112172458 0.0759829208 -0.0635069236 0.00648543378 -0.0897788107 0.117103212 -0.0351988971 -0.0294362456 -0.0691881031 0.0634532422 -0.0470432267 -0.0457590818 -0.0330262259 -0.0607966296 0.102067053 -0.0163475741 0.0513526946 -0.0630890131 -0.0793444589 -0.0867622793 -0.0335601792 0.0406691879 0.0591705143 0.0564397499 0.0535602197 0.122372031 0.0517254509 -0.109164461 0.112765871 -0.0326019563 0.124457993 -0.0972361639 0.105156548 0.0438519716 0.0883380398 0.0944514126 -0.112674847 0.0142927337 0.100038089 0.0166734103 0.0861955285 0.0522800349 -0.0889841244 0.0588629767 0.0420454852 0.0467507802 0.0158765055 -0.0230483469 -0.00603930606 -0.125236884 -0.0110444538 -0.0934936106 0.0902446285 -0.109627679 -0.000410180364 0.11677976 -0.0482796058 0.0491478071 0.0871429145 -0.0617618561 0.0925780833 0.0950873122 -0.078400895 -0.0112380292 0.0180725679 0.0483904295 0.068956323 -0.0895525217 0.114787951 0.0163538419 -0.043257881 0.102545075 0.0583518855 0.0774479955 -0.00280648726 -0.04355257 -0.0538708344 0.0361861773 -0.126902103 -0.0192714967 0.099571377 0.0746613145 0.115961462 0.0441066921 0.115421556 0.120152511 -0.0503746681 0.093170777 0.0695549175 0.0722065046 -0.0957048461 -0.00189067109 -0.0499112122 0.0388224907 0.100771099 0.0364640839 0.115601562 -0.0354781263 -0.0249626692 -0.0199738108 -0.0694398731 0.0248770211 -0.0912037864 0.0955055133 -0.0337297805 -0.0581160672 -0.11625509 0.0387445837 -0.0337229557 0.100080937 -0.0630943775 0.0711276308 0.00509696174 0.0500136726 0.118486658 0.120766968 -0.0625270531 0.0185928363 -0.103363641 -0.0559078865 0.00878514722 -0.0132679474 -0.00154956407 -0.0753834695 -0.000966998574 -0.0801536515 -0.0450899042 0.00580540905 0.0682399198 -0.0716632754 0.0767900646 -0.111012317 0.083062999 -0.0648737475 -0.0733997971 -0.103734471 -0.0206315648 -0.0568915345 0.0411217548 0.121483393 0.0809242576 -0.0148899825 0.102586441 0.0535956658 -0.0664062724 0.115784079 -0.0395178162 -0.00714766001 0.0842894092 0.0350538231 0.0104155634 -0.106423259 -0.040002875 0.000467548496 0.0536012948 -0.0354371183 -0.0304594282 -0.122549355 -0.0653520077 -0.0232303645 -0.0457698777 0.0626447499 -0.0886760876 -0.0278072935 0.018530013 0.117704317 0.0965204388 0.00351512618 -0.0882268846 0.000260749104 0.0626016185 0.0053476654 -0.0278732274 0.0344886631 -0.0435746089 0.0502714813 0.0679772794 -0.0478388965 -0.0165291689 -0.0868527517 0.103153273 -0.113962069 -0.00461271824 0.0586085767 -0.0740083233 0.0577111915 -0.00628260896 -0.112123623 0.0320424587 -0.0822337419 -0.097573474 -0.0237809047 -0.0298495684 0.0762955248 -0.119563363 -0.126212075 -0.114565238 -0.0789501816 0.0508196577 -0.0926800817 -0.0633428842 0.0437744595 0.121128507 -0.08695402 0.0838363096 0.038157694 -0.0620501488 -0.109177284 -0.0695618093 -0.0472576767 -0.0928110704 -0.0805515274 0.0846369714 -0.0778921321 0.0212042648 -0.0515190549 0.01671727 -0.102976181 -0.111613475 -0.00839531049 0.0456052423 -0.0285212751 -0.114786312 0.0252335854 -0.125126064 0.0960457772 0.0677113384 -0.0944200084 -0.0258883201 0.0236862302 -0.101433307 -0.01998128 0.0830569267 -0.114216805 0.121047623 -0.0324895009 -0.013099947 0.0908132493 -0.0807311907 0.0530023538 0.0623577908 0.0102835065 0.0718084872 0.0443465374 -0.0513593107 0.0927080512 -0.0851772502 -0.067049861 -0.011842778 -0.111818448 0.0358262733 -0.116674639 -0.0210580453 -0.106252357 0.108274095 0.0530143008 0.00514770672 -0.0678767562 0.103123203 -0.0866728723 0.015049302 0.0272402912 0.0741887465 -0.1133129 -0.0961970165 -0.104503691 0.0487403125 -0.10487397 -0.0122412313 0.0526749082 0.0831865519 0.0250293016 -0.0537386723 -0.111137174 0.0868071243 0.107531935 0.0420999862 0.0381500535 0.122605965 0.0634024814 0.06995821 -0.0472907126 0.0643309057 -0.024794681 -0.122774594 0.0799877867 -0.0790829435 -0.0657004267 0.0620372333 0.0385089405 -0.0817114562 -0.0297636315 -0.0685218573 0.0999521613 -0.0730849281 0.0366988815 0.0587865449 -0.057004828 -0.0971632898 0.108512044 0.0510825478 -0.00533298869 -0.0466786996 0.0627524108 0.108148001 0.104289636 -0.0395931043 -0.0109670423 -0.033651229 -0.0335469656 -0.00177418126 -0.0470768586 0.0185588971 -0.0585696734 0.0585975461 -0.0376265682 0.0128040453 0.093359001 -0.0442489982 -0.112278908 -0.0855591968 -0.0930163488 0.106824167 0.091764912 -0.0793246999 0.051331196 0.0844272301 -0.0269362312 0.0949515924 0.0418226868 -0.0267681666 0.100475095 0.0246638898 0.00691573648 -0.0803082287 -0.111732654 -0.0916579887 0.0734662786 -0.063093625 0.00130845048 -0.0406631194 -0.0325499177 0.122135632 -0.0247312803 0.0963319317 0.0558861122 -0.103961341 0.0165786538 -0.0543734916 0.0747243762 0.00715018949 0.000668441236 0.042740237 0.0683440268 0.0136208506 -0.0829657912 -0.110666618 0.027056789 -0.12142767 0.0911211222 -0.0726734027 -0.119181998 0.11647056 0.113383949 -0.101405695 0.0992636681 0.0485689901 0.120438032 -0.0342194624 0.0854830071 0.106839508 -0.0226494372 0.058840856 0.0758428276 0.0291027837 0.0876884311 0.0942166597 -0.0388102941 -0.126777187 0.0488548242 -0.0455641672 0.120080143 -0.0533080548 -0.0503084958 -0.0719172508 0.0778382123 0.0406770632 -0.0184052829 -0.0314430818 0.0275632571 0.108545035 0.126370132 -0.0249738656 0.0248615034 -0.0885840729 -0.00511587132 0.111471809 0.0906448886 -0.0082260035 -0.118996233 -0.109318368 0.0785081908 0.0686475188 0.041251231 0.0770894065 0.0666441545 0.0477660634 -0.055063922 0.0127422791 0.0917418525 -0.115572035 0.0150148459 0.0172118265 0.0358924828 -0.0806239396 -0.0284907874 -0.0149517152 -0.0259761382 0.12872614 0.0851399302 -0.11742764 0.112036332 -0.102577411 0.0135253351 -0.0399282724 -0.0171928164 -0.0511173494 -0.0442621037 -0.119920917 0.051171571 0.03514532 0.0927991271 0.112652145 0.016251592 -0.0773809776 0.0219969172 0.00595068652 0.104455225 0.0682747141 -0.00972675718 0.112268589 0.0569390133 0.0381964147 0.0362931564 -0.107791387 0.0213253368 0.0590980016 -0.12136481 0.122953475 0.0381487049 0.0949649364 0.0495439507 -0.00181162672 -0.0568774268 -0.0735616907 -0.0227542259 0.0705275908 0.115006633 -0.111821987 -0.0838389024 0.0977812558 0.0325518213 -0.0257734731 -0.0524570942 -0.11919418 -0.0151849706 0.12148957 -0.0674311444 -0.120773219 -0.0968251824 -0.0837849155 -0.0584970638 0.0395249687 0.0964468718 -0.115486532 -0.0637578517 -0.0590160973 0.017150946 -0.0688743144 0.111044183 0.0199327189 -0.0273919795 0.0290311519 -0.0685560554 0.0303849149 0.0147525016 0.0633488223 0.0615699887 -0.046196349 -0.0685940012 -0.0827966407 -0.0676534399 -0.00773690548 -0.119765095 -0.0386696085 -0.0226972643 0.125141084 -0.0973037332 0.0323597603 -0.0935102329 0.12000712 0.092257008 -0.00121495919 -0.111869469 -0.059044648 0.105217978 -0.115460619 0.0916781649 0.100854762 0.0792057216 0.0301889796 -0.0401562266 -0.0217160843 0.0189479627 -0.0107381968 0.0812331289 0.0714807585 -0.019970065 0.0637595356 0.0790634155 -0.0939871222 -0.0719516873 0.0624567345 0.0821037218 -0.11697685 0.0543849841 -0.0564822704 -0.0954283625 0.0791340321 -0.012429418 0.0994695202 -0.0676504895 0.0330078751 -0.102108076 0.0216714162 0.0136318188 0.072589986 -0.0320170149 -0.121916771 0.0036514157 -0.0934080407 0.0317940228 0.104622543 -0.0925450996 0.0900306776 0.0883449912 0.108757421 0.00240681367 -0.101016253 0.0388573296 -0.0464668609 0.0930964798 0.0933735743 -0.124769703 0.0120342039 -0.0317355022 -0.0559909604 0.125379682 0.0625326708 0.0918679908 -0.0386932343 0.00744202454 -0.109854214 0.0659788921 0.0526414812 -0.00979963131 0.00520301936 0.00643244106 0.0142815979 -0.0861360952 -0.0836087987 -0.0590278581 -0.061967019 -0.00638866425 -0.0967408195 0.0663246214 -0.0501237698 0.0833658352 -0.0295889359 0.056272354 0.0314166769 -0.0963052064 0.0545608588 -0.0541826487 0.0559758134 0.0559930317 0.0614564791 0.100512631 0.0769945607 0.0687889084 0.0165102296 -0.0757881925 0.0768354237 -0.00509456266 -0.0782461464 -0.0518311858 -0.011373248 -0.0554178916 0.0670181662 0.121224776 -0.105941676 -0.1091941 0.0510402769 0.0219314937 -0.0634457842 0.078137435 0.115195245 0.0831317976 0.105939411 -0.0177611653 0.0200191457 -0.127136976 -0.103927307 0.0315327197 0.0111748446 -0.124417104 -0.025046831 0.0303367488 -0.0357879475 0.011738562 0.0584788807 0.0944945365 0.00207799603 0.0619556233 0.0226453375 0.0990069732 -0.0269909091 -0.0243764557 -0.0763594732 -0.0310362969 0.0974536315 0.00123698963 0.106658302 0.0511625111 -0.00444628717 -0.0196016449 -0.0787795782 0.0949407592 0.056552019 0.088851057 0.102198064 0.0415542535 0.11412403 -0.0493809171 -0.0867177695 0.067950666 0.110300742 -0.0545248762 -0.031159468 -0.0171759631 0.110647961 0.117622308 -0.108788691 0.121817634 -0.0809419006 0.0581381693 -0.0825758353 -0.0776358619 0.0623136163 0.118729465 0.121253766 0.0460361652 0.0430633239 -0.0671365038 -0.0130481822 0.00135956146 0.096934624 -0.0845024809 -0.091292724 0.0861355215 -0.0640714765 0.0238183998 -0.0553719699 0.0666421875 -0.0586351007 0.0334712937 0.0287595876 -0.0796406418 -0.115239725 -0.067893751 0.111296847 0.0497920178 0.00476908265 0.104378 -0.090864867 0.0912172049 0.102788888 -0.116927452 -0.107222348 -0.0742157772 0.0744611844 -0.0245066192 0.00236684247 0.0255663916 -0.105020426 0.0223920476 0.0267346799 0.0703802928 -0.0343871154 -0.00150283973 -0.0625211671 -0.00550186867 0.00162110466 -0.0857688263 -0.0228944421 -0.0616407916 -0.120122612 0.0998978242 0.0284200236 -0.0734036043 -0.0762375891 -0.0738925412 -0.0904643238 0.00101570936 -0.0999787003 -0.0619250908 0.0916310847 -0.12096639 -0.0181463081 -0.0497480705 -0.0677735433 0.0560558327 -0.01975918 -0.126017943 -0.0797382519 -0.0362961255 -0.0440766625 -0.0955767259 -0.0626298934 -0.0760518983 -0.0364936739 -0.0103862844 -0.0585290492 0.0284724664 0.0388742723 -0.0436807498 0.0633685663 0.08024735 0.0417394862 0.0899829119 -0.0204301309 -0.0632931814 0.0312025268 -0.044580169 0.0518478714 -0.0510940701 0.0119015304 0.017049307 0.0593698248 0.0849103555 -0.094408229 -0.0848629251 0.0698949322 0.00365340873 -0.059873905 -0.0182868522 0.0547963716 0.01371565 -0.0998922959 -0.011719496 0.0890756622 0.00698545761 -0.0564619675 -0.110224798 -0.00579837384 0.0723754689 0.108452715 0.106582336 -0.11175368 0.0137432255 0.0903765634 0.0316226892 0.00382178626 0.0969920531 0.0539825298 -0.0714309141 -0.0743983537 0.0123471767 0.0411210172 -0.0857297778 -0.0815595537 -0.023690572 0.115208022 0.113429449 0.0887775496 0.110278599 -0.0317081138 -0.0531410761 -0.106428951 0.0580074266 0.0638686344 -0.0519618839 0.121336944 0.119182438 -0.0446509048 0.0461490601 0.0709607601 -0.121730506 0.0139085772 -0.0261711907 0.0222592987 0.0866056457 -0.0966791436 0.0731583908 -0.0477759093 0.0839236751 -0.0329493098 -0.0517862029 0.0646808296 -0.00193915726 0.0713958293 0.0597190373 -0.103408143 0.0578945279 -0.119366325 0.0897802934 0.00698760804 0.0264522582 0.00145462656 0.0134231895 -0.0117257144 -0.0715511739 -0.0981890634 -0.0534083843 0.0079434067 -0.0608401895 -0.0588628575 -0.0522203073 -0.0321185514 -0.0279621668 0.0102225132 -0.0305718612 -0.0838427469 0.104234643 -0.105613634 -0.0866738111 -0.0169620607 0.0714814663 0.0460181609 -0.062401522 -0.118975841 0.0893058404 -0.0220941976 -0.0849861577 -0.121751666 0.0691588819 0.0194548685 -0.118118368 -0.00209248788 0.021696819 0.099784486 0.00120495656 0.101859778 -0.0783254728 0.0548548251 -0.0325798132 -0.00301366649 0.093679525 0.0960400552 -0.0253308527 -0.0204112921 -0.116477042 -0.0754971802 -0.0992778465 0.0160990581 0.00740647083 -0.080500111 -0.0684036314 -0.0945236012 0.0123282624 -0.0602154657 -0.093601577 0.0304208007 -0.111846298 0.102949008 -0.0120688882 -0.0491440929 -0.0415380485 0.0653192997 -0.0526670739 -0.0174013712 0.0122966627 0.0861756727 -0.022042729 -0.0848715305 0.098045148 -0.123630285 0.0938230604 0.0130626792 0.0523378178 0.055050496 -0.0642311573 -0.0939675346 0.0348210372 0.0749596879 0.115117013 -0.072892502 0.0229612496 0.122268967 -0.0626559034 0.0353426933 0.0189846084 0.100803226 0.109285869 -0.0569771938 0.0365797542 0.0718158782 0.0369901583 0.0737328455 -0.0284451731 0.106705345 -0.00966508873 0.00160040462 0.0382024236 -0.0103876255 0.0670468062 0.0709844828 -0.0220486652 -0.0619353354 0.0415777117 -0.0289904196 0.00578846224 -0.108866908 -0.113518946 -0.013254202 -0.0351921581 -0.0577874333 0.117569596 0.0833593458 -0.0341354311 0.112256974 -0.0311228707 0.0857193545 -0.0482911505 -0.105488747 -0.0801949576 0.105878942 -0.116524838 -0.107114144 0.0343056321 0.0940769613 0.0587103367 0.0332566947 0.0336405262 0.0569011196 -0.0394252129 0.0351047479 -0.042947378 0.0575397648 -0.0703191608 0.0587969087 -8.34975799e-05 0.117973104 -0.110793196 0.00699988194 -0.031891726 -0.0572755262 -0.0266071837 0.0753143728 0.05859714 -0.0849295557 -0.101698607 0.0882486477 0.0417976454 0.0234018266 0.00947018992 0.00570221059 -0.0895886198 0.018011082 0.0371583141 0.0215234943 0.00582635263 0.117563836 0.0632064268 -0.0153846918 0.0729313865 0.0699404702 0.0527259186 0.0636692792 0.0156976599 0.101208366 -0.0438931249 -0.0645288527 -0.114375621 0.00686206343 -0.0349311568 0.0337855667 -0.0391429737 -0.0221305154 0.115008965 0.0271746907 -0.0406370163 -0.00681794342 0.0642607734 0.073517628 0.102138825 -0.00230281404 0.0365260765 0.000629773887 0.0424030237 0.0811177641 0.0712591931 0.0638427064 0.0933168828 0.112154566 0.019934874 -0.0492606945 0.0740317255 0.00738400174 0.0129317883 0.0733060166 -0.107908495 0.0347657651 0.0729450881 -0.0799968615 0.0603087731 0.089576751 -0.124525666 -0.098257564 0.0150576346 0.096866399 -0.052853521 -0.0393811688 -0.00911542308 0.0756702721 0.0231592022 0.0643366948 0.0671264306 -0.112028241 -0.116982073 -0.0692495629 0.0510475747 -0.0729073212 -0.11848256 -0.0894657224 -0.034581244 -0.0262986384 0.0294164345 0.0478379056 -0.0914001912 -0.0308806449 -0.105560049 -0.109925725 -0.00133522414 -0.116961412 -0.0373713933 0.0170105211 -0.023096405 0.0143328207 0.0502068736 -0.0337123014 -0.0580488965 0.0293322094 0.0251631998 -0.0703986585 -0.0614018627 0.0438447744 0.107899211 -0.00235317717 -0.064715676 -0.0791146755 0.101243831 -0.107046545 0.0892927274 0.102199584 0.0835061893 0.0565209538 -0.0192132052 0.0938948765 0.0543590076 -0.0258563235 -0.0295601133 0.086948216 -0.0208991412 -0.112849414 0.0833880231 -0.10456714 0.0885861218 0.0235052984 0.106161788 -0.0951210931 0.107806794 -0.0552674308 -0.0905870646 -0.00445014564 0.0586636737 0.099575296 -0.0791762993 -0.097682856 -0.105509162 0.0824059844 -0.0334518254 -0.11948999 0.00921855215 -0.0366567634 -0.00998215936 0.0868174657 -0.107338898 -0.0327890739 -0.101639673 0.114229314 0.0139446622 -0.0599953085 0.0912248045 0.093863003 0.10293895 -0.121956214 0.0480413251 -0.0408595316 0.0727705881 0.076371707 0.0868361443 -0.012748545 -0.0877672359 0.105230562 -0.0751572028 0.0793010592 0.104538262 -0.0755976215 0.0680894554 0.0324125439 0.00521242851 0.112198003 -0.0973380655 0.101380959 -0.0283798147 -0.0730787441 0.079836227 -0.0166682936 -0.0653401017 -0.0707726702 0.0180064719 -0.0484610051 0.0784701258 -0.0808510929 0.0895721763 0.0532393008 -0.0582737587 0.110575505 0.0360322371 0.0701153651 0.0174071901 -0.115754612 0.116827987 0.00687978975 -0.122314647 0.0455309972 0.105239086 0.0765324757 -0.00380540686 0.0259563196 0.0568432212 -0.0369533077 0.0801685676 -0.0601089671 0.0687702373 -0.115576446 -0.0166252684 -0.120636128 -0.0936303362 -0.0329174586 -0.0304456279 -0.00603024988 -0.0903577879 -0.0946729481 -0.0796730369 0.0520138443 0.0762142986 -0.0334756598 0.0359563045 0.121848926 0.0687502623 0.0653907359 0.0752958059 -0.0112957424 -0.0386903025 0.116615206 0.00258495333 0.011619051 0.089351058 0.0573424995 -0.100813664 0.0186432488 0.0263218284 0.0665998682 -0.0998011231 0.086724624 0.00487244409 0.00822714437 -0.0477921292 0.120133296 -0.101083584 -0.0950155407 0.0721981749 -0.0841574669 0.0586948358 -0.0407001488 -0.115553446 -0.0333104506 0.00804188009 -0.0948110595 -0.052512724 0.0970624611 -0.0991714969 0.0827282742 -0.0530682094 0.026060272 0.00546626095 -0.0244767144 -0.0821095854 0.0115600266 -0.0323195495 0.071332857 -0.055570174 -0.0339655392 -0.124488235 -0.0359692164 -0.0644348413 -0.0549092181 0.115542024 -0.00371424109 -0.0493468381 -0.0114421137 0.057036344 0.0619357862 -0.106006883 0.0667302981 -0.106104247 0.110341169 0.0377185233 0.0638736635 -0.074583441 0.120879196 -0.0948800966 -0.0235849842 0.0656159073 0.117309317 0.0468378328 -0.0419424586 -0.0518099926 0.077098459 -0.0352264829 -0.0253659096 -0.078733556 -0.0468230397 -0.0617173426 0.0264283959 -0.0899307057 0.0868569985 -0.0712362751 0.110523827 0.043736726 0.0273783132 0.0442117341 -0.0454496928 -0.0136230867 -0.0462783948 -0.0730229542 0.0468057096 -0.105330303 -0.0306902509 -0.0220330637 0.0888931751 -0.0126354704 0.0738088116 -0.0950474143 -0.00624213414 -0.0543156303 -0.0392516181 -0.0809982494 -0.0280790459 -0.0828843489 -0.0662726089 -0.0368031859 0.0194835886 0.105576836 0.0227939319 -0.0329967402 -0.0678887591 0.0164088719 0.0562745705 -0.0180372354 -0.0525269955 -0.0582064614 0.0591394082 -0.0114080021 -0.115583055 0.0346699655 -0.0411694422 0.0107101882 0.0809756294 -0.00755407102 0.113051288 0.0536562465 -0.0411085226 0.0284656994 -0.0846602842 -0.0112068858 0.0981921032 0.0957901254 -0.122203924 -0.116505764 0.081156984 0.0508488305 0.00698149949 -0.00672590965 0.00536962179 -0.0104076043 0.101326786 0.0312867649 0.0593909696 0.0861903951 0.0293349195 0.052976571 0.0982744172 0.057427533 0.0078160027 0.0611404441 -0.100177675 -0.1154963 -0.010288897 -0.0696561113 -0.0703607425 0.0816933811 -0.0204948839 -0.0819819644 0.0204376113 -0.0190451574 0.0752713233 -0.0748476982 -0.040110074 -0.0985595286 -0.0581771545 0.00462865736 -0.0933653787 0.104212962 -0.0670186058 -0.00385471177 0.0886737183 -0.0932945535 0.0166285131 0.0969003811 -0.0375377648 0.0695202053 -0.0812833533 -0.0216396153 0.0911683217 0.0265776329 -0.0307962988 -0.105053231 -0.0928093046 -0.0861591548 -0.015792869 0.0804013684 -0.115357861 0.0260422304 0.0807711929 -0.0525714271 0.0708357468 -8.33211452e-05 -0.0276469644 0.0335967951 -0.115396358 0.106208168 -0.0622988343 -0.0808192044 -0.0478640348 -0.0448414274 0.117159374 0.0334648751 0.101910681 0.0118954433 -0.102509074 0.0686128438 0.0874310806 -0.116798379 -0.0157696176 -0.107026167 -0.069661729 0.109836318 -0.0842395648 -0.10401307 0.0926915407 -0.0332730785 -0.0152132139 0.04836886 -0.124094404 -0.00913581625 0.119826548 -0.0880980268 0.0181550086 0.123193748 0.0126326876 -0.0575678572 -0.0492575578 -0.117200278 -0.0297916662 0.107432693 0.0257077068 0.0989603847 0.0506058335 -0.0470902771 -0.00984885637 -0.000741933996 0.0889953822 -0.0659880564 0.00516692363 0.0695270225 0.0846940055 0.0966859236 -0.0822604448 -0.0915974081 -0.0864368752 0.0334706306 -0.010323057 -0.0734673738 0.0733457282 -0.0813184008 0.0569286682 0.0517068468 0.102632068 0.0110730184 0.0773514137 -0.078649804 -0.0731839612 -0.07057181 0.0145344781 -0.109141357 0.0647813529 -0.0574231818 0.0809242651 -0.101591639 -0.0450787172 -0.0140605401 -0.104773268 -0.0509363264 0.0126882186 0.0433572121 0.105298281 0.107109606 -0.0239626467 -0.0811005756 -0.0574287996 0.0921566933 -0.100377828 -0.0282748882 0.0333228931 0.0221340545 -0.0268816818 0.051880978 0.0938137248 -0.0848220512 0.116866104 0.0810134113 -0.0505218431 -0.0827982575 0.0925621688 -0.0627420321 -0.0710297078 0.102806807 0.0743056089 0.0851470456 0.0462924577 -0.0820171088 0.0678033009 0.046699807 -0.0457849689 -0.0444374271 0.0510823354 -0.116136625 -0.0468061529 -0.0880992413 0.0251627099 0.0013918553 -0.0650119483 -0.0222044904 0.124533154 -0.100206271 -0.0572702251 -0.0822178349 0.125563994 -0.0766376406 -0.049721282 -0.0251514707 -0.0438841246 -0.0672305077 -0.0139087578 -0.0876315534 -0.0720410347 0.0356524289 0.0380223133 0.0126937227 0.0268342998 -0.0326115973 0.0184196029 0.0195723958 0.0889273509 0.0152147831 -0.100275539 0.0630672947 0.0861762911 -0.0232863668 -0.0739333779 -0.0651330203 0.106480204 -0.0765901953 -0.0624649487 0.110997856 0.0451334305 -0.000659905258 -0.115540087 -0.059190169 -0.029837057 -0.0192650035 0.0338625126 -0.122863293 -0.106154971 -0.0933361128 0.0437454171 -0.0383430906 -0.01083834 0.0146248005 -0.113796651 -0.0255019609 0.0749551356 -0.00414403714 -0.0769640431 -0.054817576 0.0461486056 0.0104655288 0.0959197506 -0.0442698374 -0.0164511185 -0.0620915145 -0.118142664 -0.0519853979 -0.0145226987 0.0584364422 0.0349176116 -0.120162703 0.0938689858 0.0386434384 -0.0223592315 0.0294067208 0.0673627034 0.0140381446 0.0328404419 0.0276101306 -0.0170002058 -0.0329034589 -0.0480709113 -0.0472953916 0.0767887011 -0.0497078486 -0.0447361544 0.0884117335 0.0909628794 0.112776563 -0.000330973358 -0.101925589 0.0737908557 0.00949055143 -0.102017529 0.0368403643 0.0421448424 -0.0528018177 0.0707366988 0.0843838826 -0.0894106999 -0.0867234766 0.0588156469 -0.11196582 -0.0454933494 -0.0122474032 -0.0639264062 0.0950516909 0.0371229611 0.0748155266 0.0292141847 0.028971782 -0.104021117 0.00887892209 0.00883500651 -0.0274580549 -0.100195132 0.106180727 0.0256102234 0.0838084817 -0.0294955112 -0.0641293973 -0.103521734 0.0693517029 0.121448919 -0.0168598387 0.107138358 -0.117471315 0.120677151 -0.0513753071 0.00533938175 0.0662183687 0.0922820941 0.0627816468 -0.0311543569 0.0260649584 -0.03875174 0.121261261 0.0254553091 -0.111336879 0.0778887793 -0.12164706 -0.0297983736 6.91335736e-05 0.0224852115 0.0656469017 -0.0086137699 0.084773235 -0.00478759967 0.0233018715 0.0453047566 -0.0200198572 0.0132773938 -0.0126802856 -0.0212409534 0.022438949 0.123243295 0.0802472085 0.108831346 -0.0540154055 -0.0698809475 0.10057313 -0.0472733974 0.0794209689 0.0767258406 0.00805898942 0.00841322821 -0.0232674535 0.00410003355 -0.0960284323 -0.0773999318 0.00756430067 0.0728070736 -0.114079572 0.0351390019 0.0948671997 -0.0792783946 -0.064013578 0.0388565883 -0.0945469588 0.0180208776 -0.0440319255 -0.0308629628 -0.0889065862 0.102781728 -0.0587790757 0.0139970928 -0.0759981945 -0.0467202365 0.027661195 0.0525687523 -0.0827898383 0.101075016 -0.111238733 0.103016958 0.0114500923 -0.0330639556 -0.0299573168 -0.0921396166 0.0236165598 0.0535104461 -0.107184805 -0.111459784 0.0327622965 -0.111931406 0.0859666243 -0.0838724673 -0.00787165109 0.0347141735 0.0175815281 -0.0695220381 0.0116613498 0.0411574133 0.0539838709 0.0467920713 -0.0325381868 -0.0859306902 0.0535060726 -0.0690815002 0.0616405159 -0.0752186403 0.102153607 -0.00154676649 -0.0737168938 0.0892347991 -0.118981533 -0.026736768 -0.0446218066 0.0452213399 0.114401937 0.0567717999 -0.0456040688 -0.043232929 0.00676929997 0.0199483726 0.0331853703 0.118125372 0.0879013985 0.0447066054 0.0349512547 -0.120310202 0.0765436515 -0.0907614157 0.0184907392 0.0442037657 0.0307773482 0.0931959152 0.0651907623 0.028256759 -0.061372716 0.0257909261 0.0993099287 -0.121512391 -0.0411983058 0.0760229379 0.0996154174 0.106719665 -0.0813544169 -0.00282965042 -0.0977925137 -0.048234459 0.036713995 0.0327660069 0.0097501697 0.073158659 -0.0770157054 0.078321524 -0.0104434676 0.106421143 0.0107577825 -0.0527370572 0.00377869466 -0.0955770165 0.0677596629 0.0877529681 -0.0595823638 -0.0916649476 -0.124451369 -0.10442023 0.0616440475 -0.0222587269 0.0513157919 -0.000969197659 -0.120847166 -0.0059593101 -0.0460615233 -0.124323338 0.0605223998 -0.0288220961 0.0623510927 0.0913905352 -0.0158936772 0.125563964 0.0569527186 0.0997490361 -0.0259159561 0.00918538682 -0.0166908838 0.0777962431 0.044368282 -0.00641356874 0.0299384128 0.0722969174 0.109811403 -0.0594455637 0.00709049124 -0.0799472928 -0.115080208 0.114257582 0.0135076661 -0.0195157696 -0.0268592965 -0.113957278 -0.0109700887 0.0415037908 0.111325897 0.0702201575 0.118954539 0.082142368 0.0612898171 -0.118667513 0.101409703 -0.00816390663 -0.0327732861 0.0420087129 0.0334278829 0.0370122455 0.11915385 -0.0266207568 0.0939549282 -0.00537266303 -0.0311593991 -0.0411601961 0.0213708449 0.102577902 0.101796433 -0.0918892473 0.0117930565 0.121110499 -0.0710839927 -0.0207958668 0.117942736 -0.0748977512 -0.0994380862 0.0245771836 0.0547954701 -0.119331226 0.118769512 0.0153943272 -0.0393853448 -0.0259189494 0.048868902 -0.0416234247 0.0244108364 0.0239707269 -0.00681139203 0.091196999 0.046441026 0.00250289729 -0.112544768 0.0697971582 -0.060485065 -0.0921338722 -0.00414979644 -0.0666777343 0.0945948809 0.0131657282 -0.00186582212 -0.116230518 0.0808541477 -0.0935330689 0.0406570435 0.124613248 -0.00405925419 0.0399224758 -0.0322690792 0.00975129008 0.0897062197 -0.0650955215 -0.0435964577 0.0503790267 -0.0635392368 0.121552922 -0.0217095222 -0.0379441753 -0.0343795381 0.0480177999 -0.109125718 0.0289128292 -0.0220313407 0.0866606534 -0.0296120141 0.0672730729 -0.0373216942 0.117622927 0.0928971097 0.0423172005 -0.0281097181 -0.0985099673 -0.112341948 -0.0126776872 0.00450636074 0.023762159 -0.0852096379 -0.00500514545 -0.117046759 -0.0650931373 -0.0604185089 -0.0177333523 -0.068641305 0.0163632538 -0.105906919 0.108164705 -0.101148687 -0.0531819537 -0.0633701533 3.13166529e-05 0.0366091058 -0.116376281 0.0898709148 0.0471999422 -0.0744882673 0.0480714664 0.0259622186 0.0871799663 -0.0773776248 0.108649492 0.015734164 -0.0626690909 -0.0676972941 0.000201561881 -0.0702564642 -0.02926719 0.0832277015 -0.0304897353 0.0382108875
tensor gate_encoder.0.bias 1 32
0.00354514853 -0.0568356961 -0.0123389382 0.0336883403 -0.0861867815 0.114810854 -0.0613909625 0.0809221119 -0.0330566801 0.103210337 0.0565896444 -0.00205799309 0.121988028 -0.106176443 0.0853261575 -0.125480041 0.0887413695 -0.118257768 0.0331550464 -0.0446586423 -0.0717789903 -0.0976766422 0.10411454 -0.0287954491 -0.0990633816 -0.0635777265 0.102647603 0.122934632 -0.00974840857 0.0057731322 0.0438737087 0.0367678516
tensor objective_value_embedding.weight 2 32
0.443713665 -0.22598663 -0.44132027 1.78982651 0.117522947 1.70373404 0.394815117 -1.4305681 -1.47936344 -0.361982822 -0.886245131 0.898923278 1.81942666 0.0628426 1.73783386 -0.725804567 -0.592519879 -0.889485121 -0.662856758 0.125924647 -0.395038873 -0.882176399 -0.478232026 0.42990613 0.175823957 -0.680743575 0.84359771 -0.758584261 -0.986133158 -0.377557784 -0.228923187 0.00374431582 0.0201631729 0.72598809 -0.318719715 -0.0670976117 0.118933178 -1.22187734 1.23516202 0.941333354 -1.09821534 -1.53588164 -0.0602972694 1.11826003 0.121411234 0.573800206 -0.324606389 0.747246206 -0.0299126487 0.0792670697 -1.10062933 -0.50519979 0.561642408 -1.82955396 1.14102876 -0.310732573 -0.947843909 0.433647543 0.192828193 0.500061214 -1.00843251 0.397552341 0.407901287 -1.83729243
tensor backtrace_actor.0.weight 32 32
-0.153253049 0.0640172437 -0.116705425 0.132516369 0.129370645 0.121194027 -0.151646927 0.0821892172 -0.164162308 0.0121530341 -0.0194035452 -0.136569545 -0.178635567 0.117854118 -0.032245364 0.131260723 -0.0872711167 -0.158823341 0.00954455324 0.130675256 -0.104990393 -0.108840287 -0.0244396571 -0.051955983 -0.0459149256 -0.17173478 -0.0868572071 0.177196115 0.00582605181 0.171998516 -0.096255146 -0.103993677 -0.00766237266 0.143405035 0.0527876951 -0.0134985447 0.166598842 0.0511633605 0.0311394893 -0.09860681 0.0499613918 -0.063569352 0.150867164 0.164181083 0.0760848224 0.118918121 0.0561638474 0.0891549513 0.141295075 -0.0217135418 0.140259027 -0.136604533 -0.147684172 -0.069618389 0.155833989 -0.0727450848 -0.146693051 0.125485599 -0.164749861 -0.106841072 -0.107709073 -0.114154853 -0.00545952329 -0.124314114 -0.158873439 0.0824200585 0.0311255846 0.160791114 -0.111295335 -0.128420725 -0.077138789 0.128354535 -0.114146829 0.0255679078 0.106080316 -0.148024246 0.0442401432 0.118399322 0.0865704045 0.0456501991 -0.0394968949 0.122804254 -0.0286788084 0.0766879469 -0.12184114 0.119647689 0.0227565132 0.129883379 0.0289593376 -0.00179357606 0.0354011394 0.151114896 -0.138575077 0.11359036 -0.00636949018 -0.115094863 0.0537907593 -0.087780498 0.122481234 0.0656104386 -0.0483550914 0.0870903805 -0.137667015 -0.0166911166 -0.0461141467 0.0722487494 0.0596857928 -0.111642689 -0.0776261762 -0.157985777 0.146493882 -0.170791149 0.0740095824 -0.120147243 -0.0705922768 0.0182968937 -0.0919939056 0.12425933 0.135508701 0.109943196 0.0964500979 -0.0874465182 0.0802759454 0.0916946083 -0.0578496382 0.108328424 -0.101806298 0.149398014 -0.113146953 0.0681066811 -0.0360586643 -0.1445252 0.0584425628 -0.149497405 0.107039496 0.0580769852 -0.147300407 -0.14069511 -0.0384087712 -0.0209768713 -0.0132313417 -0.0701581389 0.133893773 0.0743236095 -0.0398020633 -0.096097514 -0.0281751286 0.166403577 -0.0051681418 -0.125544965 0.0373734944 -0.0831124932 0.0403147116 -0.0846286938 -0.148925424 0.132053643 0.0891710669 0.17330204 -0.143032044 0.104021721 0.116935357 0.104397319 0.0572462715 -0.00361694 0.147720695 -0.0886922777 -0.158959404 -0.108844332 -0.0338697955 0.0764353871 -0.167499676 0.062281929 0.159488827 0.0959310159 0.00123579998 -0.117680363 -0.165504694 -0.0593410656 0.0505665243 0.148215964 -0.110477462 -0.127075791 0.0286736712 0.0116686737 -0.045995079 -0.146216407 0.0189715885 -0.0921437889 -0.121572845 -0.165857837 0.140315786 -0.048706077 0.0793987736 0.172030509 0.162490398 0.0138317598 0.154275775 -0.079825744 -0.0476870388 0.120639808 0.0938408971 0.0313593261 0.0685333684 0.0136108715 0.0186779834 0.172152355 -0.0223092232 0.0557734221 -0.177912295 0.0726800635 -0.110772789 -0.047851339 0.109863706 -0.110199884 -0.158455342 -0.113904841 -0.095118463 0.120989345 -0.0633020774 -0.172709703 -0.140754014 -0.171341226 -0.0596846677 -0.110896848 -0.0332188867 -0.0931969658 -0.119857773 -0.0111647546 0.0703275278 -0.175188512 -0.0387621187 0.160152048 0.131384104 -0.0416972972 0.10095153 0.0335172266 -0.144197658 -0.0920436606 -0.158944726 0.00444418145 0.125245109 -0.0466518179 0.0317182541 -0.128857419 -0.0687086061 0.120505743 -0.0702508464 0.104413763 -0.162607998 -0.125034124 0.0297992341 -0.167963222 0.0649010837 -0.112503804 -0.13294749 0.158919632 -0.0881081074 -0.0211015847 -0.160978884 0.0739399716 0.0392139144 0.0210456681 -0.0569998361 0.0439924933 -0.110193811 0.0141961398 0.0489676297 -0.166148052 0.0165993087 0.0298475884 -0.139680699 0.0135895908 0.131463528 0.0814618915 -0.029380748 0.00631500315 -0.0847754031 0.115019828 0.026335733 -0.0685550943 0.0808477402 0.0420132577 0.14609018 0.151331916 -0.129826337 -0.0524099767 0.0566026755 -0.0994956121 -0.0267374795 -0.151306808 -0.0142373899 -0.174398512 0.102926448 0.0966934189 -0.0913662836 -0.128582329 0.0139292935 -0.00405644719 -0.115477957 -0.0937203094 0.145501569 0.0725116581 0.137481764 -0.123439036 -0.0144830737 -0.0221008006 0.0744446665 0.165043622 0.124110863 -0.119675703 -0.16960457 0.0290032383 -0.105164573 0.0274604335 -0.0265800189 0.144948974 0.156237453 0.0585064851 -0.0797748864 -0.127805442 -0.0258647222 -0.112145111 -0.171258241 0.1020789 0.125185758 0.037686877 -0.168295428 0.13161996 0.0418230072 -0.12922056 0.0175051335 -0.0244556274 0.163116246 0.0601549596 -0.121860214 -0.00618493371 -0.0911357552 -0.0180763453 0.0472810566 0.0670624599 -0.101255752 -0.00830584299 0.0835635215 -0.0496033914 -0.129283205 -0.00556821143 -0.150129616 -0.023714615 -0.0250746254 -0.134310499 -0.105073564 0.0540964976 0.0022896491 -0.0830394328 -0.0706496984 0.0612760708 -0.124710724 -0.142007411 0.0922242105 0.00715377741 -0.0188979637 -0.0933761895 0.0958526284 0.00655576168 0.00995822065 -0.00571193919 -0.076267615 0.173135743 -0.133015051 -0.0437007993 0.00080295658 0.174078569 -0.0344466232 0.0768119469 0.158638492 0.0498479009 0.153178513 0.0090352362 -0.148430109 -0.12922813 0.100931033 0.0578205101 0.0960405692 -0.0744922087 0.0879001245 0.0700095743 -0.0536755733 -0.00289987447 -0.0380830579 0.0040897564 0.141348973 0.161248952 -0.0708800852 -0.092011556 -0.0452421382 0.0130221024 0.152639687 0.0890374333 0.113111168 -0.060750369 0.107234597 0.117152825 -0.106413849 0.0244004056 0.104336858 0.128731534 -0.0909180194 -0.17666769 -0.0146201206 0.0491654836 0.173108324 0.124010108 -0.126258269 -0.149910346 -0.00251935259 0.0149884671 -0.105728678 -0.122279517 -0.0647019967 0.13644059 -0.047559388 0.018877808 -0.010047094 -0.0656708926 0.0750422403 -0.0856356621 -0.128303722 -0.0315093175 0.171902105 0.118457288 0.112512909 0.096239686 -0.159608826 -0.0841340646 -0.0517674312 0.114628695 -0.0481761247 0.120201394 -0.0245643035 -0.13070038 -0.0466778129 0.0217844155 -0.0690838918 0.111037195 -0.0809534416 -0.0951327533 0.0964757279 -0.0265150722 -0.047055494 0.101184174 -0.106970169 -0.114745632 -0.0629138127 0.134799123 -0.0454060026 0.0165854897 0.0355784371 0.150983632 -0.127795622 0.0964752957 -0.165844306 0.0542488061 -0.113751523 -0.0015283135 -0.0602286384 0.155571729 -0.0733155161 0.0437152646 0.0359806381 0.021119291 -0.152324811 -0.062134672 0.078924939 -0.117398277 0.134986863 -0.160741106 0.120243639 -0.0712202489 0.169952884 0.134469807 0.0187978428 0.157099918 -0.0758269578 -0.141491845 0.0306842458 0.0768321231 0.135644525 -0.0250047334 -0.0937381089 -0.158964559 -0.0314116739 0.0719016045 -0.00709130475 -0.110185057 -0.0346507989 0.0458440296 -0.0684958249 -0.105545238 -0.00834849291 -0.172119215 0.159943312 0.0428232029 -0.175174907 -0.0141955884 -0.0500955656 -0.0139368614 -0.0344910808 -0.0542127937 0.145191789 0.0590615645 0.13197121 0.105700292 0.0559403002 -0.00940405484 -0.169384703 -0.162778586 -0.0501161963 0.0524460077 -0.0921043605 0.000446794264 -0.122153059 -0.0699540228 -0.0861475095 0.163567558 -0.167613462 0.156633511 0.0832820013 0.0826355368 0.00428927271 -0.0013495757 -0.0693756267 0.0968660563 0.0828256384 -0.0195757132 0.102406301 -0.121807911 0.157824814 -0.115345284 -0.0171421245 0.0369860306 -0.0890459865 -0.0603347868 0.113555625 -0.00993806496 -0.0351058543 -0.146990106 -0.159306675 -0.086435549 -0.12921834 -0.0788267031 -0.0979987234 0.174062595 0.129416272 0.060161408 -0.119037427 0.162482306 0.114048928 -0.104576193 -0.11615213 -0.164283037 -0.0167983454 0.0563397482 -0.116661966 0.00638363697 -0.147816509 -0.0377359167 0.0300583486 -0.0397614241 0.0549475849 0.146887243 -0.167146742 0.168448165 0.168691441 -0.0324502923 -0.0132095404 -0.158548251 0.0929879993 0.0855667964 0.0180280358 0.085901089 -0.0185801797 0.0222616829 0.0610723235 -0.141254887 0.154435501 0.12262059 0.170922905 -0.172243759 -0.00358559447 0.142056927 0.00349793094 0.0149797313 -0.0772619098 -0.135719374 -0.141337529 0.111501999 0.0741862953 -0.12393301 -0.152233079 -0.136271745 -0.147690043 -0.132704809 -0.0180783775 -0.0994560197 -0.169174194 -0.105832107 0.0131721757 0.0784028098 -0.0855874196 0.159487426 -0.00736426935 -0.0577452555 -0.0541645847 0.164605901 -0.129766926 -0.0839265138 -0.0535686985 0.0449402966 0.116863266 -0.124644488 -0.104416639 0.000991570181 0.145674825 -0.134194732 0.103639096 0.1709757 0.0235578381 0.0156753995 0.0411862619 -0.00319473422 0.137775734 0.0500340015 -0.0143545028 -0.160171896 0.0926253796 0.0368313901 -0.0659484118 0.0777932182 0.00841816328 -0.0967949852 0.0603473596 0.171198472 0.118286826 -0.0633750558 0.0160335451 0.0209988877 -0.116664693 0.128624424 -0.0504722223 -0.0284339488 0.0428851359 0.0103319418 0.0963758901 0.155848756 0.0898160636 -0.0514855534 -0.0882781073 -0.173899621 0.126918852 0.074581407 0.0475622229 -0.103683069 -0.0299805943 -0.123797618 0.114028558 -0.0133820958 -0.176904812 0.102780424 0.0242847651 -0.100455448 0.150043815 0.0506878234 0.0230888594 -0.117107153 0.0696695521 0.104363792 -0.0974157602 0.164501622 0.0843434408 0.167137623 0.0176425483 0.123440534 -0.097844772 -0.12737225 0.0850972533 0.0364544317 -0.125555068 -0.105089456 -0.132929996 0.0460501984 -0.0250709262 -0.065242067 0.0462523475 -0.0189372376 0.0222408734 -0.131269604 0.159807444 -0.129199818 0.0283231121 -0.140127987 0.0310652796 0.0469445549 -0.14787297 0.108936407 -0.0276143048 0.114692554 -0.0732942224 0.0273444913 0.177424341 -0.0195911806 -0.138639882 -0.173065633 -0.0930840299 -0.0962208286 -0.0347530991 0.115083545 0.0958996117 -0.111373864 0.0611140095 0.118496671 0.121030033 0.145547628 0.155531645 -0.173040614 0.176598966 0.157692462 0.0812349319 -0.142559126 0.0816067532 -0.1132503 -0.000372568 -0.136353225 -0.111879148 0.0406399481 -0.00780083379 -0.0448854901 -0.0359739438 -0.108710103 -0.0698516816 0.0372574404 0.0416323841 0.117975786 -0.160737395 -0.0188040826 -0.0604465827 0.119213276 -0.0903788581 -0.0429615118 -0.144406125 -0.0512047596 0.0327579714 0.119555086 0.0840667486 -0.0574452616 -0.142570809 -0.164117098 0.120104983 -0.0716496855 -0.148862749 -0.11020916 -0.0826295912 0.122797489 0.0816536248 -0.157606393 0.0455775 0.106341146 -0.0578404516 0.0154296346 -0.00489843497 -0.0264151078 -0.0683746561 -0.15071173 0.0399942547 -0.06797456 -0.173983216 0.0171817429 -0.166774601 -0.139261901 -0.0254265182 0.120670587 0.0324412622 -0.0133492788 0.156086117 0.0337582342 -0.0783051848 -0.11464984 -0.155155718 0.00614175294 -0.099374488 -0.116391115 0.0346901752 0.173385516 -0.123419441 0.123932831 0.12099462 0.0593361445 -0.146333441 0.0703037307 0.0811375156 -0.0904068723 0.0824711397 0.0573991053 -0.136024207 -0.0704878718 -0.0696222484 -0.0157894455 -0.071748361 0.079000473 0.0179408398 0.169427022 0.168675005 0.154257432 -0.153266802 0.0447451621 0.150132492 -0.00428380771 0.0110714128 -0.0299379937 0.0753667057 -0.138839573 0.0567737706 -0.000789734127 0.0809025094 0.0377360135 0.108614013 0.137018248 0.0869524032 0.0491824038 -0.163855359 0.165711179 0.00463108066 -0.00137453619 -0.146546885 -0.167460337 -0.0967221707 -0.0469530597 0.088194415 0.135487363 -0.0762848705 -0.147852704 -0.0721593946 0.0906939581 0.0810385719 0.118979029 0.0963781625 0.0917562246 -0.113585733 -0.0794615224 -0.0789272338 0.112667151 0.00825001299 0.0699663609 -0.0836339593 -0.012103064 -0.175365999 0.170016468 0.067036584 0.128450036 0.12894845 0.0743865371 0.0455555916 0.039597515 -0.12404912 0.158546746 0.146387383 0.114687592 0.0672303811 -0.00188154553 0.14474231 0.144178987 -0.0495251045 0.0780808479 -0.0458988883 -0.158521324 0.119913876 -0.0930344984 -0.0141208563 -0.0520369373 0.11159151 -0.099857673 -0.156017944 0.0504325442 0.00286004646 0.0597120859 -0.0327949636 0.0787251815 0.0615434647 -0.0535322018 -0.0588140674 -0.0676837042 -0.0996483862 0.0064469846 0.0440119728 -0.109022431 0.0427069589 -0.126708031 -0.0598214455 -0.112312801 -0.0740249529 -0.0624414459 0.146307215 0.096141018 0.0249524377 0.15506874 0.035391584 0.00863791071 0.0108403936 0.135442227 0.155020371 -0.0678645447 -0.130752981 0.155527711 -0.169963107 0.173800796 -0.064138487 0.10953483 -0.13845925 -0.15558964 -0.00457436265 -0.053714253 0.168597341 0.127381861 0.0967878103 0.0737417489 0.178032711 0.155106187 0.0893568173 0.156436995 -0.123148508 0.170072868 -0.0611456372 -0.0753679127 -0.132133275 -0.157474443 -0.0961621851 -0.0204514172 -0.0283439141 -0.172542721 0.0120509295 0.0875999779 0.13662602 0.0109726721 -0.0175379422 -0.0464575812 0.127259955 -0.0896544307 0.0166980848 0.071407184 0.168159142 -0.145075709 0.0805740207 0.0721579269 -0.0259077922 -0.0462760627 0.000284872862 -0.0479618087 0.117399685 -0.172734484 -0.109475613 -0.146733373 -0.103523493 0.00821197685 -0.115316123 0.144263506 0.00546722347 -0.141451016 -0.113408342 0.0335853882 -0.107862771 0.067314893 0.0659286529 0.0405049138 0.0633283705 0.0116258496 0.171381891 0.0108302999 0.121235058 -0.0801542625 -0.123275034 0.110289775 0.124174491 0.160352781 -0.00928216428 -0.0028590674 -0.157008156 -0.03476087 -0.0932643637 0.00151927967 -0.1579777 0.00498792157 -0.111042932 -0.0890280083 -0.0877253786 -0.0135940462 0.12082772 -0.16696763 -0.169624269 -0.156577826 0.0314117074 0.150843874 0.0196360145 0.159011438 0.00881330669 0.158257827 0.0750192106 0.160412535 0.158283561 -0.0242316518 -0.12510334 -0.0854340121 -0.0909063518 -0.087068513 0.0321589746 -0.0206654686 -0.111175522 -0.0506034531 -0.170889497 -0.168383166 -0.115537971 0.136113733 -0.126234069 -0.0600842461 -0.0680653304 -0.134612352
tensor backtrace_actor.0.bias 1 32
-0.159077153 -0.0383503251 -0.0904325768 -0.0958307311 0.0611414686 -0.109585881 0.0831194147 0.153346926 0.164544657 -0.107562885 -0.0268172901 -0.090393737 0.114263244 0.0809280425 -0.0811336115 -0.143761903 -0.119576521 0.116680972 0.0836273134 0.14475292 -0.0590302385 0.0921726599 0.0372379199 0.095407255 0.00543661183 -0.177801028 0.136673883 0.109753579 -0.0470249429 0.0419337712 -0.172618002 0.031720411
tensor backtrace_actor.2.weight 2 32
0.0150705948 0.059763629 -0.166038349 -0.0922354981 -0.137154922 -0.16042909 0.0056021777 0.1506401 0.0717918351 0.0450901762 0.142030299 0.0166086964 0.0871268511 0.08203578 0.091914162 0.109712854 0.159531847 -0.00839267299 -0.152874038 -0.173563033 -0.081836842 -0.0775592327 0.150542557 0.126928747 -0.0361516289 0.0316902623 -0.116438068 0.16657044 0.123185769 -0.0472213551 -0.0514770709 0.0655374303 -0.157314867 -0.0494007953 0.154661402 -0.0307307038 -0.0131860627 0.0773618892 0.166872427 0.082749784 -0.0909672827 -0.00934013259 -0.0521779321 -0.129651487 -0.0515821688 -0.0343132205 -0.0404369421 -0.158339515 -0.0381774716 -0.0722566098 0.0693383738 0.043487709 -0.0807292163 -0.0382364206 0.0462512858 -0.146269768 -0.145552695 -0.0988276079 -0.144517988 -0.0658469349 0.0559421033 -0.136992127 0.0296973158 -0.159381941
tensor backtrace_actor.2.bias 1 2
0.175030813 -0.00319289928
end
