SMARTATPG_ACTOR_V2
embedding_dim 64
hidden_dim 32
tensor gate_encoder.0.weight 32 64
-0.154290333 0.114948146 0.262625396 -0.232507169 -0.324559182 -0.0691582188 -0.224063963 -0.161549091 0.333662719 -0.225533068 0.235232964 -0.0330372117 0.138198957 0.124182403 -0.0651070699 -0.118200727 0.080542013 0.182217062 -0.239019349 -0.0161879361 -0.297752738 -0.0331350863 -0.242013156 -0.074570775 -0.0686701611 0.166729093 0.0568101592 -0.139992595 -0.283619702 0.0425098836 0.277257025 0.102024652 -0.00855256151 0.25211373 -0.331392109 0.275809497 0.138740793 -0.102012753 -0.28112483 -0.0499866158 0.145571724 -0.0508432873 0.0933331549 0.0372844264 0.0303232893 -0.162535369 -0.290039062 0.0557946414 -0.106767938 0.04580741 -0.00695913192 0.192736015 -0.123076089 -0.0723212436 -0.0251851324 -0.214213073 0.225097835 0.205488294 0.323868543 -0.151312396 0.171777979 -0.136602253 0.158227101 -0.10601823 -0.0190344583 -0.126943782 -0.0650131181 -0.0143368999 0.131494224 0.0719949082 -0.0706674382 -0.0480260625 -0.112271458 0.0460136645 -0.0414232351 0.0245186668 -0.118530788 -0.156308189 -0.147534773 0.0128424708 0.0932299867 -0.11695341 0.151884869 -0.17413263 0.156116754 0.0460015833 0.137925923 -0.0100559378 -0.0922575444 -0.0957956687 0.0849936381 -0.135603771 0.0246222932 -0.0375934169 -0.193887457 0.0928302929 0.0939884484 0.0097589111 0.101576805 -0.170703813 -0.0955235511 -0.152464315 0.0753483698 0.121139951 -0.0540721118 -0.158940002 -0.228546798 -0.057295341 0.136851832 0.0733406842 0.0570389889 -0.00795030035 -0.0404713377 0.0671271905 0.0642429218 -0.035427615 -0.0162223596 0.114784859 -0.105011657 0.131630644 -0.0167201739 0.102690309 0.128907472 0.0339722596 -0.0423837528 0.0324597843 0.12759003 0.0583920144 0.0518759489 -0.167795956 -0.301797897 0.0619403459 0.135929316 0.119152173 0.195720166 0.114239208 -0.398585618 0.241030514 -0.187492952 -0.0488464534 -0.00439355616 -0.242766723 0.035829518 0.0824803188 -0.0374463163 -0.170219541 0.31520772 0.0859396681 0.255778223 0.198464185 0.314653397 0.0712615624 0.107587591 -0.257939905 0.0936098993 0.0678155273 0.322728097 -0.246491268 -0.203993782 -0.107563019 0.124560669 -0.225732803 0.113368146 -0.222810522 -0.0977389961 0.179467008 0.205919936 0.122158103 -0.114322908 0.18533659 -0.329171091 -0.244822472 -0.0448624268 0.113598652 0.225601822 0.151250333 0.0333107598 0.0455748774 0.160221249 -0.215833023 0.191930026 0.0220741425 -0.0726243481 0.1181328 -0.304799497 -0.230331302 -0.18263948 0.146958664 -0.204844981 0.205210432 -0.067857042 0.0972528011 0.137791634 -0.185006708 -0.178652495 0.0926947743 0.343072146 0.3057217 0.363142192 -0.00676876912 -0.286566257 0.290712088 -0.121214554 -0.0594901852 0.0098745618 -0.23763217 0.16192925 0.0259063449 0.148158133 -0.139953837 0.243992165 0.0911835805 0.274274349 0.0790646747 0.333621472 0.169352651 0.218146756 -0.34113875 0.0444574393 -0.105676651 0.171239465 -0.190072984 -0.146407396 -0.10803014 0.263315678 -0.314503074 0.282005131 -0.228135839 -0.197527736 0.223798349 0.219652727 0.0170407221 -0.258038491 0.252194643 -0.210614547 -0.169384122 -0.103734799 0.0559157282 0.188308656 -0.024915494 0.0839354247 0.079742156 0.232047752 -0.31060645 0.251834899 0.0153515823 -0.237895235 0.139200613 -0.398487568 -0.270473063 -0.2174768 0.296622396 -0.30500868 0.328794777 0.126694351 0.173991919 -0.169721678 0.207091585 0.094927676 -0.00606847508 -0.0541755557 -0.114336357 -0.123234622 -0.00754290726 0.149945706 0.0598387942 0.144555315 -0.0616870858 0.176959038 0.0517078824 0.145964295 -0.275463939 -0.0802593157 0.139221132 -0.117600843 -0.118021816 -0.175957009 -0.12123771 -0.323347777 0.0943131596 -0.237247661 0.188569397 -0.0019199308 -0.173426062 -0.2496299 0.14991878 0.341853082 0.189331889 -0.0582598373 0.141907334 -0.0892023444 0.441261441 0.171934515 -0.145801142 -0.163606346 -0.000393340539 -0.0196333583 0.00791242439 0.195821747 0.229476899 0.0105132498 -0.107716613 -0.224161327 0.0129707232 -0.123209819 -0.120857179 -0.0488340221 0.0721527636 0.0470466688 -0.160072386 0.0370564684 -0.17867884 0.037163794 0.0645129383 0.222522631 -0.200374678 0.257806689 -0.374639452 0.114100516 0.0858870372 -0.00531882886 -0.102854274 0.0849317238 0.138515308 0.0492722914 0.0571757928 -0.0767735615 0.0797664374 -0.0462199673 0.0266015455 -0.0159101672 0.192460895 0.00541964592 0.0554336458 -0.121354647 -0.0418613479 0.0973628312 0.103998974 -0.0120415045 -0.105000876 -0.0142222913 -0.00621793512 -0.162750393 0.118116669 -0.160282835 0.175646663 -0.0118162679 -0.0119748414 -0.0941617265 0.0999791548 0.168695286 0.102252625 -0.0919173509 0.146538749 -0.201657623 0.124610186 -0.031609267 -0.00286722067 -0.119108833 -0.0529477932 -0.0767795518 -0.0428770632 0.140586421 -0.0384077169 0.138325632 0.0502967015 -0.126738787 -0.139854148 0.0730446652 0.101390503 0.0637974292 0.157441705 0.141299576 -0.0799458399 -0.0529031865 -0.0440302305 0.124204263 0.188605323 0.369825482 -0.124818929 0.0890641958 -0.220768899 0.0852686539 0.00589883188 -0.0981744453 0.350357682 0.191410795 -0.179592639 -0.186822325 -0.329868585 -0.139444441 0.0511781871 0.389664173 -0.190406114 0.042124372 0.188156649 0.0865250155 0.290814847 0.0632114783 -0.111304432 -0.152251661 0.190050662 -0.408894092 -0.136556238 -0.290188491 -0.0646412149 -0.297064215 -0.340773761 0.0175149143 0.25413233 -0.107125349 -0.0646233037 -0.0846746117 0.281554788 0.168658361 -0.0391095579 -0.190576926 0.175735235 -0.226364821 0.0461679138 0.186436549 -0.0658297092 -0.104996689 -0.0474331044 0.280424625 -0.053419929 0.221403137 0.239146292 -0.046040941 -0.170925736 -0.178438783 -0.0888718143 -0.0682030693 -0.10611017 -0.11782524 0.288306206 -0.29932943 0.0952763706 0.300310999 -0.20828478 0.25052169 0.11450164 0.267675549 -0.0693050548 0.249428764 -0.00370071991 0.0971206203 -0.0714478195 0.0401566587 -0.11471168 -0.0990700275 0.0141323796 0.093675144 0.0258981474 0.148759395 0.0254712161 -0.0692300722 -0.0511800386 0.0247250181 -0.114387691 -0.15448831 0.0199190248 0.0927537009 0.209079862 -0.125839561 0.0277984478 0.103700079 0.0735061914 0.148892343 0.00784417801 0.132781729 -0.103393279 0.0132087525 -0.161680773 0.0485883281 0.141991556 0.206646487 -0.146619543 -0.142568737 -0.0998132154 0.177853629 -0.0671322197 0.153767794 -0.101799235 -0.0406381488 -0.0164625943 0.0551942065 0.167065904 0.0104177119 0.00742691103 -0.230261981 0.0309240595 -0.174628586 0.0164050795 0.159083009 -0.00764212105 -0.0475166328 -0.0594254248 -0.153724238 -0.0919267982 0.0537800267 0.038262438 0.0942256302 0.103109606 -0.145370051 -0.173184618 -0.224945024 0.18267031 -0.171798259 0.199688286 -0.0964922085 -0.125350699 0.0218954552 0.0245203823 0.187302008 -0.0593848079 -0.138089165 -0.0316444039 -0.0486918315 -0.131374776 0.105922379 -0.126672164 0.163525984 0.0709371343 -0.0492392369 -0.0362184308 -0.30078578 -0.0944558382 0.127860367 -0.0554050729 -0.191967726 -0.193923965 -0.0348228849 -0.0715172365 -0.102773897 -0.210418463 -0.0550894924 0.139150172 0.0152871851 -0.103094354 -0.298714221 0.117300063 0.126696587 -0.126195177 0.0186101366 0.162867814 -0.124725081 0.0551966019 -0.181653768 -0.0232033748 -0.299728453 -0.0455277674 0.0151080443 -0.13404201 -0.0610553212 0.0709558353 0.11655362 -0.00321338698 -0.0931045189 -0.128690779 0.0837173611 0.155295104 -0.0613395125 0.206645355 0.0632255003 0.0711415783 -0.0197783913 -0.000304142333 0.159681141 0.10761448 0.203378633 0.00349058257 0.246834069 0.0275388528 -0.0361625738 -0.0402889326 0.0289700162 0.0626682192 0.196423367 0.00708501413 -0.0618497729 0.0497345962 -0.299083561 -0.0331864655 0.061891865 -0.0872138664 0.251636714 0.185272008 0.134478271 -0.0769350976 -0.072676912 -0.337115347 -0.116883293 0.181123748 -0.196646571 0.0131267281 -0.193733349 -0.00324220606 -0.182737172 0.0385578386 -0.173340946 0.252875984 -0.193926916 -0.0471345074 -0.235027805 0.0289922226 0.208625957 0.170782998 -0.222550198 0.235979661 -0.0605160594 0.159725606 0.173391625 -0.159085825 -0.102375105 0.0951625034 0.0617998838 -0.171238616 0.122061908 0.0759686753 -0.00609515002 -0.0433687828 -0.300672859 -0.154299706 -0.101446047 0.0608989075 0.0125111314 0.180647165 0.0756760836 -0.0988072455 -0.0914407149 -0.0787529126 0.10066162 0.219566628 0.331018388 -0.0994862542 0.276456833 -0.22300078 0.138422772 -0.0299945343 0.0677371472 -0.066323027 -0.184562594 0.0837141648 0.189161971 0.107529327 0.303944588 -0.102816515 -0.111211777 0.116009921 -0.109292567 -0.215159595 -0.0729878247 -0.141755491 -0.0292341132 -0.0172462538 0.00192740734 -0.198451921 0.160677761 0.187379748 0.280636251 0.080441609 0.155077472 0.19371143 0.153189227 -0.222941786 0.0877422616 0.0517359972 0.178217873 -0.132943019 -0.208854795 -0.161043823 0.00383407949 -0.0950352252 0.0525647439 -0.318413049 0.0109377922 0.0622232854 0.184161961 0.108471699 -0.00763288373 0.124277823 -0.231531873 -0.189126804 -0.0895311609 0.075362131 0.372076362 -0.0446073748 -0.0224795304 -0.0672311857 0.0776022896 -0.176119238 -0.059393093 0.00125886279 0.0483054295 0.0305184815 -0.280850202 -0.228289276 -0.382685542 0.303502768 -0.13043423 0.245018572 -0.0786851272 0.0969981998 -0.0676591471 0.233272642 0.207207024 -0.0572385751 -0.128915519 -0.103487872 -0.268205702 0.0345405005 0.250634104 0.00420585275 0.105117507 -0.0449743345 0.059910655 0.136822 0.133974478 -0.212665305 0.0538423881 0.211026773 -0.131611317 -0.19279018 -0.38570717 -0.0953057855 -0.23104012 0.00648263143 -0.134523317 0.25191921 -0.100595362 -0.188217506 -0.168670714 0.00572245382 0.212284788 0.155665681 -0.170668364 0.172552884 -0.247597322 0.341302902 0.223558322 -0.105848126 -0.152031526 0.0974942818 0.1079714 -0.100664735 0.355598032 0.112034023 0.257409394 -0.0259325206 -0.290594459 -0.0144776134 -0.0870289952 0.0902766362 0.1318492 -0.0820009634 0.0971007943 -0.0815592036 0.162203461 -0.203514308 0.0571050867 0.275171071 0.266371638 -0.259846926 0.364880025 -0.42476967 -0.115438879 -0.0924100354 -0.146902204 0.299701184 0.26171425 -0.164864808 -0.192072242 -0.159360602 -0.428998709 -0.0817377716 0.417931765 -0.0918315426 0.133699626 0.124737315 0.10884352 0.324776471 -0.157955304 -0.165978387 -0.0899416506 0.0810356885 -0.363225996 -0.120036691 -0.412099838 0.00161744538 -0.347376645 -0.235469639 -0.307011127 0.433353513 -0.170963436 -0.128153875 -0.405190676 0.232526898 0.260024816 0.134832263 -0.232783675 0.202415273 -0.321811765 0.30046621 0.280440032 -0.222408339 -0.241002962 0.0955477729 0.0934349895 -0.217180848 0.348251909 0.0502913855 0.02824541 -0.157459199 -0.253751308 -0.254125893 -0.120089002 0.0774784014 -0.0912299603 0.309268892 -0.117090769 0.00958932657 0.108006708 -0.138524443 0.303452939 0.163525343 0.312089264 -0.379770994 0.373445868 -0.423266113 0.0430501662 -0.0786590874 -0.196523413 0.221140489 0.166021883 -0.0526195988 -0.259167194 -0.00598691124 -0.2247677 -0.00649670092 0.203434035 -0.0243167765 0.189391747 0.0901936889 0.110652402 0.161400527 0.0165274739 -0.211152405 0.0376443267 0.152316749 -0.0523179695 -0.0260620695 -0.155807823 0.0267951488 -0.301393598 -0.00849649403 -0.163326234 0.220208913 -0.012914055 -0.184042662 -0.326217294 0.179920763 0.385109782 0.0581580587 -0.140944153 0.0494885892 -0.243652135 0.232809752 0.125854567 -0.190092236 -0.283606797 -0.115509994 0.0338783227 -0.18572548 0.101016387 0.189817742 0.172591761 0.00191281841 -0.243480131 -0.0342506394 -0.113058522 -0.0845041797 0.0189496577 0.0245477371 -0.0196822956 -0.193751693 -0.0649179369 -0.126865223 0.00178780453 0.141237989 0.261195213 -0.271658361 0.324018121 -0.395152777 -0.000430323504 0.0412035845 -0.014329059 0.339371532 0.264121473 -0.158508226 -0.206501395 -0.287073672 -0.19609274 -0.0503109545 0.297769397 -0.135709628 0.15496558 0.232797027 -0.0282390919 0.0885945857 -0.0584662333 0.0907196179 -0.128100127 0.0201205034 -0.359590769 -0.278807223 -0.151169002 -0.203905299 -0.21259962 -0.124618009 -0.0825900808 0.184899569 -0.226908162 -0.0552999601 -0.272032917 0.155947283 0.0158195347 -0.00832008291 -0.177500144 0.226371065 -0.298905015 0.0605361834 -0.00812677294 -0.19831349 -0.208159 -0.00993255246 0.28457284 -0.224831954 0.280540407 0.0593526885 -0.0356126279 -0.162668541 -0.229820207 -0.193037063 -0.0530651473 -0.133087188 -0.201464728 0.164645836 -0.200354218 0.15160428 0.115210235 -0.11121355 0.258112907 0.246411353 0.204678714 -0.275740921 0.219790265 -0.223077595 0.101772055 -0.121609546 -0.0722138509 0.0461754166 -0.0135363219 0.0909264088 -0.0894341245 -0.00315933907 -0.134608716 -0.112235829 0.246256188 -0.148994356 0.0922048017 0.0975980982 0.142446101 -0.148714155 -0.0995074511 0.0586551055 -0.0164554939 0.0854404196 -0.169406116 -0.0250779558 0.00255145901 0.039555788 -0.207657471 -0.0197338201 -0.0324986018 0.17052567 -0.00658809394 -0.145806268 -0.0867688209 0.135256127 0.172111407 0.0485990159 -0.0829723105 0.0681610256 -0.075169377 0.187163368 -0.158851624 -0.104095623 -0.0628330484 0.0210146643 -0.00730109261 -0.181307659 0.0269144494 -0.0559021533 0.110676959 -0.134298488 -0.208858788 0.0298686475 0.119907178 0.109812565 -0.0558899716 0.245987833 0.0591740459 -0.10124889 0.0899011344 0.060479749 0.118743151 0.168515384 0.103747085 -0.00282101124 0.199053392 -0.207093313 0.00700741354 -0.084090665 -0.00188206777 0.198013276 0.215999708 -0.0942212343 -0.0227218959 -0.0213208329 -0.201426879 -0.0473310575 0.195708886 -0.192065895 0.0306395534 0.224102616 0.0941542611 0.204927519 0.0278123822 0.0510808676 -0.080277279 0.202538386 -0.207625255 -0.17034705 -0.121815018 -0.078124173 -0.0401043184 -0.206620544 0.0836428478 0.0958514586 -0.143050089 0.076564379 -0.166837901 0.207112521 0.0462978631 -0.026855791 0.00766030373 0.0805419236 -0.128820568 0.145989507 -0.017891394 -0.175017595 -0.185017571 0.00402527396 0.110470667 0.00323129585 0.114674792 0.0282976404 0.0202965122 0.0715996027 -0.0658790842 0.0664469674 -0.0508312136 -0.0802801326 -0.117211804 0.205172941 -0.055693116 -0.144082263 0.161334097 -0.0840559676 0.190680027 0.229948387 0.273318678 -0.027851481 0.139035508 -0.151604116 0.0731735677 0.0513346903 0.0723337457 -0.162909225 -0.194331452 0.134305537 0.213849187 0.210655779 0.377157211 0.0341121033 -0.20196262 0.059270665 -0.127427682 0.0259495024 0.00472670048 -0.231023625 -0.0588410571 0.13591896 0.177759722 -0.177480429 0.213732123 0.198612705 0.170507893 0.103922486 0.397756904 0.0781875551 0.157620862 -0.143487141 0.132725999 0.0526843518 0.341126502 -0.147204414 -0.263784707 -0.111323006 0.180636689 -0.24892129 0.229794979 -0.291879654 -0.00669392897 0.06018731 0.20108813 -0.055607453 -0.0904332921 -0.039071992 -0.258112907 0.00569956936 0.177510455 0.101075865 0.206772938 0.0973699093 -0.00366844027 0.0839527547 0.120700158 -0.191151351 0.247450903 0.0483979434 -0.234405264 0.301204354 -0.298375726 -0.29615587 -0.232846811 0.182751551 -0.305867165 0.240455747 0.0327180736 0.122847445 0.0930049345 -0.297304302 -0.191856578 0.394794405 0.236717805 0.29416889 0.0387633741 0.195100188 -0.290804535 0.301733702 -0.184838921 0.0610006973 0.0897918493 -0.41691798 -0.0627255514 -0.0463908389 0.148399532 -0.14411518 0.354947627 0.0229853429 0.253926754 0.0541195944 0.173718065 0.237641424 0.150857374 -0.152916119 -0.0300691947 0.025441587 0.073542282 -0.151063964 -0.0597383082 -0.0652077198 0.166479588 -0.371919841 0.101304531 0.0500773415 0.083374925 -0.21661 0.110996962 0.0602162592 -0.246584266 -0.0667868704 -0.168394879 -0.0918047279 0.0550613441 0.103304423 0.16405347 -0.224869177 0.00276866695 0.143824786 0.239085495 -0.162102386 0.265119135 0.0397955924 -0.33678931 0.195328429 -0.284342587 -0.145739332 -0.109447062 0.00181838311 -0.266506433 -0.0370289832 -0.0405353606 0.325595975 0.0786222816 -0.254520029 -0.346768171 0.301510632 0.229510486 0.335467666 0.136598319 0.113693237 -0.265179068 0.183484539 -0.0228728186 -0.165234581 0.041301582 -0.112219766 -0.0181248207 0.0173471719 0.0324463919 -0.0395475812 0.234115288 0.11320591 0.167690411 0.0616494343 0.237763792 0.315615296 0.00420542574 -0.241550878 0.128904015 0.0154381087 0.232252881 -0.139541075 -0.144261971 -0.124877833 0.149669185 -0.225739211 0.248951226 -0.0960135981 -0.00460380781 0.0480597205 0.156843513 0.0885244161 -0.159205556 0.0500261076 -0.0758577138 -0.231505141 -0.0317960866 0.19459866 0.195720226 0.0119979437 0.186527297 0.127926722 0.151893586 -0.192286089 0.309540808 -0.0510463156 -0.256609648 0.189892784 -0.240353569 -0.168521032 -0.385044724 0.303721815 -0.18516618 0.0613223538 0.111958236 0.296378285 0.0122384671 -0.106149584 -0.178188771 0.0845161006 0.148113772 0.0952778757 0.346983314 0.00652328506 -0.357659578 0.182600483 -0.119441628 -0.122232161 -0.146031827 -0.161564112 0.0421691723 0.0328122638 0.038504459 -0.132131591 0.286502063 0.184120983 0.193644226 0.108225591 0.223219454 0.0440078266 0.24668549 -0.151097298 0.061168354 0.00966583658 0.317619592 -0.120837584 -0.101375416 -0.16011475 0.100631014 -0.190493718 0.268533945 -0.329936892 -0.15447247 0.108808622 0.316898674 -0.0435629152 -0.10246338 0.237195402 -0.288313359 -0.0998185501 -0.0582147799 0.126791522 0.316046357 0.0904008001 0.135049731 0.0822178051 0.175799668 -0.083292596 0.134564146 0.0167537257 -0.0542150512 0.141259775 -0.269490331 -0.313542992 -0.263414204 0.157141864 -0.215168849 0.262446284 -0.155415028 0.160096437 -0.181653142 0.152397901 0.0852072835 0.0385749526 -0.207682803 -0.0915000364 -0.142647266 0.0460808314 0.100584276 0.00342968875 0.0592269599 0.0727086216 0.0476420894 -0.0617030114 -0.0483819023 -0.149908602 0.0101007614 0.175746232 -0.0926681235 -0.19655247 -0.20303303 0.0218557455 -0.318347991 -0.118931152 -0.19850041 0.0520462953 0.0236765631 -0.0317727029 -0.216720745 0.107252918 0.232806906 0.128291965 -0.129882455 0.0310941488 -0.0809449255 0.158885151 0.206813931 -0.139718756 -0.322805196 -0.0635455549 0.107154496 -0.0486036129 0.201193213 0.0547113679 0.0912086815 -0.0487657785 -0.26067248 -0.00422369642 0.00755224004 -0.0650343224 0.0333896019 0.172503248 -0.0544068106 0.0198446922 -0.0325426124 -0.101666249 0.0987102613 0.1700546 0.15875563 -0.303818852 0.31157136 -0.300475448 0.00270852074 0.113181852 -0.103436865 0.151966095 0.366453916 -0.292190492 -0.130301446 -0.234400824 -0.237557128 -0.0270763803 0.275292814 -0.122627661 0.0413802303 0.0685138553 0.103284061 0.187892213 0.0570157953 0.0247730762 -0.19723922 0.161478281 -0.350728035 -0.0671196431 -0.286489129 -0.157094315 -0.281110674 -0.157705382 -0.0898659527 0.201299086 -0.137912259 -0.0454375632 -0.267842442 0.345941812 0.138621062 0.139862046 -0.15778695 0.189626381 -0.371606529 0.207855567 0.0701604784 -0.0346008837 -0.255129606 0.0394477583 0.0631722733 -0.0339234397 0.180880681 0.119648509 0.0264180582 -0.0176750645 -0.319021165 0.0317542106 -0.158672258 -0.0490591563 -0.192790389 0.210197717 -0.150755554 -0.0386763476 0.193298727 -0.112228937 0.304044276 0.183830068 0.413867712 -0.30354625 0.464440852 -0.308089286 3.92469337e-06 -0.231785059 -0.0865613893 0.151899159 0.196661636 0.0224547777 0.00782516412 -0.123581201 -0.21102652 -0.00390990544 0.193341404 0.0502847545 0.11215242 0.00478141522 0.176424026 0.175210148 0.0631243363 -0.13766019 -0.0482580662 0.186898187 -0.148037612 -0.227001503 -0.28555274 -0.138605803 -0.215590179 0.0851082504 0.00702806376 0.257365674 -0.0969346538 -0.0964535922 -0.308055401 0.0523522906 0.128835812 0.0514601097 -0.212906554 0.0142170889 -0.0651652664 0.3903234 0.284541219 -0.0753780082 -0.165688038 -0.0520821214 0.0233945549 0.0568047687 0.24534376 0.198812023 0.0314226113 -0.120415688 -0.29984951 -0.00526603172 -0.0353076942 0.0315914825 -0.0930267721 0.184013188 0.0460800156 -0.142137006 0.211958066 -0.381080419 0.135260865 0.0756316185 0.333049029 -0.23691991 0.332769006 -0.302389234 -0.0477650352 -0.048744671 0.0961997807 -0.390303791 -0.305351794 0.270563722 0.398111641 0.130438522 0.379134655 -0.0106906714 -0.316555232 0.273199141 -0.180713519 -0.170445189 0.013078073 -0.132436469 0.044863876 -0.0264985226 0.170607343 -0.323324353 0.235786304 0.184301749 0.352326185 -0.0242896248 0.183084995 0.135272011 0.209083453 -0.153712586 0.0713300332 0.00683508953 0.188373089 -0.234171376 -0.0572933406 0.0576488562 0.0212452933 -0.422811657 0.230013654 -0.251500338 -0.189674377 0.165220186 0.336737037 0.0161372349 -0.158219874 0.149225652 -0.344229132 0.0175904594 0.0650956705 0.0198366735 0.420764416 0.161100611 0.0746128932 0.0132205924 0.059925504 -0.217974156 0.0959517136 -0.0103614889 -0.28505373 0.34033522 -0.233271807 -0.30128631 -0.346795857 0.102627918 -0.282826573 0.189236984 0.159316003 0.201932997 -0.00103489216 0.101855494 0.127403766 -0.0877928957 -0.202426344 0.0599299595 -0.274387896 0.024849236 0.233507037 -0.150954619 0.0471762195 0.251411885 0.140359327 0.125915647 -0.11084839 0.00219534454 -0.0034316571 0.106067859 -0.197664097 -0.243028834 -0.255330324 -0.034299545 -0.16599746 -0.211174101 -0.156021625 0.191330284 -0.031061057 -0.17875579 -0.23735106 0.0389251336 0.225261346 0.0975459442 -0.03877379 0.336187124 -0.0811755508 0.10540624 -0.0190148037 -0.197699144 -0.335014343 -0.0759316981 0.0115949009 -0.0648959279 0.0664478838 0.0485838838 0.0185921378 -0.202676579 -0.263754517 -0.216759384 -0.204033613 0.162678346 0.0865292028 0.266771644 0.0262009371 0.0737096146 0.117587388 -0.272566259 0.325739533 0.345225126 0.387413085 -0.128696963 0.247360304 -0.284103185 0.174666017 -0.0401981436 -0.124976359 0.0989740863 0.149726272 0.167918876 -0.127670079 0.167970166 -0.26511088 0.133734465 -0.0499645621 0.00434731087 0.128145814 -0.115181364 0.00931422319 -0.05090997 -0.0318808965 -0.12260294 0.109465271 0.195237383 -0.12737377 -0.10495194 -0.231958315 -0.0702826679 -0.143277824 0.117262229 -0.155151755 0.171537519 -0.162936121 -0.195169762 -0.199550346 0.0788109303 0.135186017 0.000773686799 -0.164537981 0.0612871125 -0.191028506 0.281616002 0.287472546 -0.228162259 -0.142153457 0.101628974 -0.0425005332 0.0140926195 0.190287247 -0.0390656218 0.242545813 -0.0155903185 -0.104854368 -0.0346481912 -0.0971433595 0.0898154527 -0.00383211975 0.0488051511 0.129105762 -0.00996916275 0.0006876486 -0.106030345 -0.100197025 0.189869449 0.299184054 -0.116084553 0.246832222 -0.365514696 0.0118494965 -0.0160992499 0.0961992592 -0.0633931831 -0.0263293833 0.180079594 0.0269193333 0.193365961 0.155171096 -0.113229848 0.0439746082 0.145241112 -0.142002106 -0.0166953523 0.137616619 -0.0606124103 0.130360782 0.00950369518 -0.105346926 -0.0595782064 0.059181504 -0.0498893037 0.113446996 0.104353689 -0.0458580554 0.0921150073 -0.0328419507 -0.0150813162 0.00679069897 0.0618681982 0.17681396 -0.0103508569 -0.00380570279 -0.0416731685 -0.0317281671 -0.0237508062 -0.0900274739 -0.106939882 -0.0838481262 -0.0617583469 0.0020061566 0.100502364 -0.169458747 0.103781156 -0.0396109261 -0.0427007787 0.0263871495 -0.0519215576 0.125525579 0.0941275507 -0.0397044271 0.104488634 -0.0359201021 -0.219194904 0.0307109132 -0.0820869058 -0.0353376567 0.0977097377 -0.0265308395 -0.0344416536 -0.0557029843 0.133900568 -0.0931838378 -0.0605286621 -0.0835754052 0.0315063447 0.200827643 -0.306686729 -0.319952607 0.199863479 0.136471823 0.242976919 0.160610303 0.0906803533 -0.239214599 0.11720898 -0.30812034 -0.109912045 -0.209782317 -0.148423091 -0.123033591 0.113130026 0.0287044216 -0.207846671 0.376827478 0.131750911 0.40474242 0.127233103 0.156280741 0.201481894 0.00152203767 -0.349788815 -0.00136451062 0.0387739167 0.212657213 -0.246365517 -0.30825907 -0.145876676 0.24902755 -0.144659385 0.147601321 -0.314761132 -0.147970393 -0.0860281214 0.179941684 0.0118289879 -0.119385719 0.0455021039 -0.401948154 -0.0660369098 0.0711780861 0.117480226 0.255440772 -0.159732968 0.159002975 0.201052338 0.166934013 -0.13653484 0.271959573 0.121378757 -0.253481001 0.409836411 -0.378447115 -0.275938332 -0.239239782 0.0935561284 -0.241201013 0.274376988 -0.0710069463 0.196624294 0.000774092914 0.131513834 -0.036817871 -0.0368813798 -0.0550842881 0.0796603709 -0.131475195 0.139453024 0.168910056 -0.0911398977 0.0526901558 0.262915075 -0.130173758 0.0458821766 -0.25100702 0.0218830574 0.15391323 0.105383985 -0.017736569 0.010571776 -0.059666656 -0.0303216577 -0.0786257759 -0.0865840316 0.00193674071 -0.0914946571 -0.216400132 0.0196839366 -0.0989745408 0.0678522214 -0.00485100597 -0.177670479 -0.129379407 0.030668892 0.0361596756 0.0592889749 -0.0815798789 -0.0672938824 -0.0506262518 0.0825724378 0.17825824 -0.0754436255 0.0086590955 0.265988797 0.0175338015 -0.00878479052 -0.121600814 -0.0834947824 -0.0470421575 -0.0531237908 0.00763155706 0.224787474 0.123676926 0.0874411315 0.0946677551 -0.0896102935 0.0791095197 0.273460448 0.129503518 0.0923143551 -0.0226045977 -0.0165735297 0.0463400856 -0.0668265671 0.157354876 -0.326613337 -0.233725429 0.206129894 0.267818511 0.253300399 0.190118849 0.122712903 -0.376076132 0.332037389 -0.190004706 -0.188392535 0.0160137154 -0.246831492 -0.0578496382 0.145327166 -0.0123113431 -0.152012393 0.293691665 0.0690781623 0.20828709 -0.0134261549 0.305866063 0.286080539 0.253938705 -0.24618049 0.169372499 -0.129533261 0.336363137 -0.291771561 -0.125484407 -0.111024328 0.0424677543 -0.412824869 0.152485669 -0.172275573 -0.0548375584 0.184379905 0.237592027 0.0834342614 -0.239770502 0.209294707 -0.201192707 -0.222758487 0.128729269 0.137121126 0.38679713 -0.0117941266 0.0552803576 -0.00346984551 0.188945413 -0.185722426 0.283361882 -0.0700262934 -0.0972099453 0.150529444 -0.355330408 -0.189376131 -0.284015775 0.292689562 -0.273707092 0.0843662694 0.0577986613 0.247207254 0.0659922659 -0.0759092495 -0.239514947 0.191214189 0.0777840689 0.141077921 0.267008275 0.0767248124 -0.297906011 0.162643015 -0.0451254919 -0.0151867894 -0.0343659483 -0.24572593 0.109744824 0.128900602 -0.0164387785 0.0131328115 0.266632587 0.257474571 0.343406916 0.143396929 0.335826486 0.0201804116 0.159040257 -0.157458082 0.144779295 0.0750844553 0.308452934 -0.0968657061 -0.128051624 -0.0873142779 0.27465409 -0.129031733 0.121192686 -0.326012522 -0.135063112 0.0903976113 0.200965211 -0.0298793036 -0.128196061 0.118714452 -0.0863509327 0.0242470317 0.0348518416 0.0647937879 0.351164401 0.156320125 0.104329571 -0.0479233973 0.0416944474 -0.147045255 -0.0153252669 0.202448264 -0.185177565 0.246463448 -0.164424151 -0.178504348 -0.291676044 0.160708725 -0.329211652 0.209386349 -0.0901691169 0.11469049
tensor gate_encoder.0.bias 1 32
-0.0563767403 0.0311399586 -0.044476267 0.0845224336 0.0933608785 -0.0145259118 -0.165505454 0.017990699 0.0810121 -0.0789762959 -0.0351713188 0.0310311355 -0.0267493781 0.114383653 0.00843265932 -0.0971744359 0.105563506 0.0890688449 0.0282314736 0.139854953 0.0174019895 0.0535593331 0.0417566374 -0.112545662 0.0380057432 0.0847496763 0.00204909686 0.0636240244 0.00780915003 -0.0033927511 -0.0759894699 0.0112457192
tensor objective_value_embedding.weight 2 32
0.225082189 0.499013066 0.202722594 0.805866003 -1.37572813 0.30208984 -1.86211908 0.396805465 0.784324646 1.74506485 -0.210177526 0.0658491403 0.525423944 0.617126524 -0.0771146417 1.05755866 -1.43196118 -0.877418816 1.31857038 -0.527958989 -0.124064833 0.485586613 0.313110828 -1.28588593 0.166189566 0.585949838 -0.331690669 1.35098159 1.19278169 -0.644541562 0.405400604 -0.978165686 0.597945094 -1.10592616 -0.0796584189 -0.372506648 0.799175024 -0.425879031 -0.247307196 0.00582033303 -0.861219525 0.823463082 0.491707981 1.56461358 0.379887313 0.367324233 -0.430828422 -0.652116597 -0.984536231 -0.510534763 1.22476792 0.367162526 -0.114283487 1.13234246 -0.821007848 0.778863907 -1.37615037 -0.432048291 0.670027316 0.0404384285 -1.8424679 -0.238454282 0.141468465 0.141249329
tensor backtrace_actor.0.weight 32 32
-0.112412505 -0.155024663 -0.146844119 0.128166959 0.158057034 -0.0144812176 0.0116645209 0.00293236785 0.133265436 -0.0366704501 -0.121577367 -0.0461200811 0.0412347876 -0.21213375 0.102750398 -0.0333688483 -0.0384592004 -0.159721985 -0.170592338 -0.120543361 0.0444304161 -0.024270108 0.0416612476 0.0953778625 -0.186341718 -0.117059931 0.0405355692 0.0304052345 0.0115400795 0.169016197 -0.0887485817 -0.0126081165 -0.194383159 -0.127752349 -0.115757525 0.0495727472 -0.044862587 -0.163402691 0.165212944 -0.111543469 -0.167536154 -0.0873256177 0.108962476 -0.0914975554 -0.106336907 -0.0903795362 -0.163794249 -0.00315949274 0.023033822 0.158287868 -0.190308034 0.197781444 0.0619419627 -0.0490308404 0.0335126966 0.0587104149 0.0480510779 0.0836084187 0.0628188923 -0.12063814 -0.110529311 -0.0256215204 -0.00176579098 0.185790703 0.16852732 0.00358764175 0.0362077616 0.00919244066 0.0310176183 -0.205518976 -0.0718394369 -0.0826509222 0.137689024 -0.166017249 0.0535969026 0.0238797013 -0.0367638916 -0.118072897 -0.0996093601 0.111446038 -0.104665853 -0.00970068108 0.1171408 0.165633529 0.00320210704 0.187722281 0.0963314399 -0.100982778 0.154181853 -0.15548335 -0.154221877 -0.103222981 0.0624975488 -0.145257324 -0.00401342195 0.0280327443 -0.06619142 -0.0234846603 -0.0615904555 0.026154682 -0.0870193988 -0.0720092207 0.0830819532 -0.172007829 0.0154159339 -0.0581384413 0.00212386576 -0.0780362189 -0.107468128 -0.0178772714 0.200034872 0.164426088 0.164833248 -0.0835727081 -0.110982604 -0.0737699345 -0.242826492 -0.130933583 0.00936231017 -0.0187362451 -0.0196650922 0.0585988425 0.0157342143 -0.113024421 -0.0340592377 -0.0194538329 -0.22739172 -0.199496612 0.0475947224 -0.0302594714 -0.242924675 -0.278382421 0.257858813 0.0444745831 0.258242875 -0.244984224 0.0343798734 0.0123117277 -0.144965664 -0.0926799104 0.210728362 0.160884008 0.146866515 -0.177511588 0.260588706 0.00882227719 -0.204748243 -0.0631134063 -0.181693181 -0.00704172719 0.114870138 0.245411843 -0.146022081 0.114538997 0.167316243 -0.204116628 0.00156159478 0.092720218 -0.125480443 -0.264098823 -0.0992291048 -0.168363333 0.3449471 0.0617099591 0.127567887 -0.157681197 -0.0207112338 -0.0660113171 -0.324478686 -0.0267463867 0.364495903 0.163372427 -0.297005504 -0.13568145 -0.0927571133 -0.00706858747 -0.0673616007 0.206540287 0.190132737 0.379857451 0.286606848 -0.0356350578 -0.0859887972 -0.0832992122 0.0178280286 -0.304022282 0.185167775 0.0542647131 -0.176529035 -0.161369666 0.336369038 -0.0239695497 -0.162632599 -0.000507938501 0.0350218341 0.208839104 -0.0662620291 0.126773238 -0.0802309141 -0.0884406418 -0.0121482341 0.150414601 -0.00442218455 -0.00220588734 -0.0221760347 0.219548389 -0.0219407529 0.0473532453 0.0106814988 -0.0487988777 0.223994583 0.176776662 0.0817567855 0.0297480449 -0.206898749 -0.16416657 -0.14135614 0.0804129466 0.0673140734 -0.0119330781 -0.0968634933 0.048583068 0.153662458 0.186576784 -0.179878652 -0.179520994 0.0743702129 -0.0745157823 0.124299802 -0.167961359 0.0765323564 -0.0146791618 -0.196796805 0.0104039069 0.21403797 0.132645488 -0.0533146486 0.0123986686 -0.347771674 -0.162441894 -0.195006073 0.0365191661 0.203231171 0.219133481 0.24949728 -0.100363865 -0.234159812 0.148418054 0.160263032 -0.305647224 0.0813631788 0.0634598285 0.0946456343 -0.199557185 0.225007832 0.284530908 -0.0928154215 -0.0743250996 -0.0850955695 -0.199067205 0.0855420828 0.106707945 0.264854044 -0.199264184 0.0202223267 -0.0438227914 -0.235669434 0.185287416 0.212201774 -0.0141231203 0.259839296 -0.102024317 0.261018544 -0.191052526 0.0180000812 -0.0831072479 -0.16704303 0.0245268382 0.0551961921 0.115586005 0.0765395164 0.213998899 0.046925988 -0.231693417 -0.159826919 0.236611336 -0.371071905 0.0157910585 -0.117852196 0.0547840893 0.0724796578 -0.161116675 -0.144660696 -0.109492198 0.0828062743 -0.139781743 0.15337792 0.0367357545 -0.18953681 -0.0163701549 0.053022068 -0.167255074 0.263445169 -0.0698702186 0.0866996869 -0.103606738 0.0752798542 -0.132044464 0.0328066163 -0.079288207 0.0117974263 -0.0519451797 0.0453891009 -0.101267949 0.0177752152 -0.164582282 -0.16913572 -0.0507282987 -0.186447233 -0.166913703 -0.247946382 -0.110885732 0.0348867923 0.206461951 0.068848066 -0.159914345 -0.0810649246 -0.0554296337 -0.0504359268 0.017862726 0.0153917558 0.160954878 -0.286812723 0.101593494 -0.1099189 -0.131787077 -0.0626770034 0.125819504 0.233087778 0.299558729 0.146986365 -0.0373945534 -0.140248761 0.118742175 -0.0679878518 -0.197910845 0.175534204 0.103113383 -0.0465268418 0.0295592248 0.171720788 0.213441879 0.0473744124 0.00387374335 0.311853617 0.124885552 -0.189456969 -0.0744777322 -0.281672478 0.148835301 -0.16921705 -0.144487694 0.20904775 -0.0405037366 -0.0811059624 0.105161771 -0.272755176 0.0231683776 -0.2277513 0.0145389028 0.0376597457 0.243452355 0.0386705995 0.122386351 0.0384680294 -0.22478877 0.199344337 0.0717244372 0.0660347342 0.00252948166 0.204176888 -0.159818262 0.0594552532 -0.0606259294 0.18056497 -0.154888272 -0.346793592 -0.117466047 0.156978473 0.255104661 -0.038786266 -0.0328435563 -0.136156961 0.0931859538 -0.246950015 0.161744118 0.2467805 0.16020152 0.167118609 -0.00934951194 0.0668623969 -0.282091618 -0.0112530785 0.0332944281 -0.102310844 0.125847772 0.202644989 0.165417433 -0.167678609 -0.0125850243 0.0189510137 0.152767941 -0.130548105 0.181254432 -0.29516834 -0.195290357 -0.0550133996 0.145319745 -0.206218079 0.0423552766 -0.0751081854 -0.0673911646 0.159340113 -0.00228511821 -0.0129290074 0.105934456 0.0457383469 -0.0356465206 0.177367359 0.0330378264 0.24705033 0.0115556326 0.156018004 0.0915551856 -0.158310607 -0.18494083 -0.0315066539 0.0642008856 0.0858453363 -0.0904231891 -0.0187362209 -0.00389281055 -0.117794044 -0.183017537 0.0216198694 -0.0749105141 -0.169390887 -0.0273045953 0.110997997 0.187971637 -0.329014957 -0.114522845 0.0198299084 0.19768168 0.0829559639 0.162610546 0.225120962 0.263109922 0.0141474912 0.157992437 0.243524313 0.234972283 0.183747843 0.187446594 -0.0453014709 -0.273063689 0.125845864 -0.120820835 -0.286662012 0.167495057 0.157380879 -0.193139017 0.104407094 0.212962165 -0.0820611194 0.221574351 0.0516256802 -0.048872374 -0.300756097 -0.32167238 -0.101817444 0.0872185528 -0.252916813 -0.177478433 0.107015222 -0.149456382 0.136129126 0.0156944133 0.0919449925 0.165122688 -0.106306322 0.01068391 0.227944374 0.183859631 0.2344096 0.0216396395 -0.0129050743 -0.10597422 0.0549931042 -0.00663722958 -0.157330543 -0.0197544247 -0.130762026 -0.0240361616 -0.167821676 0.212774977 -0.0508263484 0.0100560747 -0.0880314931 0.109851547 -0.292470843 0.08614894 -0.0568872616 0.0923681483 -0.197981536 -0.321798295 0.272305757 0.254046381 0.235936761 -0.367592484 -0.0477806963 0.0260791555 -0.1170348 0.0776124746 0.316059202 -0.0293577313 0.231696516 0.151521236 0.318415135 -0.200266585 -0.0515559651 -0.297922015 -0.226169199 0.0924397558 0.0474395566 0.283656776 -0.00719008781 0.010112769 0.0760186464 -0.225911349 -0.238700286 0.310101092 -0.162803829 -0.193045482 -0.0708307028 0.200640917 0.284860224 0.258038133 -0.192296028 -0.0529043227 0.0556775592 -0.0448520407 -0.18692486 0.112813123 0.0946359783 -0.15957287 -0.15580675 -0.195940912 -0.217479318 0.11944747 0.0910166875 0.0960852876 -0.0369474925 0.219464213 0.254294187 -0.0109132053 -0.297772944 -0.166863859 0.0079441648 -0.011434705 -0.21332027 -0.158930302 0.227929622 0.082174845 0.20276089 0.144695386 -0.200815052 -0.0333206728 -0.0949982852 -0.117766529 0.00729787908 0.0192447454 0.188701585 -0.0966031924 -0.108927943 -0.0968703032 0.152321085 0.0164411813 -0.257444143 0.0185165145 -0.167799845 -0.0428582802 0.0280848593 -0.122896656 -0.0562231392 -0.0370133594 0.16957663 0.0973657966 -0.175027072 0.138764992 0.135226786 -0.131325617 -0.124533176 0.0401970036 -0.18429029 -0.121967584 -0.0168762896 0.170296371 -0.17514582 0.149811193 -0.0954895765 -0.00620296737 -0.00082950393 -0.0504079573 -0.18897137 0.0720178336 0.119064718 0.0513447635 -0.0872227773 -0.00985426456 0.0196883958 0.0681201145 -0.198417827 -0.0164680928 0.0663686022 -9.28844966e-05 0.00449306238 -0.00206968351 -0.0932844728 0.189953238 -0.0341232382 -0.0998880267 0.142032072 -0.0830677301 -0.025835216 -0.117273495 -0.0725490674 0.0951616168 0.00595948054 0.0259310976 -0.125108317 0.122455686 0.368532807 0.125880092 -0.236587808 -0.188175634 -0.254042774 0.359427303 0.195616558 0.0743225813 0.228368104 -0.0618333146 -0.135380104 0.0270752739 -0.10021396 -0.135690093 -0.16803208 0.0236624777 0.200135171 0.176509157 0.27462545 -0.00970195327 -0.237585858 -0.228063792 -0.0711935237 -0.0192934722 -0.00820867158 0.231266186 0.215343207 0.0459208079 0.301357508 0.198910952 -0.00551674422 0.0412704535 -0.0936039463 -0.15884538 0.0939268097 -0.0396068394 0.160199761 -0.210453302 -0.0848853737 -0.0460691936 -0.1202958 -0.0468097962 0.219103113 0.189028233 0.100936897 -0.0237942338 -0.0334975645 -0.127815381 -0.21010685 0.00629181322 -0.0180410631 -0.079932116 0.0895288438 0.244051665 -0.131286979 0.210690305 0.190328449 -0.121314131 -0.206025526 0.00229195668 0.00882912334 0.0153025249 0.123078182 -0.0211376976 -0.34865126 -0.290464818 0.0362548716 0.16813013 0.189669266 -0.0530973598 -0.0266185813 -0.0566346757 -0.187253833 -0.0829214305 0.297224432 0.114671461 -0.00324772438 0.00753899664 0.0911974907 0.154707909 -0.0284310766 -0.0163665283 -0.230446339 0.100198835 -0.0872365832 0.0568262674 0.0427898392 0.056649074 0.149538636 -0.210637823 -0.176628694 0.182132423 -0.273290932 0.00784903578 -0.0220564697 0.031038966 0.250245243 0.336295456 -0.0613330267 -0.108623736 -0.278314769 -0.00300935772 0.23074238 0.107194923 0.126482606 -0.010906633 -0.300013989 -0.114711799 -0.0340753347 0.0958439112 0.0540645011 0.195408598 0.204552054 0.204881981 0.156210378 -0.00260464638 -0.208984643 -0.275022149 -0.0649761632 0.103072397 -0.219471291 0.149410874 0.110894717 -0.252307594 0.257452488 0.18603906 -0.00986541156 -0.148723677 -0.249321848 -0.125897691 -0.070260793 0.176753893 0.103335947 -0.0439546965 -0.118978366 -0.0305584855 0.0226910897 0.0863847435 0.274096549 -0.12194337 0.15454036 -0.06199871 0.0723282173 -0.124718204 -0.0447297618 -0.0463355444 -0.237211421 0.0486343876 0.020424882 -0.0915469676 -0.00515437732 0.221561864 -0.0244521573 0.136890069 -0.125379696 0.0456609353 -0.238635108 -0.0989817902 -0.10478922 0.209464461 -0.205961391 -0.0600090921 -0.0209338591 0.160167217 -0.134492606 -0.0668829232 0.214687601 0.229467109 -0.143587425 -0.092970632 0.315737486 0.217134401 -0.0497770347 -0.0393293127 -0.12962167 -0.141796857 -0.166632429 -0.144611299 -0.0641325861 0.134299025 0.103479236 0.119062036 -0.00929925963 0.195072263 0.0982692093 0.0926407501 0.136072397 -0.156712368 -0.0273742154 -0.1090758 -0.272813499 0.236017406 0.337463439 0.133787125 -0.109402671 -0.25298655 -0.168337792 0.0142341489 0.0311206505 -0.274780363 0.1967659 -0.241068289 -0.267026931 -0.123247281 -0.270858705 -0.122025423 0.0657628551 0.251389056 -0.0176481977 0.192690432 0.272694707 -0.219979957 -0.219406903 -0.0570288636 0.187413141 -0.0918514431 -0.253687501 -0.04854187 0.137192681 0.102606788 0.314237773 0.0425215475 -0.083972007 0.0386756547 0.206658527 0.101533219 -0.111817315 -0.152792901 0.129757538 -0.0117770005 -0.271836162 -0.307242095 0.151346281 0.111793377 -0.11089769 -0.228810221 -0.159202412 -0.148102552 -0.0678351223 0.315520138 -0.183535486 0.156327233 0.374201506 0.0728380978 -0.171622843 0.15578562 0.162795827 -0.326620609 0.126463279 -0.0177513938 -0.0903619453 0.169525594 0.258028209 0.226590753 0.00716812257 -0.112677902 0.274059832 -0.0576590784 0.0708447397 0.0699435025 0.208035618 0.0635617673 -0.0831788778 -0.202811554 0.289711922 -0.161964685 -0.273247302 -0.153707445 -0.166168302 -0.198284015 0.0206540152 0.0471398346 -0.0907437727 0.00912115723 0.323777765 -0.13881503 -0.213974521 0.0375701264 0.0993125811 -0.320509762 -0.0468775555 -0.15779531 -0.186416358 -0.028959319 0.163637504 0.141138017 -0.0797120184 -0.165865868 0.159538701 0.250105977 -0.0485890731 -0.116583772 0.120976701 0.0400065035 -0.106932893 -0.293474048 0.0926990658 0.0744445622 -0.303478301 -0.0523771793 -0.23720713 -0.254042685 0.115746103 0.311374217 0.040821597 0.279741377 0.264638126 -0.077045247 -0.00729993265 -0.0246767215 0.00833676476 -0.236400858 0.0308271274 -0.231318682 -0.0933474153 0.00181105873 0.0366940573 0.233981639 -0.0354243964 -0.00352314091 -0.0983015075 -0.065271236 0.0877921358 -0.123642631 0.249112234 0.0289153308 0.0166063588 -0.216769606 -0.0556623526 0.141512394 0.0767309666 0.0765798241 0.218775421 -0.0895102993 0.0724004433 0.0615007356 -0.0844919011 -0.19546175 0.0143630588 -0.210019633 0.198294058 -0.135723919 -0.0891094059 -0.102118656 -0.0455704257 0.0696646646 0.0977369398 0.10266766 -0.0444542766 0.122729845 -0.0663903281 -0.0226681773 0.0905215591 0.106258847 -0.0115240412 0.0424396768 0.0257821605 0.0553061701 -0.0240615476 -0.260674655 0.244174078 -0.157862812 -0.0787061825 -0.255657375 -0.230073646 -0.225213498 0.112051636 0.0225247405 -0.0950414389 0.276695043 0.0537498407 -0.0258757304 -0.0696812868 0.18953082 -0.0479441285 -0.334449381 -0.0953631327 0.00195068319 -0.147277415 0.206736445 0.192454234 0.272388041
tensor backtrace_actor.0.bias 1 32
-0.154893473 0.0891395807 0.112068109 -0.196935177 -0.058841303 0.107052825 0.0064277458 0.172465429 -0.154152662 -0.227775097 -0.0190122705 0.00685373927 0.102883764 0.0341114141 0.0343269035 0.119311497 -0.234535411 0.165085882 0.0384534933 0.204475135 -0.0957247168 -0.200881869 -0.154801443 0.113889761 0.0543193743 0.186973825 -0.10455928 -0.163937092 0.11347121 -0.154256865 0.0183806475 0.0589217171
tensor backtrace_actor.2.weight 2 32
0.119852722 -0.100562282 -0.140041918 -0.162330836 0.176577672 0.176629901 0.212062463 0.0971518457 0.0604956448 -0.0109484 -0.0202391315 0.00697137928 -0.0800887123 0.0930842906 0.077250354 -0.138183564 0.152730376 0.0478789471 -0.0117677636 -0.118134566 -0.189599574 0.10552863 0.00758924149 0.102259018 0.11281915 -0.108466737 0.056639649 -0.111149214 -0.210864887 -0.200339034 -0.14987275 -0.0470832512 0.151658222 0.145062596 -0.146029726 0.126169682 -0.152800813 -0.0160406735 -0.0959643945 -0.0897812918 -0.0891691968 0.103564106 -0.223777741 0.181150168 0.0747154728 0.181854099 -0.231960803 0.0365600064 0.0379985608 0.027193021 0.0390885137 -0.0697897449 0.214423791 0.0434379801 -0.130276695 0.160286605 0.128395557 -0.173206255 -0.116121106 0.0293310694 0.00306238001 -0.0978141949 0.129845738 0.0336680897
tensor backtrace_actor.2.bias 1 2
0.162081838 -0.114088163
end
