SMARTATPG_ACTOR_V2
embedding_dim 64
hidden_dim 32
tensor gate_encoder.0.weight 32 64
-0.184254169 0.262560546 0.378089279 -0.38494736 -0.538095295 0.128542483 -0.282967597 -0.235247701 0.57641381 -0.356346488 0.290501028 0.0167001244 0.102844007 0.188412651 -0.0446504354 -0.134613037 0.0664344504 0.0941944495 -0.328330338 -0.00710132066 -0.469127595 0.0692018121 -0.307817221 -0.0637366846 -0.328769565 0.146875426 -0.00473805657 -0.175441548 -0.327990443 -0.166140422 0.298694193 0.0412132032 0.0938079953 0.305228382 -0.375701457 0.313954592 -0.0587353297 -0.0186118819 -0.382287085 0.00470764423 0.223260209 -0.206683874 0.0774981454 0.0207373351 0.0966874957 -0.265464246 -0.24851431 0.168619052 -0.20595482 0.0179251041 0.0810250714 0.250043124 -0.29464072 -0.0617081858 -0.041979447 -0.281084806 0.40536204 0.334564239 0.371197224 -0.0942458287 0.16119808 -0.252699405 0.392148763 -0.183424219 -0.0789511278 0.00751205999 0.0973216593 -0.136293247 -0.0843664035 0.175915316 -0.20874688 -0.146009773 0.0475538634 -0.070194073 -0.0242224783 -0.0194718894 -0.100386627 -0.058017917 -0.129904553 -0.0545535982 0.0315960124 -0.167333096 0.114035584 -0.0276859626 0.0979672894 0.125908285 0.000295181962 -0.0527866818 -0.222103909 -0.0597938038 0.126651272 -0.199750856 -0.10186661 -0.0718553439 -0.151093096 0.126243338 0.0896461979 0.239734277 0.00905058812 -0.147654265 -0.306973785 -0.0374751315 -0.00524428021 0.0725562647 0.0494029671 -0.216759577 -0.178365394 -0.168440178 0.0746364146 -0.081074588 0.0409171358 -0.0152949905 -0.0819595605 0.0745065957 0.0139982607 0.134294659 -0.12532796 0.0779116079 -0.174792081 0.105751403 0.129692167 0.116702028 0.176751181 -0.0749606937 -0.149494812 0.0443496071 0.174111336 -0.0809814632 0.0875847936 -0.201464877 -0.356716692 0.18131347 0.242551789 0.00559027493 0.238029569 0.119140424 -0.557813823 0.324553579 -0.192680255 -0.152000204 0.0459392555 -0.249808341 0.0599521212 0.0994547158 0.0166856255 -0.122077376 0.376211554 0.0593215935 0.385982096 0.129203394 0.350671321 0.000193045795 0.332958788 -0.235856235 0.166954011 0.0847097337 0.307355493 -0.205303878 -0.281420141 -0.1236066 -0.0172665399 -0.207853079 0.168022215 -0.269760758 0.0374063849 0.113144755 0.316042036 0.0914391503 -0.209765851 0.269303769 -0.333909482 -0.259131074 -0.0619914122 0.155116722 0.321238875 -0.0301144924 0.0826859847 0.0697757453 0.0265297405 -0.275411755 0.346396476 0.0511163212 -0.0535915308 0.167053372 -0.391007185 -0.407964259 -0.298849583 0.0560089834 -0.307016581 0.300375789 -0.237189367 0.136994958 0.152323112 -0.184699416 -0.210959271 0.185035586 0.399312198 0.15485467 0.372375458 -0.00741469394 -0.432789296 0.366652101 -0.107638605 -0.15218398 0.0596088842 -0.198658973 0.198963672 0.0773158297 0.190982237 -0.101306401 0.285616726 0.0672411844 0.382646799 0.0161149278 0.358608276 0.0812137425 0.433666378 -0.302725881 0.15161556 -0.102373697 0.120181143 -0.161101922 -0.252377331 -0.117199138 0.0966830626 -0.257708251 0.344008565 -0.277341217 -0.0818116516 0.156189591 0.312446088 -0.0393314362 -0.364491314 0.341781527 -0.204124272 -0.185626581 -0.123002477 0.0585172996 0.298429698 -0.225514293 0.16216585 0.0924497172 0.0731828213 -0.368641198 0.435631663 0.0508253016 -0.246408224 0.186507896 -0.435523748 -0.463327557 -0.359198779 0.161190972 -0.410081774 0.412378311 -0.0100754732 0.175384879 -0.158189997 0.0904620588 -0.0189572871 0.120515063 0.168224201 -0.154926464 -0.102334939 0.19304724 -0.047692515 0.131138265 0.113616318 -0.00526790507 0.157112777 -0.0311129037 0.136067063 -0.520388246 -0.0477704853 0.177131832 0.0191174895 -0.046043627 -0.15550077 -0.0680119246 -0.285529941 0.264376044 -0.206405953 0.172612071 -0.136265561 -0.0775748342 -0.224885613 0.181125686 0.487408638 0.214402169 -0.156468108 -0.113172591 -0.0587162524 0.539285243 0.370985925 -0.253872544 -0.164430395 0.00935512222 -0.0497152694 0.118336014 0.225258544 0.352332801 -0.00263199653 0.0850774124 -0.283324957 0.0414148308 -0.0841758326 -0.167228892 0.0626248866 -0.0193964429 0.0414672457 -0.160514683 0.00708505418 -0.181084171 -0.185970396 0.175086603 0.434650421 -0.0727439895 0.381850094 -0.459294558 0.0430589356 0.212157428 -0.083993338 -0.0485347025 0.122978918 0.033355251 -0.0500980467 -0.0374791846 -0.178743303 0.152121007 -0.058285296 -0.0391615741 0.0109544881 0.273202986 -0.0542979427 0.167385757 -0.113758489 -0.178933337 0.0541672148 0.0635667145 -0.0103655551 -0.0519276932 -0.0718069822 0.10847415 -0.229974076 0.165917099 -0.247644618 0.223809108 -0.0570271648 0.00258846208 -0.173887447 0.140883058 0.2108704 0.158942476 -0.125326127 0.0816863328 -0.218344912 0.210627154 -0.0462163128 -0.0317975469 -0.227244541 -0.0880369321 -0.0419240706 -0.0203337353 0.211264998 0.0203346722 0.0466457605 0.0520479344 -0.254657358 -0.081750311 0.163764253 0.0274050161 0.100371242 0.234627783 0.0574357472 -0.0840668678 -0.149593726 -0.0561916232 0.180666 0.303532571 0.525277019 -0.115885839 0.219660982 -0.278241813 0.215763256 -0.0456836969 -0.108874224 0.252938658 0.213048279 -0.293931544 -0.216866955 -0.0877991095 -0.0776615813 -0.0603651181 0.585634351 -0.24708651 0.0300741792 0.306115091 0.0328548923 0.237538338 -0.00508583523 0.0726091638 -0.214997411 0.130362511 -0.448012978 -0.153341785 -0.305090994 -0.148901731 -0.241178393 -0.323727041 -0.131101862 0.160492718 -0.0773688704 -0.142623186 0.10229861 0.283872396 0.163106903 -0.03108887 0.0986110419 0.283691138 -0.299431413 -0.0106689576 -0.0342336409 0.0847777054 -0.116135597 -0.00498562772 0.387767345 -0.157232642 0.152021825 0.191263422 0.0202377569 -0.235504761 -0.228861094 0.13128455 -0.227346778 -0.0431318022 0.00618023798 0.343514264 -0.429607123 0.00306994189 0.351051718 -0.216115952 0.291127354 0.197323203 0.181687251 0.0363614038 0.292059958 -0.00678913016 0.163091421 -0.133163095 -0.0954027399 0.0793099925 0.033335682 -0.159710169 -0.207312554 -0.0735628828 0.0107353758 -0.0972530618 -0.00347041339 -0.156727016 0.225194916 -0.159093186 -0.0683499202 0.250153303 0.265870303 0.312246621 -0.213106185 0.0577329472 -0.00253523258 0.000390900881 0.0433979779 0.00332977902 0.0505924672 -0.213074848 -0.104815274 -0.039086882 0.186110958 0.0339122377 0.174410984 -0.207449958 -0.23146528 -0.100796431 0.136953354 0.0529260077 0.139744028 -0.0688322484 -0.0913750231 -0.0319803134 0.0190879609 0.0954073668 -0.0413030982 0.0117718233 -0.132456809 0.000594607147 -0.141340017 -0.184982404 0.258937716 -0.0942717791 -0.0749257579 -0.126282692 -0.355326891 -0.138764873 0.173025057 0.0294912811 -0.027842626 0.0501198284 0.0410615876 -0.270593017 -0.458644122 -0.00590249104 -0.237515986 0.151262462 0.0147587052 -0.289942592 -0.0308682676 0.174357966 0.307856619 -0.206746817 -0.364941537 0.0784219429 -0.154228747 -0.208999798 0.256003678 -0.252868831 0.215840191 0.11219009 -0.0815092623 0.108510986 -0.296297103 -0.124009863 0.113427721 -0.102215052 -0.233543754 -0.0963741541 -0.116818994 0.0589504652 -0.180789426 -0.237489268 -0.244634867 0.15577285 0.0122506749 -0.1496934 -0.384713471 0.0202652775 0.132425696 -0.165772244 0.0253709834 0.308633447 -0.164731383 0.0663699508 -0.373598605 0.0640474707 -0.411640823 -0.0289589036 0.147996128 -0.250879198 -0.0384866633 0.054243315 0.0827539489 -0.161796838 -0.0757246092 -0.0961879417 0.0509186424 0.167871386 -0.094831109 0.358328998 -0.0182665288 0.0726929754 -0.132809192 -0.0463278033 0.346460879 0.198885843 0.220487654 -0.0523858666 0.18196255 -0.0409371853 0.133961812 -0.152841985 -0.053888306 0.107586235 0.197397977 0.0319069959 -0.0802144557 -0.0435927883 -0.382980078 0.0506779328 -0.0629374012 -0.100478843 0.303471208 0.236216158 0.132639736 -0.0208761729 -0.0281060264 -0.582665563 -0.157507256 0.209867254 -0.13227348 0.0948840678 -0.243637338 0.119323015 -0.247099191 0.166954458 -0.277436644 0.315417349 -0.275342822 -0.0191404931 -0.283438534 0.0346251987 0.345527112 0.195549712 -0.341406405 0.131240427 -0.0801671445 0.265087098 0.2426707 -0.227991894 -0.228917062 0.072172448 0.0927000642 -0.0931221917 0.227822036 0.190501392 -0.0624368005 -0.0527950861 -0.373851806 -0.134894237 -0.0732920915 0.0176718198 0.0459645055 0.167797714 0.0655985475 -0.112487823 -0.24749732 -0.121382028 0.00751696853 0.380706906 0.525882065 -0.120131798 0.329007715 -0.366710067 0.185129598 -0.00821801275 0.117790945 -0.156465977 -0.260848075 0.261971414 0.368495464 -0.0617191344 0.342855781 -0.0556641966 -0.303853869 0.228248313 -0.118768528 -0.318808377 -0.0120989019 -0.213957071 -0.00779531384 -0.0328860208 0.0434532873 -0.113704294 0.209031627 0.120115094 0.365610987 -0.0179747082 0.191406742 0.173420012 0.370769531 -0.183331221 0.107182078 0.0923398063 0.182856306 -0.0655745268 -0.22468704 -0.162612692 -0.103491358 -0.186156228 0.095308736 -0.325703651 0.231843963 -0.0667673796 0.269772738 0.101984024 -0.130919501 0.227976605 -0.212729067 -0.180406794 -0.0980923325 0.173662707 0.416949928 -0.182406545 0.0364721641 -0.0606965534 0.0108446665 -0.259335637 0.067460537 0.0251795258 0.114634514 0.0686099008 -0.444861442 -0.351947546 -0.438389748 0.25903675 -0.152963415 0.323349953 -0.272558987 0.187238827 -0.151524127 0.252009004 0.150135383 -0.000771622814 -0.0603286028 -0.121287599 -0.290058672 0.12955007 0.0976846889 -0.0304800756 0.156190321 0.0247370023 0.0900043994 0.115431733 0.224289358 -0.423990607 0.0347819999 0.243631721 -0.030402625 -0.148535699 -0.456477672 -0.0175456405 -0.25620988 0.2064116 -0.245733365 0.317531198 -0.174947545 -0.182546407 -0.0764299333 -0.0461052768 0.319086015 0.152716428 -0.31144017 -0.0372857042 -0.253976345 0.493786395 0.331092894 -0.208324462 -0.183979064 0.0877270848 0.0677221566 0.0334782302 0.465373576 0.231543541 0.305835783 0.0107616745 -0.311268121 -4.89793056e-05 -0.0576957613 -0.0133424569 0.228071362 -0.248895064 0.182259589 -0.117900714 0.00832778402 -0.218005657 -0.0831110701 0.368297577 0.392270416 -0.228835762 0.471076638 -0.63435322 -0.0691745728 -0.0300952289 -0.226743877 0.40052706 0.354569614 -0.28305912 -0.345409304 -0.0476815216 -0.514088929 -0.0925805196 0.546087444 -0.216183096 0.189240292 0.195339531 0.084349975 0.374656409 -0.137768209 -0.222655922 -0.142531127 0.0197216682 -0.419937044 -0.0672404096 -0.554501057 0.101349108 -0.407929242 -0.150344834 -0.555819035 0.443354547 -0.213181958 -0.168338925 -0.408020854 0.140701547 0.304999977 0.138591021 -0.143861696 0.206137806 -0.380549699 0.377093017 0.137408748 -0.140456691 -0.387182444 0.0901398659 0.177816868 -0.271778077 0.390881717 0.0508582443 0.0482383147 -0.236791611 -0.305747658 -0.0931396559 -0.178506672 0.0185628403 0.0204312913 0.334328145 -0.257311463 -0.032637991 0.0360380262 -0.191927806 0.412234932 0.327622265 0.416799396 -0.338598907 0.447630078 -0.552071571 0.250846356 -0.147421867 -0.290968567 0.276118129 0.195412606 -0.0518323295 -0.297481894 -0.0743474588 -0.307901472 0.0436926298 0.0898024291 -0.0781689286 0.257132083 0.153890938 0.10242483 0.222584397 0.0712149441 -0.422835112 -0.00721421186 0.174656883 0.00664826808 0.0553293861 -0.22174181 0.129073024 -0.356453151 0.134907633 -0.306282014 0.293370575 -0.0753806382 -0.180026531 -0.348002523 0.159319922 0.479070336 0.0663326979 -0.240113363 -0.0390708223 -0.270383537 0.326878995 0.167033821 -0.23153685 -0.425165743 -0.142439753 0.0828274786 -0.108995944 0.211836234 0.291004211 0.132523179 -0.0201701969 -0.298478931 0.0394619927 -0.0786820948 -0.148412198 0.0701261535 -0.00412696367 -0.0390496068 -0.230250835 -0.241523296 -0.16398026 -0.0702378228 0.302458525 0.41431585 -0.281142831 0.388883978 -0.54024142 0.0938920379 0.0318811834 -0.027126573 0.418300629 0.338187665 -0.341553539 -0.44811359 -0.0610014759 -0.196146309 -0.150390133 0.536678195 -0.227262154 0.189025268 0.350424439 -0.105677277 0.183341414 -0.101098761 0.202799574 -0.127320156 -0.0450352468 -0.44552505 -0.319761783 -0.224478334 -0.118477233 -0.190884322 -0.161124572 -0.313685685 0.10624896 -0.244348019 -0.105533823 -0.249289379 0.0125406608 -0.0146543402 -0.101233959 -0.0219793059 0.341003478 -0.295863062 -0.00646717986 -0.259697199 -0.0975577235 -0.301072568 0.0734682605 0.409630179 -0.417934328 0.189592168 0.0459137857 0.0259285104 -0.317533344 -0.196383357 -0.0751764402 -0.179393083 -0.0750244856 -0.185958564 0.251460433 -0.306439191 0.155103803 0.0841393992 -0.14212127 0.478544891 0.373427868 0.129309446 -0.239990532 0.174734294 -0.295988739 0.342447966 -0.205144212 -0.139834717 0.192821369 0.0780061334 -0.0167579614 -0.250890195 0.10681431 -0.252070904 -0.152764201 0.387291968 -0.253988564 0.0781297684 0.152731791 0.13239257 -0.0779972151 -0.092063807 -0.085567832 -0.0804948583 0.0186942201 -0.165876105 0.153476238 -0.0894208252 0.192817912 -0.343227237 0.0227391217 -0.215772942 0.200537354 -0.0336354375 -0.186142489 -0.159081176 0.104352623 0.27050209 0.116876788 -0.108249441 0.187998876 -0.165216655 0.267369956 -0.355520666 0.0014238687 -0.162117153 -0.0106289145 0.10913717 -0.215090975 0.0947163403 -0.0817770436 0.0563691817 -0.260822237 -0.28505519 0.0645620078 0.115194649 0.103935681 -0.00945465732 0.373672932 -0.0291340426 -0.13792412 -0.0519151278 0.0268720947 0.217380956 0.252391934 0.282628715 -0.0455007032 0.165986419 -0.302521825 0.104868613 -0.163068235 0.0252070036 0.159434408 0.208383426 -0.194164351 -0.0887933224 0.224361032 -0.093159169 -0.0899483487 0.365015656 -0.237364948 -0.0315305777 0.366771638 -0.0369088799 0.193011567 -0.0963069275 0.294036001 -0.022574624 0.114461161 -0.231039643 -0.151800722 -0.0742120445 -0.0698193759 0.108675152 -0.239333674 0.00574498158 -0.0517180786 -0.142008111 0.0471362546 -0.096159324 0.147607073 -0.0713899136 -0.104634315 0.24794659 0.146802783 -0.0914022997 0.0222710092 -0.282067239 -0.0186209716 -0.216817692 0.070438832 0.281291306 -0.127114445 -0.0256738029 0.00592284836 0.0202800278 0.0250951741 -0.0223681852 0.243630081 -0.142561361 -0.0337859765 -0.000387237349 0.328251332 -0.168212906 -0.146735713 0.212977186 -0.012962996 0.282852858 0.3642492 0.177241102 0.101677708 0.123711489 -0.0966435671 0.287153274 0.0313249007 0.167243287 -0.287945181 -0.273322761 0.212030172 0.358973742 0.139887795 0.468111396 0.0300186388 -0.270661682 0.173307195 -0.197827533 -0.0490992591 0.0182590708 -0.293760955 -0.0916383117 0.233283445 0.217462838 -0.136028334 0.245372906 0.163716584 0.301210999 -0.0308144055 0.450303197 -0.01922228 0.399127215 -0.176937535 0.188753799 0.0831193104 0.373926044 -0.0353228152 -0.306863129 -0.0961681232 0.139122948 -0.226105362 0.258132935 -0.365715086 0.103560731 0.0317845866 0.379583299 -0.0479741246 -0.164872289 -0.00576922297 -0.317088127 -0.0101876957 0.162891507 0.19671686 0.243892148 -0.0258253776 0.0284216851 0.143572807 0.0325905047 -0.199474692 0.353242189 0.0748078078 -0.111137211 0.338155359 -0.384665787 -0.479564279 -0.340625376 0.181624949 -0.35223946 0.397188693 -0.191761225 0.162884042 0.0661940277 -0.284894496 -0.233653918 0.524069548 0.425218165 0.0692430437 -0.0687505603 0.356627852 -0.485813171 0.353077263 -0.196676165 -0.02417727 0.167426154 -0.395903558 0.00543418527 -0.279630274 0.132905975 -0.100985371 0.419554114 0.101874746 0.229100913 0.116007932 0.0671180487 0.299872965 0.276388645 -0.0363278314 -0.0866672471 0.0982580706 0.00731895259 -0.0602433272 0.0415950343 0.0304085966 -0.0543720312 -0.550091505 0.0850859508 0.187664717 0.330023259 -0.339995831 0.125651732 -0.017809784 -0.372629315 0.102014869 -0.044193808 -0.0139502184 -0.0250136591 0.261599809 0.0882529765 -0.343428522 0.142476782 0.0651146695 0.209721282 -0.24873659 0.312471181 0.0563806444 -0.377271086 0.181316361 -0.440861404 -0.174203739 0.0813518763 -0.0575118214 -0.178338975 -0.0636357814 -0.196580589 0.411660612 0.0903584361 -0.338679999 -0.43239826 0.457749218 0.472306907 0.0798853189 0.136027575 0.229831263 -0.515925646 0.274063617 -0.0480037257 -0.259467721 0.10443908 -0.164485484 0.0237653702 -0.0623397157 0.0362501815 -0.00417897431 0.313821316 0.134483799 0.246641293 -0.0101720197 0.236369148 0.33316651 0.243545324 -0.164777413 0.148106351 0.071845226 0.231045946 -0.0107900249 -0.14386721 -0.0463038273 0.00459174858 -0.380585045 0.274668604 -0.0437890962 0.243213803 -0.0572393052 0.269580334 0.0187149812 -0.302051157 0.219316125 -0.00683844509 -0.197900549 -0.105696104 0.353332192 0.176502764 -0.111924358 0.343240798 0.0774293542 0.117343001 -0.280577302 0.418080986 -0.0410158522 -0.230152011 0.24438335 -0.437681675 -0.301097959 -0.345477909 0.261489242 -0.143196046 0.150831252 -0.113696776 0.37999481 0.0433736369 -0.200696379 -0.261138201 0.238917187 0.319471329 -0.0840720832 0.396260709 0.0612382889 -0.57164824 0.290393919 -0.127734676 -0.209725171 -0.0970223472 -0.196104199 0.0552535206 0.0610806048 0.0722397938 -0.067029126 0.357358128 0.129109591 0.333245218 0.00582662504 0.290510982 0.00245990371 0.503612399 -0.121054038 0.128500909 0.0369528644 0.32982412 -0.019786818 -0.164899796 -0.150418192 -0.0133875031 -0.248971909 0.328771949 -0.371889025 0.0391101278 0.00768602453 0.420678973 -0.0793747529 -0.214393869 0.361013621 -0.284844726 -0.093931824 -0.0882602409 0.22632885 0.361606628 -0.0569439344 0.203426212 0.0922668651 0.0703061894 -0.170476988 0.289391041 0.0342972502 -0.00834695529 0.208439618 -0.417107016 -0.461638242 -0.369580448 0.089354448 -0.250169516 0.363189965 -0.354003698 0.223298386 -0.272024155 0.230533227 0.122695178 0.0740362778 -0.21715039 -0.259719938 -0.247564852 0.13345708 -0.0294063073 -0.0555632301 0.154452965 0.103204019 0.054266531 0.0070259124 0.0103787733 -0.302804202 -0.0125903273 0.21029231 -0.0498283915 -0.127954409 -0.294660062 0.0851206481 -0.350975662 -0.00585256051 -0.30367738 0.166182891 -0.0120326653 -0.0272238515 -0.287611037 0.070818387 0.281474471 0.124282673 -0.281104386 -0.0654386804 -0.0908624753 0.236042738 0.27646476 -0.194020107 -0.501970708 -0.114536799 0.105310805 0.0748675913 0.317779958 0.155864626 0.0731763318 -0.0645126849 -0.301089972 0.0427271277 0.0559082516 -0.175611138 0.0796382278 0.0831245482 -0.0580067411 0.00028920293 -0.156355143 -0.112354711 0.0337277614 0.309525579 0.269589543 -0.341966569 0.432003915 -0.443212867 0.105117112 0.0975117981 -0.131128982 0.259955108 0.440228879 -0.458718091 -0.403112084 -0.0176986214 -0.261077702 -0.124360353 0.492053151 -0.220809847 0.0628431812 0.201062411 0.0367238559 0.249402121 0.0199417789 0.080331035 -0.208443612 0.140240327 -0.40820846 -0.0639106184 -0.374120712 -0.0785273165 -0.284822822 -0.160383523 -0.335744858 0.134994388 -0.161825493 -0.0911087692 -0.251371145 0.236886144 0.157482162 0.0714188665 -0.0582846217 0.339667708 -0.388240635 0.16371271 -0.190418437 0.0413921699 -0.366362184 0.0914061219 0.218154356 -0.165579423 0.133069992 0.119981006 0.0921461955 -0.198820248 -0.331775844 0.133550614 -0.264649302 -0.00295307743 -0.144386694 0.300778538 -0.208260253 -0.0474656932 0.125076249 -0.150756851 0.495056301 0.316681176 0.419958889 -0.270061642 0.440056741 -0.426308066 0.204207093 -0.33067289 0.0404658541 -0.069710128 0.0544725582 0.198896348 0.324508101 -0.135265365 -0.0652717873 0.181205586 0.0501585528 0.179611027 0.0159146804 0.0706932992 0.0737578794 0.00466278894 -0.0666618347 -0.161786109 0.0799018592 0.1975822 -0.0591774285 -0.239599288 -0.203117087 -0.177936614 -0.01619092 0.184276894 0.135534272 0.13692078 -0.221593872 0.0158124249 -0.241991892 0.0728101358 0.179039136 -0.000166886923 -0.162452787 -0.243779734 0.0146330427 0.36447373 0.465259939 -0.140841782 -0.123390026 0.0220137574 0.0428444743 0.108749524 0.143996671 0.296796113 0.0181289185 0.161423013 -0.309360743 0.0759862587 -0.0411157757 0.0208597649 0.104959905 0.13742575 -0.0140176471 -0.0973183513 0.360046774 -0.333312005 -0.0814136714 0.190038502 0.452059627 0.0101014683 0.489223421 -0.25105229 -0.112129144 0.119229577 0.119903572 -0.456921816 -0.352685869 0.39252615 0.566804826 0.101504624 0.409922928 -0.016412342 -0.452475071 0.326580465 -0.301124841 -0.25052765 0.0714237317 -0.245519772 0.0341780819 -0.114448093 0.123228669 -0.300486952 0.365161002 0.350111276 0.495019019 -0.0894618779 0.143661872 0.167472273 0.354211688 -0.152441889 0.113720715 0.0112750465 0.250396967 -0.0543768927 0.00806640554 0.173374683 -0.0588119589 -0.336101294 0.16812174 -0.223662376 -0.148983315 0.183476567 0.473092854 -0.0768487081 -0.163417339 0.289138436 -0.271802336 -0.0492677912 0.0100064604 0.066334188 0.345173419 0.0798106566 0.131193116 0.0372667536 0.0549410358 -0.178352624 0.197251573 -0.0695227906 -0.293488055 0.379533619 -0.436940014 -0.439406306 -0.272446841 0.0649848357 -0.326242834 0.273472458 -0.0974173397 0.20288986 -0.0532519557 0.238034353 0.221438527 -0.225048706 -0.366128445 0.120525479 -0.364696831 -0.0231058933 0.387963682 -0.26232031 0.0935302973 0.302829981 0.115729585 0.226309359 -0.0949124396 -0.0304479394 -0.043710947 0.0401083753 -0.279843003 -0.177308664 -0.386633068 0.0842716023 -0.25306195 -0.195305109 -0.355428636 0.220160976 -0.0523436479 -0.214914322 -0.319469541 -0.0620303191 0.249972433 0.0911627337 0.0214310586 0.403987229 -0.12620455 0.149577752 -0.168848336 -0.0876778886 -0.467821836 -0.074480325 0.105143622 -0.151570559 0.0940568671 0.0320891105 0.0148422932 -0.294906497 -0.28620258 -0.107164055 -0.227229863 0.140489832 0.123988487 0.35314253 -0.106943376 0.0693816617 0.0196907464 -0.33917287 0.505023539 0.463785022 0.471067756 -0.140238062 0.276124507 -0.364294142 0.364919782 -0.113422036 -0.146317288 0.0134441387 0.027048314 0.249494553 0.0602118857 0.0775115564 -0.231934085 0.295715839 -0.241042048 0.0526007861 0.111027136 -0.0745906755 0.0180739276 -0.100842535 0.0154709229 -0.302738726 0.0992766619 0.209292695 -0.039872393 -0.0915110558 -0.215055972 -0.0274270903 -0.148849294 0.247517213 -0.109619528 0.185304686 -0.232810244 -0.138484225 -0.122797631 0.0729355961 0.206638217 0.0491033383 -0.278277218 -0.212218001 -0.167453945 0.415084273 0.505264223 -0.334839284 -0.0722546726 0.0697220415 -0.168499112 0.105628066 0.232315511 0.0802631527 0.242531434 0.147660598 -0.148025468 -0.041878432 -0.0392026827 0.0144590046 0.0332018733 -0.0840095729 0.156419501 -0.0164989047 -0.0435570329 -0.115359589 -0.283798456 0.211096674 0.409742862 -0.0411314815 0.371594369 -0.431142628 -0.0475037806 0.078241311 0.00776285352 0.0995931476 0.0193941426 0.149127126 -0.111529194 0.078316845 0.0130582741 -0.111667559 -0.024641918 0.104171328 0.00355469505 -0.077132538 0.218798518 0.0645155236 0.296518207 -0.251052201 -0.164762437 0.0106317941 0.0348631889 -0.104637913 0.000717396673 0.24477841 -0.192831203 0.106467038 -0.176661581 0.100547068 -0.0392442979 0.0552595295 0.110229813 -0.104188852 0.115053415 -0.0430047065 -0.313413233 -0.0528813601 -0.0934706628 0.0158880372 0.0804587752 -0.229127675 -0.0515014268 0.0801243857 -0.299767375 0.110883206 0.0939875543 0.0421393178 0.0828393474 -0.146706164 0.127386421 -0.0886668786 0.0186983496 0.0737701803 -0.170203671 -0.291633189 0.131809384 -0.0513761714 -0.212976754 -0.0131182829 0.0183723178 -0.0908155814 -0.0184738096 -0.0171147436 -0.17089656 -0.230662391 -0.0770098418 -0.000472903455 0.132079273 -0.0915599614 -0.198954836 0.114199512 -0.0639560521 0.195999324 0.000696543197 -0.0303762034 -0.198810697 0.0225650854 -0.285938531 -0.210458159 -0.115958467 -0.0702791661 0.00945769902 -0.0403156765 -0.0703365207 -0.194964975 0.391082644 0.212920934 0.365035027 0.165428683 -0.0660888031 0.149485484 -0.0423919149 -0.249606475 0.0540835708 -0.0111326929 0.0909345299 -0.223312527 -0.254568726 -0.0594829433 0.077343449 0.0818445012 0.0730821118 -0.239967197 -0.263179094 -0.101503201 0.224910825 -0.0698637888 -0.154370785 0.0543422028 -0.275838315 -0.132943168 0.0778445378 -0.0529113188 0.217328578 -0.317152292 0.25007239 0.179313123 0.0506912917 -0.0643123314 0.351617217 0.115199044 -0.383391976 0.378960341 -0.281286627 -0.422477931 -0.199423924 -0.101607308 -0.399062634 0.228899345 -0.155483007 0.0589952655 -0.0159287788 0.0790065899 -0.0147643266 -0.124014854 -0.123558097 0.280504346 -0.0646036789 0.132019088 0.298261642 -0.126092955 0.0570286922 0.309211075 -0.214618281 0.105659857 -0.313217163 0.25058648 0.179520905 -0.0402055494 -0.0569248982 0.0130965756 -0.0199010242 -0.0255147144 0.0531920828 -0.135963544 -0.0687570944 -0.213804364 -0.159162521 -0.0288523454 -0.0372475758 0.00250867079 -0.14167808 -0.227172017 0.108442478 0.0958172902 0.0620884821 -0.0386012346 -0.284059137 0.112241045 -0.0495066755 0.0967846885 0.240818545 -0.186774388 -0.114768088 0.170976758 0.0365323387 -0.0364562795 -0.029635651 0.0737522021 -0.197498724 -0.0446616858 0.00979740452 0.243150741 -0.0104384422 0.0715329647 0.173550099 -0.0416051261 0.160391003 0.302119315 -0.0535467342 0.168793887 -0.0640886202 0.0504187569 0.233645096 -0.112141617 0.174707666 -0.371863931 -0.304791957 0.347934127 0.43944338 0.0583522543 0.207295671 0.177812681 -0.60842818 0.402002662 -0.211601213 -0.28581357 0.0696415752 -0.256476611 -0.0155565254 0.0863884762 0.0253662672 -0.112029262 0.386617392 0.0871042982 0.340973228 -0.0815779939 0.331330806 0.269456267 0.491299987 -0.195000529 0.224126875 -0.0985145643 0.341330528 -0.187755287 -0.177874357 -0.0739889964 -0.132116437 -0.48301518 0.191350162 -0.162208736 0.133180857 0.0833454356 0.356194079 0.0179521423 -0.351555198 0.362319946 -0.151870862 -0.210521147 0.0791300461 0.240766034 0.412980616 -0.178610995 0.185236782 -0.0364117995 0.105469584 -0.254106939 0.429917186 -0.0566151589 -0.0903763026 0.215870291 -0.512783766 -0.357513845 -0.321634889 0.223043784 -0.307974964 0.174953431 -0.142532066 0.298381895 0.130209714 -0.208095446 -0.334607989 0.333644599 0.252878785 -0.00967788883 0.356473386 0.1331411 -0.463765025 0.281694114 -0.0793498755 -0.0949289501 -0.00443663867 -0.302086681 0.0956523642 0.23106508 0.0313194804 0.05260811 0.311342955 0.147365883 0.485210747 0.0209368616 0.446184903 -0.049303811 0.414056122 -0.175981492 0.198981091 0.113083191 0.326459825 -0.0191407893 -0.207147583 -0.103002921 0.226559326 -0.192232966 0.204023272 -0.415062606 0.01261885 -0.0136288544 0.335106373 -0.0314950123 -0.254745036 0.204714254 -0.146074429 0.0155625008 0.0282266978 0.174579754 0.410697371 0.0285356231 0.151939422 -0.0229618456 -0.0530470088 -0.241474345 0.100683443 0.245465964 -0.0816229656 0.335276783 -0.304616868 -0.323884457 -0.447307289 0.135157496 -0.364333272 0.343936771 -0.273565829 0.185087681
tensor gate_encoder.0.bias 1 32
-0.0358063877 -0.0265863035 -0.0752740055 0.0376669578 0.178847119 0.00274906051 -0.175686538 -0.0806746259 0.0791048482 -0.0488282554 -0.0490591004 0.0729971305 -0.0208178014 0.129774407 0.0378568247 -0.105316617 0.146957323 0.074377656 0.0377228707 0.118601762 -0.0107825873 0.0558871441 0.0731933638 -0.00430043694 -0.003741964 0.0830471665 0.0511513874 0.0671910122 -0.0624049343 -0.0192225073 -0.106353715 -5.23470844e-05
tensor objective_value_embedding.weight 2 32
0.241609573 0.443067729 0.195857421 0.782414734 -1.35001624 0.175847441 -1.82797599 0.290936023 0.769321918 1.67001081 -0.217480421 0.0422703996 0.46586442 0.56107825 -0.0488271303 1.01721573 -1.36364508 -0.789241731 1.28666127 -0.539620817 -0.147919923 0.456255883 0.333126396 -1.19484591 0.0980794206 0.558423102 -0.309823126 1.23595059 1.06950605 -0.602501512 0.373391062 -0.945712805 0.579345405 -1.16491425 -0.151637882 -0.434352577 0.851195872 -0.337182462 -0.249644235 -0.0478113703 -0.841369271 0.859218061 0.458354264 1.58297491 0.409670562 0.399407715 -0.460479617 -0.658732891 -0.972750545 -0.544150054 1.26828265 0.434136748 -0.130910113 1.135867 -0.806360304 0.834643722 -1.3715384 -0.418455869 0.716044307 0.10218478 -1.86658597 -0.256548434 0.109286718 0.131068319
tensor backtrace_actor.0.weight 32 32
-0.0515915975 -0.231611058 -0.138176858 0.165192053 0.166066781 -0.0499765165 -0.0799937546 -0.0652821064 0.112289809 0.0549881496 -0.100567497 0.0508692898 0.0971458778 -0.132019475 0.0767038316 -0.0700302199 -0.121547632 -0.228672594 -0.0885068551 -0.100257143 0.0227194726 0.0782294199 0.0134029202 0.111239389 -0.280033201 -0.126783222 0.130041927 0.107268371 -0.0461073592 0.0910470784 -0.0455410071 -0.0557136573 -0.30438894 -0.131819338 -0.0723083541 0.119455963 -0.0565129146 -0.166159406 0.173946053 -0.0841066539 -0.19423838 -0.175285146 0.125263974 -0.0943132043 -0.210076228 -0.220408052 -0.1612681 -0.0405411236 0.0512330532 0.320645094 -0.225740165 0.229819521 0.103160031 -0.0689704195 0.00505790906 0.0529333092 0.0529814772 0.047134988 0.0441354774 -0.13623333 -0.11962679 -0.0180792287 0.0197822601 0.269629747 -0.0160014834 0.0666778684 0.052499637 0.0122727752 0.0125333956 -0.165180877 0.00088516844 -0.0889686868 0.153712556 -0.256679952 0.0311388653 -0.112530857 -0.172251359 -0.214535341 -0.0976094827 0.149635509 -0.00387315638 0.0905028656 0.00795689411 0.159034267 0.0575374439 0.0181582272 0.13097173 -0.123780124 0.307526648 -0.166733772 -0.231372193 -0.156084999 0.134002343 -0.0907589346 -0.0274574216 0.0574542843 0.0697437823 0.0778485537 -0.105044588 0.0657656789 -0.183202863 0.0236120261 0.0441538058 -0.0632728338 0.137854904 -0.0216115378 -0.197292 -0.0942062065 0.00315581309 0.0272910446 0.493931979 0.278508484 0.164243907 -0.154639661 -0.133047745 -0.270421028 -0.412145138 -0.144348711 0.200551167 -0.100890972 -0.0801235586 0.216299042 -0.0680819005 -0.0548254624 0.0310144089 0.00550516695 -0.273595035 -0.307610065 0.0576362759 -0.0609929413 -0.264826 -0.342742324 0.291353256 0.0150984107 0.258584559 -0.332328111 -0.0352968052 0.00713089621 -0.105546713 -0.0957415923 0.215742677 0.209478647 0.0457554981 -0.22166568 0.26112029 -0.0325478166 -0.193765447 0.00793954916 -0.187920004 -0.0142373201 0.0845329836 0.28513968 -0.137017637 0.0208931938 0.161473259 -0.189477429 -0.0212065391 0.0104510151 -0.133271471 -0.216668144 -0.183094487 -0.203664944 0.356375545 0.0520045459 0.180374652 -0.129934177 -0.0157577321 -0.134253457 -0.382289112 -0.017782826 0.49666816 0.172960907 -0.370164394 -0.0933573768 -0.284264594 -0.0420381762 -0.078695491 0.217485696 0.219596818 0.515747845 0.364366531 -0.00585135771 -0.217580289 -0.0477399081 0.0672572702 -0.384100527 0.233501211 0.0411122218 -0.198377967 -0.204174832 0.363260865 0.000935210846 -0.198312119 -0.0754362717 0.0339390263 0.161590293 0.022770144 0.0610164516 -0.0600092933 -0.138163 -0.115967669 0.146633402 0.0922379717 0.0425278321 -0.0542190075 0.217387125 -0.181364492 -0.0388907231 -0.0187799502 -0.0380006209 0.269417733 0.293730229 0.167802989 0.0635047704 -0.297197312 -0.0882842764 -0.130621403 -0.0383117683 0.145819038 -0.0472630002 -0.15015471 0.0151371062 0.173273265 0.27076295 -0.265887618 -0.21572046 0.090091072 -0.0803607851 0.172546908 -0.14900592 0.0766406208 -0.0789086223 -0.250369817 0.0234205127 0.345089287 0.138591006 -0.116848789 0.0490478277 -0.540073395 -0.198700309 -0.212110117 0.0457816124 0.238714337 0.350974232 0.332010746 -0.0653013885 -0.367085427 0.18103227 0.208457157 -0.382525712 0.125512496 0.0548913255 0.0743770078 -0.244638681 0.254597396 0.308839977 -0.154898539 -0.163709641 -0.060407687 -0.207926214 0.19190973 0.0228934623 0.19235009 -0.270413339 -0.0963543952 0.0136560434 -0.138397902 0.24184233 0.173240736 -0.00791004486 0.122854128 -0.199630216 0.19475548 -0.165118277 0.0870094448 0.0336101241 -0.134706527 0.0726462156 -0.02916844 0.224835783 0.0383237898 0.0917091742 0.121408306 -0.191011786 -0.239626691 0.0980251804 -0.330898196 0.0885521621 -0.0970254019 0.0762923881 0.0691299886 -0.147184536 -0.180453435 -0.108292677 0.0982069671 -0.112734258 0.190131813 -0.0152876349 -0.19976379 -0.0417378061 0.0128210494 -0.225679249 0.349159658 -0.0528130122 0.152860373 -0.0503810458 -0.0107115638 -0.169647858 0.0137714073 -0.160220131 0.0184481945 -0.0813995078 0.0240798518 -0.0637791455 -0.000153884248 -0.17057763 -0.165829346 0.0196871907 -0.200364292 -0.1756607 -0.359329104 -0.165078342 0.0519814752 0.190729797 0.129622892 -0.176254049 -0.0693676546 -0.122062564 -0.118010864 0.0147350198 0.164586127 0.16935198 -0.363956153 0.111322753 -0.345463157 -0.185469732 -0.0707613975 0.154116482 0.258637935 0.449152887 0.258251905 -0.00616198499 -0.292138278 0.161339194 -0.0052598035 -0.290639877 0.23313491 0.0807808563 -0.0793360397 -0.0113978591 0.201644897 0.259597749 0.0981928036 0.076236397 0.305734903 0.14866212 -0.281632185 -0.0047367895 -0.229862034 0.17076312 -0.077673763 -0.180130497 0.141394719 -0.0818727016 -0.05943143 0.121339537 -0.184635893 0.100995928 -0.177334443 -0.0117043834 -0.014207352 0.161625132 0.0293244515 0.0899373367 0.0961412042 -0.314978898 0.232964188 0.15244627 0.0100016007 -0.0225685034 0.270312339 -0.0494923145 0.0423564352 -0.105147175 0.295591891 -0.237277925 -0.296039641 -0.0926876888 0.191505402 0.168997765 -0.0922616795 -0.0992105007 -0.188456967 0.142952964 -0.184600815 0.264913291 0.255438417 0.208721206 0.113455422 -0.0691368431 -0.00305885705 -0.292910397 0.060497582 0.0830719694 -0.0663922951 0.217070892 0.132083759 0.202477783 -0.287403643 -0.0548154935 0.0988284424 0.170790479 -0.203246847 0.150780052 -0.248890385 -0.168118939 0.0112939561 0.199120417 -0.215239912 0.0686514303 -0.140570059 -0.032392025 0.147838324 0.0672291145 0.0587338731 0.0936788023 -0.0335292518 -0.0596404932 0.197181255 0.0107212812 0.429138839 0.0674487874 0.18664819 0.0944359973 -0.213571072 -0.294064224 -0.105036952 0.00137969479 0.166560113 -0.14539659 -0.064683564 0.0784856081 -0.163964972 -0.158488095 0.053286396 -0.0283814911 -0.185391903 -0.0732208788 0.266570538 0.127889782 -0.403765529 -0.222847819 0.115670629 0.210074991 0.0897518843 0.0869642794 0.16441898 0.32568863 0.0126157375 0.217520416 0.419822842 0.350762874 0.148643926 0.163614884 -0.0621153452 -0.424062848 0.159675404 -0.10141895 -0.370956481 0.218850359 0.159645647 -0.0940385088 0.0443890654 0.199828088 0.0130519336 0.197103143 -0.0177329294 -0.0639311001 -0.336997956 -0.338578194 -0.0746733621 -0.0114502897 -0.195463181 -0.152279273 0.161877573 -0.258942097 0.0858231932 -0.0814876184 0.0037389861 0.197268739 -0.0250878055 0.0697360784 0.187151283 0.181515664 0.168602362 -0.0717238635 -0.0677665621 -0.0817580447 0.103798956 0.0697912872 -0.0993103981 0.0038786761 -0.213815093 0.043001242 -0.227472559 0.124885909 0.0211451557 0.0192000493 -0.173843458 0.0927258506 -0.242144436 0.150044784 -0.124540925 -0.0100051314 -0.152618602 -0.326756775 0.400246114 0.156938553 0.141644746 -0.500174046 -0.187338218 0.106381357 0.00847056601 0.148807675 0.259484977 0.00536309695 0.0501275435 0.0374379307 0.233404279 -0.178592056 0.0340270288 -0.154386207 -0.168840006 0.155868009 -0.0611472204 0.400973409 -0.05254611 -0.135993913 0.173811838 -0.158178478 -0.329559863 0.124537438 -0.102456465 -0.113650359 -0.217320979 0.266692638 0.21929197 0.201964587 -0.202496246 0.00135169888 0.15347831 -0.0755687356 -0.149407133 0.0281940307 0.0572915934 -0.283053845 -0.241278991 -0.279365599 -0.189310044 0.16615662 0.207438111 0.152543962 -0.151349902 0.192570746 0.24430114 -0.168991685 -0.249875203 -0.177955478 0.141704112 0.0050659827 -0.274909139 -0.206064716 0.29233858 0.132975176 0.132062137 0.142516136 -0.367528826 0.0164477155 0.0141616305 0.0289056227 -0.0933995023 0.0121752135 0.143620357 -0.0642307326 -0.0726170763 -0.141283676 0.176230058 -0.0384961739 -0.43945986 -0.103187464 -0.191429645 -0.0285054538 0.0222193301 0.0133778946 -0.0648678914 -0.030295508 0.266610473 0.0442111902 -0.183760449 0.0328486711 0.193412676 -0.148354352 -0.202345178 0.0921253487 -0.125824302 -0.172074541 0.0636335239 0.185279772 -0.360503018 0.199014693 -0.0470376909 0.000171215914 -0.0152082881 -0.0379952081 -0.11679022 0.0654183477 0.115228891 -0.0582198836 -0.070172064 -0.119653083 -0.164017692 -0.0578354709 -0.233815655 -0.00814182125 0.162836611 0.132588491 -0.093251422 0.0279171541 0.00595867215 0.0439991392 -0.0372038148 -0.117583707 0.269312143 -0.13018322 -0.0981595367 -0.180280447 -0.0154412044 0.152028009 0.0133785382 0.0997294709 -0.124094635 0.148665771 0.382421494 0.176073134 -0.263954133 -0.160025164 -0.253394455 0.449289262 0.263727516 0.0832014903 0.189368099 -0.053721007 -0.132442176 -0.0181303229 0.00263690157 -0.0922531635 -0.171049699 0.0548208468 0.191326916 0.104306988 0.274527609 0.00265858998 -0.207549706 -0.262397826 -0.0872465819 0.0785206035 0.000869330775 0.211385936 0.232119828 0.128422573 0.304026544 0.144497603 -0.15885523 0.0154604055 0.0628251135 -0.0184709821 0.0695133507 -0.120924801 0.0203566626 -0.309647352 -0.124131672 0.0517497398 -0.0131421378 -0.0343518816 0.117763892 0.178187877 -0.0392997451 -0.0486572981 -0.167037204 -0.111430511 -0.0876897424 0.0770913661 0.0873668045 -0.0493412688 0.0201504882 0.20832029 -0.111234456 0.134866893 0.197650388 -0.012376993 -0.204281434 -0.182415053 0.175383955 0.0245102961 0.027939735 -0.127062544 -0.270222217 -0.249760479 0.157469243 0.0662673488 0.0739573613 -0.07905671 -0.158618882 0.022187613 -0.0592524521 -0.00835491437 0.233004317 0.113988876 -0.161888778 -0.105402805 -0.0238280073 0.18539995 0.0846268386 0.121593215 -0.158202082 0.16849117 -0.196959093 0.152740613 -0.00379222399 -0.0768189877 0.261230111 -0.131587952 -0.266660988 -0.00510421628 -0.169018805 0.0962868258 -0.0529483072 0.0342079028 0.29058677 0.453700483 -0.0719914511 -0.0794925466 -0.337105155 0.0690801144 0.239264354 0.123340964 0.0951550975 -0.00524642831 -0.33305192 -0.0877777338 -0.0301434882 0.105948567 0.0430466682 0.228212342 0.218249455 0.220040262 0.198113158 0.00838924199 -0.211809248 -0.289059281 -0.0533508956 0.124177001 -0.210591212 0.186981067 0.125640452 -0.29087317 0.327064931 0.192245081 0.134783044 -0.236298725 -0.213631228 -0.104171023 -0.0421986878 0.106348753 0.0222561061 -0.0597635992 -0.168250978 0.0472634807 0.0767531842 0.225537911 0.374514103 -0.0506408438 0.11344438 -0.127458543 -0.0425130762 -0.184232041 0.0755585954 -0.00814889185 -0.229784116 0.216318235 -0.041194316 -0.0583897643 -0.149630159 0.190808117 0.0586192235 0.175385371 -0.206635013 -0.00715387287 -0.176179394 -0.0930489674 0.107394584 0.170019671 -0.305868328 -0.214277655 0.0723948032 0.153841347 -0.0693282038 -0.0874608904 0.183712408 0.242481664 -0.16526638 -0.047580041 0.485633969 0.319296867 -0.0246949904 -0.0484937541 -0.114576161 -0.286466509 -0.1697644 -0.164485991 -0.154865131 0.168446064 0.123050876 0.219887674 -0.0695339143 0.21106033 0.165276185 0.0235032812 0.0786399767 -0.0969435945 -0.108718939 -0.129964992 -0.38643986 0.347145438 0.308780193 0.124557301 -0.154618934 -0.144350052 -0.127465874 0.160924256 0.0993270054 -0.320050776 0.103317752 -0.368486702 -0.276935041 -0.163821921 -0.198358744 -0.0485728495 0.115320697 0.259075493 -0.0757755488 0.122763358 0.230699822 -0.301232427 -0.120842516 -0.106090978 0.338007659 -0.0321423598 -0.369577318 -0.0520122908 0.235493556 0.108526945 0.289281726 0.00992351957 -0.220711157 0.0619912595 0.245117664 0.178709015 -0.160115629 -0.153483689 0.157128066 0.0218877923 -0.256178617 -0.4060238 0.126112416 0.0874003395 -0.252921224 -0.36375159 -0.0942447633 -0.16428715 -0.0131264776 0.500834107 -0.251651973 0.137273833 0.413101077 0.0286143739 -0.158686906 0.109578066 0.178999171 -0.324161589 0.0660474598 -0.0373373181 -0.0714647174 0.220129743 0.259424269 0.29094252 -0.110944614 -0.0858889297 0.336179048 0.0326177068 0.0171816666 0.0679761693 0.221091107 0.137336224 -0.059459094 -0.282447278 0.27846849 -0.188104063 -0.425294966 -0.267155319 -0.112620741 -0.212705597 0.0575326122 0.192434892 -0.143468186 -0.00826110505 0.391797394 -0.174423933 -0.210318774 -0.019727407 0.116312154 -0.318651825 -0.101989463 -0.15543361 -0.163100585 0.0230962969 0.180057481 0.207762837 -0.250508547 -0.124905825 0.224493787 0.366796821 -0.122651152 -0.119756922 0.111033827 0.0835282058 -0.0671990067 -0.358548373 0.083531864 0.0286308322 -0.468447685 -0.175741419 -0.204248622 -0.246819168 0.142108604 0.479864776 0.000760820636 0.269239724 0.325091362 -0.123806961 -0.00678579323 -0.101012267 0.0477991961 -0.230646878 -0.0484825857 -0.214235112 -0.0509897321 0.0124787185 0.0690455362 0.263380259 -0.0272688232 0.0626780465 -0.0839206427 -0.0166408457 0.00142846839 -0.0738771409 0.240011841 0.0712334812 0.108893543 -0.233038098 -0.123927943 0.0917403698 0.0830763876 0.0560230836 0.33772096 -0.0176029094 0.115038566 0.0750064403 -0.14320226 -0.287271291 -0.0370594785 -0.261418074 0.261038303 -0.207743764 -0.0887398273 -0.000436953356 -0.122063547 0.0939779729 0.146442026 0.14298892 -0.0521993153 0.0531477742 -0.278681338 0.0315915644 0.201156303 0.266523719 -0.116834104 0.0494939052 -0.0484568067 0.100892514 0.0345541537 -0.269609421 0.254241079 -0.217790082 -0.263183832 -0.358305424 -0.238836989 -0.196143255 0.0946482271 0.161036313 -0.0945363492 0.275479436 0.150758713 -0.0684752315 -0.078710407 0.0794958472 0.0197219122 -0.324047774 -0.182676196 0.0819027871 -0.0765175745 0.148923978 0.278811812 0.271450937
tensor backtrace_actor.0.bias 1 32
-0.0677355081 0.0467751659 -0.0145881409 -0.195106909 -0.0537186973 0.119998932 0.033868704 0.19175835 -0.0929920152 -0.306294829 -0.0119751422 -0.0418217331 0.185869277 -0.0104641523 0.0685244128 0.173355147 -0.162108883 0.0338570476 0.0201441087 0.0793955624 -0.0975902528 -0.0935636163 -0.0618934296 0.112580866 0.186344907 0.196623713 -0.176938638 -0.227276355 0.0648466274 -0.193239599 -0.0248600803 0.0496205427
tensor backtrace_actor.2.weight 2 32
0.12110728 -0.0766577646 -0.116950698 -0.181194395 0.106399991 0.220835403 0.221904278 0.145597994 -0.00875138398 0.018812703 0.0150562627 0.0788927749 -0.0485876426 0.0962620378 0.0852475762 -0.0770407394 0.0922905728 0.0757069513 -0.0101579512 -0.0794918314 -0.120422818 0.0664695576 -0.052792687 0.0976087674 0.0877052024 -0.100686394 0.0407849438 -0.128212526 -0.216498628 -0.209686562 -0.16073437 -0.0583760589 0.150403276 0.121157296 -0.169120446 0.145033002 -0.0826232508 -0.0602468885 -0.105806671 -0.138227403 -0.0199217908 0.0738024563 -0.259072751 0.109227829 0.0432146713 0.178676769 -0.23995994 -0.0245825294 0.0984386131 -0.000635371893 0.0374786556 -0.108432703 0.145246625 0.0824968964 -0.0698947906 0.164937109 0.153509676 -0.180986896 -0.10026738 0.0463950559 0.00869616959 -0.0884675384 0.140707403 0.0449609421
tensor backtrace_actor.2.bias 1 2
0.226390079 -0.178396121
end
