SMARTATPG_ACTOR_V2
embedding_dim 64
hidden_dim 32
tensor gate_encoder.0.weight 32 64
-0.0575673766 0.0968113616 0.191072106 -0.225627244 -0.260641605 -0.114298254 -0.0952947438 -0.147429928 0.207410544 -0.178836972 0.194199488 0.0241126083 0.0210000351 0.149951547 -0.111132987 -0.141093865 0.164336398 0.228006527 -0.176468059 -0.00618958194 -0.187119588 0.0190540645 -0.107485555 -0.137717023 -0.0407286622 0.0558153093 -0.00382846524 -0.0342278592 -0.180032134 -0.0429698713 0.270791888 -0.0819877237 -0.0184265841 0.158170789 -0.206422701 0.111894108 0.154371008 -0.102948867 -0.20130603 0.052135095 0.245237917 -0.0761426464 0.0116658444 0.122105442 0.00229864963 -0.166713461 -0.16487281 0.0615589172 -0.138618514 0.104489826 -0.0265170038 0.216688797 -0.126823649 0.0238279775 0.0355220102 -0.173240483 0.149398685 0.191436693 0.2233942 -0.0451368764 0.0779910684 -0.014998341 0.0848372653 -0.0690384731 -0.0696635023 -0.00642662263 0.0127333654 -0.0814433843 0.0752323493 0.0632326603 -0.104630619 -0.102826044 -0.0698626339 -0.00696450798 0.020514017 -0.00366024207 -0.122310303 -0.0729612932 -0.0453101732 0.0516697839 0.0954241753 0.00345679978 0.0816871896 -0.161909193 0.0931961462 0.0120129352 0.11637482 0.00505597144 -0.135131314 -0.0496903695 0.127137229 -0.162675232 0.138059035 -0.103337683 -0.170188457 0.0271402318 0.131280363 0.0362908691 0.0448728949 -0.144239783 -0.0492497906 -0.103792615 0.0455605946 0.0957971886 0.0231854282 -0.0268015489 -0.120718949 -0.0411100648 0.190503925 0.0583181717 0.0929418504 0.0634561181 -0.124705814 -0.0292560328 0.101952069 -0.130179971 0.0279907621 0.0904697925 -0.0281604063 0.0140492078 0.0151367066 0.0774964243 0.0618629679 0.0447110273 0.000157585775 0.00260353531 0.117790177 -0.00158193358 -0.00675206911 -0.143522918 -0.261922181 0.0536169671 0.0950899571 0.158909887 0.110468879 0.124103315 -0.285008937 0.211485058 -0.185533583 -0.0635269582 0.0470105633 -0.259461969 0.0398190022 0.13977094 -0.0556834601 -0.205477118 0.278068155 0.0801029652 0.179611519 0.175758854 0.244232163 0.10944847 0.126569837 -0.180497661 0.122252844 0.00762067921 0.244224995 -0.191378534 -0.22171393 0.0069013657 0.146414578 -0.170736313 0.0475883707 -0.135072827 -0.116734058 0.1666857 0.154887617 0.060003683 -0.163457379 0.198177397 -0.288358808 -0.285336256 -0.0492280461 0.135810196 0.151475891 0.132929847 0.0916300863 0.0053692311 0.192588627 -0.213356987 0.19993268 -0.0197439659 -0.109892979 0.105617501 -0.228902742 -0.193701774 -0.0841165185 0.0848196149 -0.122964159 0.122006953 0.00622711238 0.0876501575 0.100373514 -0.123844206 -0.113760218 0.0725988746 0.307404488 0.308098525 0.28588149 -0.0294349473 -0.165639907 0.239461392 -0.109226823 -0.104923382 0.0640362278 -0.243800595 0.180088103 0.108548805 0.13730821 -0.151130736 0.167342931 0.0871464461 0.170157492 0.013661772 0.253279865 0.195938408 0.238779888 -0.246679366 0.0850221366 -0.158389494 0.101056904 -0.152332053 -0.19483532 -0.0243212972 0.285772115 -0.239851102 0.202334583 -0.160625726 -0.215094745 0.235229895 0.169512138 -0.0481340699 -0.295003742 0.29329288 -0.15299122 -0.223979041 -0.105770476 0.0891972482 0.12162111 -0.00750304712 0.160186797 0.00962792989 0.284356803 -0.320473433 0.227966681 -0.0256987363 -0.240015522 0.112446606 -0.300979853 -0.255678743 -0.149521485 0.236003697 -0.207703173 0.285094291 0.191375807 0.144230872 -0.0594751686 0.244014248 0.117298707 -0.0591241047 -0.0730482861 -0.184800386 -0.0337510481 -0.102488689 0.140635535 0.0175244752 0.103974424 -0.0249311179 0.0400243029 0.125156477 0.075661093 -0.148861319 -0.0142827323 0.13264212 -0.143793508 -0.123008087 -0.1169447 -0.118466757 -0.239569157 -0.0444171242 -0.207898214 0.0882954001 0.0152931707 -0.121224955 -0.166035816 0.0719154552 0.223883256 0.0355320163 -0.0353954472 0.21035637 -0.014652729 0.223010197 0.0653180182 -0.0679574013 -0.0982700214 0.0761822239 0.0682844669 -0.0603966638 0.0991454497 0.241223618 -0.0633855015 -0.133965001 -0.128996357 0.061018154 -0.130516589 -0.107201479 -0.0683623403 0.126809478 -0.0437559038 -0.08923278 0.10929931 -0.114176847 0.111177638 0.0290437844 0.0692560375 -0.150285721 0.182361141 -0.158585072 0.110046715 0.0201157723 0.0422980636 -0.0087272143 0.15743722 0.0345747918 0.00913297385 -0.0176624004 -0.0305618066 -0.0372277163 7.52033957e-05 -0.0285998974 0.0165046044 0.182617471 -0.0748229027 0.148641184 -0.0951966941 0.0681029633 0.137132242 0.188508034 -0.11370407 -0.149509221 -0.0513110198 -0.069514595 -0.127785906 0.012679711 -0.178414643 0.142965019 0.0244813859 0.00467408821 0.0491790995 0.00626418693 0.101844907 -0.0621890128 -0.0482510477 0.197086632 -0.192068964 -0.00276010903 -0.0540388674 0.0778172761 -0.0974082351 -0.000492590887 0.0125479437 -0.0413671695 0.140327603 -0.0367383733 0.147571027 0.0178522971 -0.0606207289 -0.0409102552 0.0199923925 0.0645609573 0.0806123242 0.13864398 0.102755174 -0.0459082313 0.0431135669 -0.106218606 0.209760606 0.141255438 0.206277922 -0.0791101381 0.0821859762 -0.106542915 0.062718682 -0.0948046073 -0.117166378 0.234641179 0.122656457 -0.0874242708 -0.158714548 -0.247016594 -0.126189768 0.0853040889 0.28142488 -0.119650781 0.0530836731 0.187691629 0.124315768 0.205045655 0.0729613304 -0.263628721 -0.196097687 0.174257651 -0.295314193 -0.131391913 -0.213919967 -0.00204953854 -0.284383178 -0.276686311 -0.043985907 0.210513905 -0.134770781 -0.0700500533 -0.0728235915 0.26874432 0.272147894 0.0118061574 -0.219178975 0.115220778 -0.212016582 0.0934551209 0.232844561 -0.117349282 -0.104235202 -0.0316951834 0.238943771 -0.0704522207 0.201488227 0.244708091 0.00721250894 -0.210265517 -0.148824051 -0.122198895 -0.151562199 -0.0322042219 -0.165694416 0.250587851 -0.233818799 0.0757371411 0.231517509 -0.167065725 0.120351158 0.11183808 0.275011182 -0.0733304247 0.170525953 -0.0571417622 0.0404649787 -0.0147910826 -0.00617593946 -0.155926362 -0.1632469 0.061832387 0.149375498 0.0939889103 0.119293846 0.140831694 -0.10071604 -0.0150600886 -0.00108143059 -0.11870116 -0.0904200301 -0.0287918225 0.0943913236 0.10525804 -0.11694739 -0.0288717244 0.178382143 0.104100421 0.147948831 0.0773725286 0.0925188065 0.00707480218 0.033195626 -0.104564361 -0.00988568366 0.153489992 0.108864248 -0.0786218941 -0.100032419 0.0181780811 0.118621074 -0.161487669 0.152982742 0.0484704301 0.012605668 -0.0823814571 0.0687366799 0.125016645 -0.0608107559 0.0262140427 -0.195710033 0.0521293506 -0.179887325 0.0956582651 0.111842729 -0.0747783557 0.0358851925 -0.0715188384 -0.137494296 -0.083840996 0.0711289719 0.0273207743 0.0154039776 0.122208871 -0.221246272 -0.142832816 -0.0640863776 0.165438905 -0.127789751 0.0851373002 -0.0531887598 -0.0184969306 0.0132158604 0.0715060011 0.183355302 -0.0848669037 -0.117285341 -0.0120812347 -0.0343780071 -0.147426486 0.0518843681 -0.111836925 0.202005208 0.0151022077 -0.0435485393 -0.0164228547 -0.194411606 -0.201831296 0.147791564 0.0957346484 -0.209004432 -0.177830204 -0.0499928929 -0.0927439108 -0.119024888 -0.128633082 -0.102533415 0.142297775 -0.0285536144 -0.0656611994 -0.196617693 0.0496671461 0.218415827 -0.19423528 0.0166116673 0.0967114791 -0.144743666 0.107865818 -0.0580759943 -0.0121441716 -0.260967761 -0.0121764764 0.0760364607 -0.0391103327 0.0171351358 0.103732571 0.185717776 0.0186999682 -0.0469954275 -0.0679964423 0.0133868866 0.114617623 -0.0260440819 0.1208231 0.0958345011 0.0819622576 0.0592450015 -0.117310829 0.117099255 0.0496749431 0.170090929 0.0609374046 0.240009189 -0.00614341954 -0.0914149582 -0.0219670963 0.137615055 0.141265586 0.216070533 -0.0768989101 -0.0466633029 -0.0114079518 -0.188187316 -0.116792314 0.0695000216 -0.11334911 0.2145188 0.206364796 -0.0188781563 0.0117022227 -0.0889231935 -0.209676936 -0.0155742252 0.243521541 -0.25930357 0.0161328483 -0.176802188 -0.0233636685 -0.103021644 -0.0675834939 -0.13662602 0.175373822 -0.211703688 0.028478086 -0.115506843 -0.0806339979 0.105631247 -0.0466161072 -0.177905172 0.232286274 0.00796763785 -0.016116146 0.144756615 -0.0728854835 -0.0250931848 0.193476722 0.215065688 -0.197544202 0.0709563196 0.128111377 -0.045916263 -0.0196798723 -0.184415385 -0.0534205623 -0.0985897705 0.0517688468 0.0299908947 0.206885591 0.00641334755 -0.00757244648 0.0292840954 -0.108207189 0.151007012 0.186684668 0.188953981 0.0209021084 0.238495767 -0.0578882322 0.128071412 -0.0740308166 -0.00638165092 -0.103873156 -0.188056454 0.105587311 0.157925591 0.174554408 0.226414442 -0.0417541042 -0.0545992889 0.113905855 -0.11462383 -0.198177963 -0.0251535065 -0.15824312 -0.0562057011 -0.00691220583 -0.0340958312 -0.282242179 0.189345732 0.19921504 0.263800174 0.114464812 0.117778197 0.253719568 0.166175425 -0.169698566 0.105882995 -0.0114266723 0.0719188899 -0.0390830226 -0.208913326 -0.0107622519 -0.00126326061 -0.0864847004 0.0210707337 -0.22176595 -0.00705772638 0.0320276506 0.121639743 0.0359356329 -0.076176919 0.125970855 -0.217428476 -0.219994396 -0.109271869 0.0900874659 0.295565009 -0.103996404 0.0327110402 -0.0745130405 0.0728798583 -0.155413523 -0.0356394909 -0.0541456155 -0.0247378256 0.0665044785 -0.272348195 -0.178206846 -0.255588055 0.237765282 -0.0819541439 0.143747211 -0.00334207993 0.123578206 0.100728653 0.208948374 0.144739389 -0.101152852 -0.0937630385 -0.160132408 -0.134328514 0.0370872766 0.21591486 0.0371441431 -0.00207107211 0.0675055012 -0.154239282 0.214557499 -0.0434711687 -0.08560507 0.188991234 0.177884668 -0.106684007 -0.176942572 -0.264853597 -0.0219926629 -0.0821847096 -0.171120539 -0.0270444117 0.113813326 -0.161510184 -0.0554401353 -0.169697255 -0.0314055979 0.0800985023 -0.0126663828 -0.166481897 0.159359202 -0.0929750279 0.05878013 0.123244785 -0.0619380847 -0.0572139174 0.208567232 0.252331495 -0.227034077 0.192884058 0.198397592 0.0990346 0.0106274616 -0.204442546 -0.00711984886 -0.0176213514 0.16752243 0.0680911988 0.0835680962 -0.00667627994 0.0571263842 0.243071854 -0.117837757 0.109662086 0.288779736 0.195764631 -0.148164243 0.283768952 -0.192134395 -0.112573162 -0.0790751502 -0.0642305166 0.294283509 0.215420961 -0.168778449 -0.142611921 -0.200083584 -0.327386647 -0.0923576578 0.319659978 -0.0575945675 0.111702412 0.152287528 0.0342901871 0.337718487 -0.176065072 -0.217904404 -0.0535009615 0.132485271 -0.331344217 -0.107957639 -0.337386519 0.0345485471 -0.271845847 -0.287750125 -0.313877314 0.336373985 -0.223347902 -0.0398016535 -0.324957311 0.15623948 0.283480734 -0.0147699201 -0.238743782 0.154821977 -0.241106644 0.195939481 0.291700751 -0.21051307 -0.167592928 0.185026705 0.169818059 -0.242691845 0.292668909 0.114215724 0.0188894998 -0.1647816 -0.174625009 -0.239532501 -0.162642077 0.131464809 -0.108960822 0.321704298 -0.14082244 0.0825448707 0.165446073 -0.135273814 0.248337179 0.13073951 0.229805946 -0.288101465 0.284454376 -0.324115694 -0.0450714417 -0.0610067323 -0.0606015213 0.276740134 0.161758766 -0.128086597 -0.236630201 -0.0893755779 -0.0928215161 -0.0745154321 0.182035878 -0.0283888597 0.137524903 0.141217276 -0.0677055717 0.251960963 -0.0361688398 -0.0972806513 0.144243404 0.212970287 -0.0904625133 -0.0185302645 -0.10439831 0.0245549809 -0.199539348 -0.134941265 -0.11144086 0.112237275 -0.0479411371 -0.0818174258 -0.218952358 0.0737950206 0.289826602 -0.17499049 -0.108654864 0.0427701809 -0.143948615 0.0145892296 0.0902158245 -0.118762061 -0.195634142 0.00578200305 0.193834633 -0.236826867 0.0132852681 0.26916483 0.111569144 0.0208565518 -0.123523712 0.0483455397 -0.110060185 -0.0617185086 0.015686499 0.0805985034 -0.089576453 -0.0803303346 0.0535596572 -0.134258911 0.0531847961 0.120841935 0.121178284 -0.141099378 0.268599659 -0.203897342 -0.0286361668 0.00789533183 -0.00436073355 0.300283968 0.221614659 -0.113098256 -0.152591452 -0.26510793 -0.146958217 -0.0248171333 0.151540324 -0.0826444477 0.199366227 0.216622129 -0.0117437178 0.0794933066 -0.0148547124 -0.0655876398 -0.14634195 0.0939657837 -0.283361495 -0.272756666 -0.0909787416 -0.154414549 -0.183410153 -0.0846657827 -0.129386425 0.141899884 -0.26394248 -0.0114409076 -0.214881614 0.0998203158 0.113883011 -0.0546314009 -0.2145776 0.1310765 -0.267540932 0.0708209649 0.0886054188 -0.208511695 -0.180733502 0.0239969082 0.308370441 -0.214299142 0.297393888 0.0927449018 0.0108810216 -0.18193531 -0.165252015 -0.189709678 -0.157765195 -0.0953718722 -0.250578463 0.11230325 -0.151763722 0.159217998 0.12374454 -0.144139215 0.12731427 0.226604283 0.152004883 -0.238708124 0.143705085 -0.235192284 0.0240352731 -0.0845727697 -0.029329136 0.150430456 0.0288778692 0.0158395004 -0.0990730822 -0.0666323006 -0.0886864439 -0.167185724 0.240839794 -0.161202773 0.124224417 0.0783039331 0.0750010982 -0.0359710902 -0.0370664746 0.0921489894 0.0395042412 0.235186115 -0.251383752 -0.0451608598 -0.0219510198 0.00294294534 -0.180961117 -0.0903086215 -0.0317846537 0.144771919 -0.0124988556 -0.0962391719 0.0312419776 0.0460997745 0.165975779 -0.124032013 -0.0714557245 0.0667727068 -0.0560456179 0.110260449 -0.09518262 -0.0466119982 -0.0469112694 0.0718078986 0.108790472 -0.129764199 0.0663477704 -0.0104558282 0.126850069 -0.139415577 -0.13753067 0.101986773 0.0515679903 0.0680954233 -0.0475777462 0.198396564 0.0634299368 -0.0548527874 0.212687179 -0.0520325899 0.145219475 0.1331193 -0.0175038017 0.0661093369 0.184915423 -0.128699929 -0.0451915599 -0.125000253 -0.0190769136 0.205624253 0.252962977 -0.0872919559 -0.0432349071 -0.0450243689 -0.214231029 -0.142901406 0.190395281 -0.209688559 0.0820246413 0.16397348 0.107924223 0.165617704 0.108225167 0.0572861508 -0.121329658 0.259759545 -0.243805423 -0.184685707 -0.139492095 -0.171324342 -0.0405710898 -0.206263378 0.000614792982 0.0921358094 -0.0919459686 0.0343219899 -0.0497633517 0.155035093 0.0575538315 -0.0574520938 0.0534640402 0.105294794 -0.183077753 0.121548124 -0.00274891919 -0.141315907 -0.200654536 0.00979559869 0.125045449 0.0503766574 0.15377669 -0.0237763282 0.102376781 0.0160794854 -0.0370786302 0.153887868 -0.146993473 -0.110523984 -0.0724088475 0.112896927 -0.0352628045 -0.180542082 0.184311464 -0.109996393 0.161221385 0.168163285 0.148554757 -0.0207586009 0.140751258 -0.133364871 0.0315561779 -0.0109966621 -0.00383534282 -0.132394969 -0.11791417 0.131917998 0.140755743 0.206573918 0.256341726 -0.00132296118 -0.070787169 -0.00165351504 -0.100635417 -0.0165283456 0.0819649994 -0.257551372 -0.039316345 0.221490249 0.13535215 -0.224200502 0.120092981 0.17414394 0.0666525438 0.0126135061 0.295997143 0.0980204642 0.154944435 -0.0276315659 0.207134098 -0.0503932238 0.266928434 -0.0674406514 -0.304800391 0.0244153198 0.2009307 -0.143199071 0.12706472 -0.204852611 -0.0522814505 0.0577085987 0.119551376 -0.145897359 -0.166007996 -0.013187794 -0.197997227 -0.0806078538 0.195975393 0.0847220495 0.115191765 0.0994926691 0.0456965938 0.018306803 0.155553684 -0.193434849 0.248513952 -0.0285202321 -0.276793182 0.294181764 -0.187987611 -0.275536448 -0.183207497 0.0725633577 -0.20024845 0.15958263 0.110216968 0.0700292364 0.175903976 -0.178659454 -0.148475349 0.264373839 0.197018534 0.221117109 0.090897359 0.124438867 -0.149305508 0.245948106 -0.252056748 0.0993750468 -0.0255150851 -0.285095572 -0.14582181 0.176249921 0.233334735 -0.171948031 0.225815222 -0.00509001408 0.253544033 0.0555369072 0.227883413 0.0632743388 0.231567621 -0.200948387 -0.0141189778 0.0743275359 0.0942933112 -0.173171371 -0.199947789 -0.186268434 0.218026564 -0.266380459 0.158336282 -0.112983167 -0.0643705502 -0.146823898 0.159591511 0.0946808457 -0.157752559 -0.122215346 -0.250700772 -0.0912419707 -0.0393367931 0.124012172 0.160769969 -0.207386121 0.0717403367 0.119418994 0.231178865 -0.0634210184 0.144233614 0.127934486 -0.231566668 0.198594764 -0.0914564952 -0.151390254 -0.170644268 0.0645520315 -0.27831313 0.112291001 -0.0189969502 0.25483793 0.0518700071 -0.226753205 -0.293193489 0.247491971 0.175268382 0.304092169 0.0829901919 0.0806595385 -0.124139376 0.121064313 -0.0553117692 -0.16175878 0.0389714688 -0.0893324167 -0.0519013219 0.175534338 0.0305876117 -0.1433184 0.166057646 0.105204381 0.11448586 0.0144217387 0.204477698 0.282224268 0.0453580432 -0.19037959 0.186694995 -0.0439861789 0.170739993 -0.0653346851 -0.257541239 -0.0513401553 0.177051246 -0.130055681 0.211075932 -0.0986181423 -0.105305046 0.0685905218 0.126022562 0.0302445311 -0.205438718 0.0428256504 -0.0871268064 -0.28751877 -0.0812639222 0.210803926 0.132548437 0.0209308956 0.292218745 0.0804424733 0.180386096 -0.149469763 0.250423133 -0.0796907768 -0.279830813 0.229403287 -0.120604962 -0.169150591 -0.349005371 0.249201745 -0.108672708 0.0830001011 0.200022548 0.244866893 -0.049222745 -0.0967443138 -0.137675598 0.0853859261 0.110319018 0.137512088 0.269590229 0.00108643819 -0.24736841 0.145323545 -0.120080657 -0.152006939 -0.0844749361 -0.184522614 0.0450340137 0.0989769623 0.0191941317 -0.199824721 0.253203243 0.166421294 0.12508601 0.081435129 0.1541522 0.0795641914 0.264258206 -0.0691404194 0.104569279 -0.0675999299 0.237603605 -0.0536971763 -0.140193462 -0.0271773674 0.113911219 -0.13879472 0.19597429 -0.239946157 -0.184405118 0.0989955217 0.26709494 -0.116728887 -0.178608045 0.245077834 -0.252743959 -0.170527726 -0.058850497 0.149346903 0.246024117 0.0741433203 0.199486539 0.0341725461 0.200902671 -0.0807680264 0.133656934 -0.0405623056 -0.104425602 0.147011593 -0.203968629 -0.292747557 -0.179834798 0.0841960311 -0.139562488 0.190283746 -0.0707372501 0.148397088 -0.0672183335 0.193630844 0.0840817019 -0.0101822913 -0.173890784 -0.136530429 -0.0212134439 -0.0276967138 0.0881966874 -0.0199426115 0.000807592645 0.0929401591 -0.100901097 -0.0163109768 -0.0891814008 -0.0298257489 0.125877395 0.195876986 -0.107490301 -0.179496154 -0.158318505 0.0147932367 -0.220561355 -0.189823896 -0.16111286 -0.0301056784 0.00321156438 0.0421962366 -0.09952043 0.00531721488 0.109762743 -0.0691992119 -0.0816657469 0.0101953056 -0.00218836055 -0.0222592447 0.149774998 -0.0678892657 -0.227345183 0.0359953567 0.234184429 -0.0790728107 0.12697567 0.0931244493 0.045800969 -0.0179114826 -0.131898761 0.0883291736 0.0318767466 -0.0689699203 0.0663573667 0.198053882 -0.130876094 0.109440021 0.0530771352 -0.0624445006 0.122107588 0.13218911 0.024151504 -0.187988013 0.261372238 -0.12879616 0.0114480872 0.0845128149 -0.0719000846 0.145821646 0.320029706 -0.251298308 -0.0817234442 -0.220750809 -0.165731996 -0.000473408669 0.145069957 -0.0697319284 0.0653269738 0.0791191384 0.0934116095 0.209238559 0.0721369758 -0.106644027 -0.198552147 0.22961612 -0.270959496 -0.0548531562 -0.214875832 -0.0813913196 -0.227516666 -0.161975995 -0.114838757 0.126701847 -0.181100518 0.0136453407 -0.220541984 0.267966777 0.217755795 0.0579936877 -0.201292485 0.125257492 -0.312557876 0.179551631 0.134622559 -0.0382248648 -0.230404422 0.0870910212 0.112091891 -0.0333318822 0.16967003 0.165269241 0.0519099273 -0.0511615314 -0.252290308 0.0150622465 -0.266414583 0.00087595178 -0.263971478 0.179611236 -0.114052027 -0.00933900382 0.216195792 -0.148036003 0.196521685 0.180872023 0.359799981 -0.257466853 0.351131171 -0.301956236 -0.0889005512 -0.192567334 -0.015760513 0.141416788 0.208466545 -0.00356704975 -0.0287823975 -0.167230442 -0.166351289 -0.103087477 0.187896013 0.00646052975 0.0707267001 0.0497933216 0.0880929381 0.187445879 -0.0134773422 -0.0128234075 -0.0492730513 0.140889779 -0.150819004 -0.220919684 -0.224506751 -0.154176369 -0.155065238 -0.018754594 0.00103057583 0.173287138 -0.0530467592 -0.0987891704 -0.224146143 0.0295296181 0.0381826684 -0.0149465473 -0.157887951 0.0894083828 -0.0271940995 0.212923408 0.141941816 -0.0138516752 -0.132972017 -0.00833042152 0.0742991418 -0.00592998881 0.141843468 0.180246219 -0.0259583183 -0.184967682 -0.257826537 0.0264912751 -0.0519616604 0.0707650483 -0.0823153481 0.225702941 -0.01579489 -0.120031893 0.235639572 -0.279312789 0.179612026 0.0492869727 0.201084837 -0.220806956 0.264381588 -0.141767889 -0.058103621 -0.113256104 0.041116897 -0.293152511 -0.195401758 0.229219481 0.286970317 0.111840203 0.25095582 -0.0780447498 -0.145003185 0.198608249 -0.122681342 -0.219472289 0.0836225227 -0.116921581 0.0755489841 0.0525692776 0.111803621 -0.285853446 0.0658134893 0.175207958 0.201910555 -0.132604674 0.0558011644 0.119094364 0.175851256 -0.0499229692 0.141293526 -0.0806888565 0.133465812 -0.180037588 -0.0649557114 0.147016883 0.063796781 -0.257257879 0.102475047 -0.181969613 -0.232244343 0.202559024 0.23974295 -0.057966236 -0.171926141 0.190749392 -0.260751814 -0.0555268154 0.0844958276 -0.0137410266 0.311912954 0.193956405 0.0834260061 -0.0501616336 0.10460265 -0.223132163 0.0818019807 -0.0805127174 -0.267669022 0.256877542 -0.0811302289 -0.272435963 -0.297696382 0.019689722 -0.183401942 0.115842029 0.19262135 0.124424562 0.06120703 0.133880302 0.134156361 -0.123233698 -0.177978307 -0.0116983233 -0.218755931 -0.0244006179 0.173319906 -0.145228982 0.0548357032 0.224006176 0.081434384 0.153994426 -0.0667811781 -0.00470867706 0.0444176868 0.209541261 -0.229838416 -0.247789979 -0.242712989 -0.0833148435 -0.134873852 -0.241911322 -0.164828226 0.155310512 -0.0535743758 -0.116150782 -0.120538749 -0.0464048982 0.220831811 -0.0484176315 -0.0286734328 0.305056304 -0.0558382384 0.0213860869 0.0358435996 -0.173132524 -0.271701157 -0.00735249277 0.0870807767 -0.0298139341 0.0723066702 0.0947637707 0.0354128256 -0.191646203 -0.185086891 -0.136826441 -0.242337838 0.151195675 0.113098077 0.232281312 0.0156307127 0.125200018 0.199192703 -0.314042628 0.306473136 0.28556785 0.263026953 -0.0549156703 0.227174759 -0.189245209 0.110085703 -0.0635472685 -0.0121980794 0.119531833 0.156680375 0.0962045714 -0.168812767 0.0940967053 -0.205886319 0.0544172935 -0.00505980523 -0.0284088999 0.0705782399 -0.031643305 -0.137045503 0.0184384137 -0.150511608 0.0496437326 0.146476641 0.153865874 -0.164730638 -0.10165143 -0.166274264 -0.055005122 -0.0735467225 -0.065466322 -0.10397397 0.0758823827 -0.140621945 -0.149989665 -0.165914759 0.0459178463 -0.003365963 -0.113485724 -0.124327026 0.159146577 -0.100207016 0.0495929532 0.120242551 -0.154628247 -0.104544811 0.164291352 0.062731944 -0.0910215676 0.0646624416 -0.0122643467 0.125115648 -0.0684464052 -0.0747778863 -0.0201882347 -0.0622636899 0.138874099 -0.0491944589 0.166956618 0.0352691188 0.0665943176 0.0713548809 -0.0176667571 0.0223151613 0.186977655 0.178427696 -0.091216892 0.185730428 -0.155652374 0.0115428278 -0.0917662233 0.193820715 -0.0429880507 -0.0901033208 0.14516741 0.103229381 0.142591685 0.248799816 0.0116963079 -0.0122119244 0.179929942 -0.215932071 0.0617178157 0.0498789735 0.0373585559 0.0305814724 0.0124310376 -0.0255069677 -0.0554728396 0.0919033885 -0.0496803224 0.160716012 0.213318795 0.000393380818 0.0163223799 0.108624771 -0.0574277826 -0.0785769671 0.215523675 0.0888938904 -0.0118701961 -0.0274143573 -0.133518815 -0.114840776 -0.0871491879 0.0259627644 -0.18823123 -0.0568399727 -0.0462123714 0.0868743211 0.144677475 -0.114246234 0.0347514413 -0.109606214 0.0867391154 -0.12440525 0.0523894057 0.163157955 0.0306441393 0.0621009953 0.149987668 -0.134344876 -0.102213971 -0.0381544121 0.0366054215 0.0109047461 0.08491835 -0.0128234513 0.009768093 -0.00327792787 0.194144696 -0.137123913 0.0375704989 -0.0825241953 0.106372885 0.159066379 -0.199498191 -0.244073957 0.15189974 0.126594394 0.189832225 0.0993057638 0.118646704 -0.179863542 0.0823321119 -0.257193059 -0.1607939 -0.157730207 -0.06372381 -0.0536461137 0.116213322 0.00901771896 -0.142213285 0.283612102 0.142782971 0.296880811 0.0944870785 0.0713977441 0.221157834 0.0559869595 -0.242844686 0.0224384759 0.0418692194 0.139528871 -0.201165199 -0.304085225 -0.109176084 0.204310313 -0.119544223 0.0828482211 -0.213134989 -0.0627534837 -0.053343337 0.140091181 -0.0429595113 -0.103625447 0.1226459 -0.288043201 -0.0564122796 0.0443366952 0.183603421 0.215906754 -0.147332683 0.200157776 0.110316589 0.157830715 -0.139706969 0.271845907 0.0985765681 -0.218429014 0.28965497 -0.29942885 -0.259965032 -0.176879227 0.0495607182 -0.127262831 0.225951105 -0.0396943875 0.173352629 -0.0433700532 0.0930439234 0.023992952 -0.0146075301 -0.0900455043 0.0542725362 -0.189103767 0.0245994255 0.144430786 -0.117572613 0.132173806 0.152516425 -0.0368962362 -0.0413826779 -0.136798859 -0.0203213878 0.0216337852 0.145574585 -0.0652516261 -0.0122840693 -0.100642093 -0.177426234 -0.151554242 -0.0147115272 -0.126345783 -0.0247669891 -0.136172697 -0.0745723471 -0.0587400571 0.0660550892 0.0360295437 -0.108678542 -0.0892129317 0.0885130465 -0.0806489438 0.0987379402 -0.0552285947 -0.0565528795 -0.116133191 0.0401845425 0.131948799 -0.0238220897 0.0849656761 0.140190408 0.140897557 -0.0748003274 -0.130652577 0.0326268636 -0.135265663 -0.0659977645 0.0521716885 0.148551583 0.132626966 -0.029248381 0.0832518637 -0.102958545 0.0491762348 0.189737633 0.0232188776 0.035653051 0.0107662426 -0.0463073626 -0.000171486434 -0.151434734 0.140815228 -0.273192227 -0.183618292 0.151142478 0.201724663 0.23393625 0.127200618 0.0965108871 -0.219718561 0.277460933 -0.219191968 -0.17404218 0.00543684931 -0.227781877 -0.0902173519 0.294781178 -0.000256768952 -0.197555929 0.202421218 0.0609739572 0.130385399 -0.0605655983 0.269667685 0.248145208 0.29041937 -0.198357463 0.205203563 -0.173830122 0.277619123 -0.239549041 -0.20759882 -0.0684164912 0.0835420638 -0.305850148 0.115850508 -0.175467268 -0.140498549 0.196279228 0.200779349 0.0481436774 -0.253652513 0.201627031 -0.204540417 -0.252853751 0.0899223983 0.150090262 0.315013438 -0.00672242744 0.147216141 -0.0441703759 0.236338153 -0.142651856 0.24243255 -0.0800897852 -0.0941997841 0.159258753 -0.21068041 -0.160025597 -0.227745518 0.25148046 -0.19296281 0.0787148401 0.134741157 0.205664545 -0.0103683826 -0.114464037 -0.214954764 0.220942646 0.0506297089 0.192001924 0.189064354 0.0979963243 -0.237528294 0.139486909 -0.0349298306 -0.0420153551 0.0545691252 -0.283117414 0.106552318 0.150715157 -0.0620552339 -0.0822301358 0.273967773 0.233137324 0.304256558 0.143248871 0.274829626 0.0766380876 0.166352928 -0.0697885007 0.193701819 -0.0116326604 0.204221204 -0.00887581613 -0.14820005 0.0812686309 0.257685691 -0.10256616 0.0587812513 -0.223468855 -0.160992652 0.0603804849 0.127953991 -0.123995528 -0.238662034 0.122142248 -0.0566106364 -0.0611510538 0.0396660529 0.0686089694 0.276807994 0.115843631 0.15436101 -0.076872088 0.0300328974 -0.136648193 -0.00193057524 0.122494094 -0.278859943 0.289692044 -0.141025022 -0.149367824 -0.197284549 0.0551252104 -0.272979349 0.115835495 -0.00611097226 0.114944234
tensor gate_encoder.0.bias 1 32
0.0304628816 -0.0262164921 -0.0891861022 0.023268396 0.124924891 -0.0307074487 -0.137104005 0.0408646949 0.0873048753 -0.0394516475 -0.0614282899 0.141035914 0.0413489006 0.181773826 0.0373020917 -0.0925755426 0.0568657406 0.00397977373 0.0411124453 0.0917131454 -0.0407689139 0.100484215 0.0867372304 -0.104278989 -0.0506934188 0.106973678 0.04240999 0.153423995 -0.0420566313 -0.101062469 -0.108010694 -0.0503346436
tensor objective_value_embedding.weight 2 32
0.206777796 0.533852398 0.204775721 0.817362368 -1.48531055 0.20690614 -1.84962022 0.529368818 0.80425477 1.74762905 -0.223724693 0.054810442 0.550308704 0.650262058 -0.0714166611 1.11291397 -1.50839019 -0.901766062 1.31215453 -0.551979125 -0.136800274 0.424557418 0.342203468 -1.41502452 0.196688056 0.583201885 -0.381906748 1.43141055 1.2407949 -0.767437816 0.411274284 -1.03671503 0.722014129 -1.17469168 -0.137121618 -0.470358342 0.865074515 -0.437008768 -0.214408338 0.00225694734 -0.907970309 0.866400301 0.487464756 1.7424562 0.448643118 0.42680794 -0.381371319 -0.684507549 -1.00997007 -0.622588873 1.32147861 0.348026007 -0.164052472 1.20663142 -0.792448223 0.843249559 -1.59845579 -0.42359215 0.765783191 0.0998590961 -1.98093688 -0.285962552 0.0653896928 0.128344342
tensor backtrace_actor.0.weight 32 32
-0.104945138 -0.122819573 -0.15250656 0.145725697 0.132714674 0.0333253294 -0.020012781 0.0188012719 0.175305113 0.0135811167 -0.168257087 -0.0677560344 0.105783381 -0.153637916 0.11759074 0.0103789009 -0.0886384025 -0.216592357 -0.126058683 -0.166528419 -0.0156864412 -0.00882678665 0.0890014321 0.0688616037 -0.155462146 -0.0681747943 0.0158152264 0.0637836158 0.0454284474 0.151783794 -0.0859152973 -0.0530778468 -0.209312782 -0.134408489 -0.0842581391 0.0598565415 -0.0556061901 -0.178921789 0.127203152 -0.0579408072 -0.170881167 -0.0735190138 0.125038058 -0.0951962546 -0.10018494 -0.0892708898 -0.184413046 -0.00827639643 -0.0145232733 0.143263713 -0.167333603 0.216717228 0.078963019 -0.0516796857 0.0290738344 0.0426138639 0.0560643449 0.0678391308 0.0563211553 -0.0703594834 -0.0992271379 -0.0801805928 0.0287296381 0.209391475 0.130612239 0.0266533569 0.0233656876 0.0124691948 0.036516726 -0.171332017 -0.0466609225 -0.123430192 0.14534761 -0.192601725 0.0313620679 -0.0127204498 -0.0575116239 -0.143011212 -0.0623234138 0.123372532 -0.0452812538 0.0260980576 0.054511819 0.151846915 0.00618432229 0.139861122 0.126297638 -0.0954178944 0.187892914 -0.151846409 -0.163199052 -0.124847189 0.0748659 -0.134803221 -0.0232048072 0.021692941 -0.0735967606 -0.0123248361 -0.0381580181 0.0449923165 -0.0982291326 -0.0520382263 0.0533185676 -0.146434277 0.0315535329 -0.0185739435 -0.014626543 -0.0852317438 -0.0614301823 0.0338752083 0.158723265 0.17778036 0.115824997 -0.134546965 -0.0562669821 -0.0896853432 -0.267681181 -0.0956396535 0.0270255972 -0.0352043882 -0.0088780662 0.0770181939 -0.000975240546 -0.0841007754 -0.0207775384 -0.0460416228 -0.189834952 -0.226819038 0.0737498477 -0.0391455032 -0.208775952 -0.277085871 0.268115491 0.028753344 0.24393861 -0.206794083 0.0215982981 0.0281780008 -0.125079095 -0.0679326877 0.189231947 0.167273954 0.128699973 -0.189864203 0.251351684 0.0152445026 -0.187180638 -0.0549688414 -0.140238568 0.021889694 0.085982874 0.264487654 -0.170056626 0.100459225 0.188639462 -0.197026938 -0.0211776029 0.0669034794 -0.0856264085 -0.246052757 -0.0490768403 -0.147916153 0.34239623 0.0747679397 0.0911329836 -0.175947711 -0.0357834585 -0.0279048905 -0.285603911 -0.0151247466 0.311803877 0.212275326 -0.282753021 -0.138950661 -0.0417117104 0.0304901358 -0.075616017 0.197771847 0.184060723 0.292228729 0.268457413 -0.0294788554 -0.0198599529 -0.114266291 -0.0133802416 -0.24607861 0.164119557 0.0778133124 -0.153562024 -0.185675189 0.322722137 -0.0526220091 -0.168793425 0.0105678095 -0.0115875583 0.185101196 -0.056624081 0.149347216 -0.0310107786 -0.150803968 -0.0124555044 0.0924524739 -0.0234236531 -0.0241920557 -0.0635689795 0.164467275 0.0283577032 0.0511421636 0.105232544 0.0103906048 0.134275541 0.166855127 0.0806658641 -0.0163275041 -0.193650723 -0.147610471 -0.126733363 0.0867941082 0.0704717115 -0.0585458055 -0.0988187492 0.11052382 0.0917972624 0.199650258 -0.130627781 -0.163840681 0.0694905818 -0.0663640574 0.0930611119 -0.192119405 0.0665348172 0.0177696459 -0.163588837 0.0180356111 0.172393829 0.182751298 -0.0419311225 0.00592473103 -0.30048269 -0.131190583 -0.199652389 0.0308234412 0.193853587 0.141518503 0.236175328 -0.0933670402 -0.17848289 0.122823544 0.128303736 -0.256865025 0.0631120056 0.0819924772 0.113412455 -0.220174417 0.20747897 0.261235207 -0.0703324676 -0.080629237 -0.0595438629 -0.191196188 0.096670039 0.0991177335 0.256516039 -0.190774098 0.00683165481 -0.0328256823 -0.221575797 0.206308812 0.176021427 -0.0173575785 0.242820576 -0.114020623 0.25418818 -0.176337495 0.0349375606 -0.0719768405 -0.126283482 0.0509412773 0.0297784843 0.13772954 0.0567925759 0.206302866 0.0639314875 -0.245318234 -0.179705262 0.236088812 -0.345398962 0.0300840493 -0.123884752 0.0588265732 0.0959658474 -0.1470754 -0.150050744 -0.103790827 0.0577774197 -0.116279565 0.161200494 0.0720837563 -0.194347128 -0.0165324137 0.0885054693 -0.124516942 0.229773685 -0.061822731 0.0313199274 -0.147181526 0.132550836 -0.13640438 0.0216723997 -0.0536038019 0.0189372655 -0.0619348474 0.0518735014 -0.0971928835 0.00876857806 -0.139271304 -0.159467384 -0.0771364495 -0.153299078 -0.179573238 -0.214796975 -0.0962924063 0.0339315571 0.217258036 0.0412987322 -0.176312909 -0.0910635814 -0.0289074834 -0.0261207335 0.0213495009 -0.00461106654 0.198230714 -0.291145712 0.0897194818 -0.0675403848 -0.107517608 -0.0643334538 0.129795626 0.223855317 0.255924582 0.149556533 -0.0378880389 -0.10710831 0.0963253379 -0.0916673094 -0.168151692 0.161031604 0.117560051 -0.0297488831 0.0136183621 0.161249399 0.199504524 0.0380877331 0.00329354405 0.297284573 0.100222148 -0.197416648 -0.0786781088 -0.284726381 0.17643626 -0.161820799 -0.153328091 0.204882875 -0.0518283658 -0.034223754 0.111784674 -0.262170196 0.0278647952 -0.23327513 -0.0119346846 0.0308511425 0.238455206 0.00865201745 0.106089227 0.0543123595 -0.242652968 0.20944494 0.0710537881 0.0564127862 0.021351736 0.217838794 -0.186788768 0.0487336628 -0.062131878 0.252035916 -0.197216541 -0.344437271 -0.138390988 0.176542327 0.196220934 -0.044924099 -0.00963074807 -0.158112675 0.102547556 -0.207995623 0.227042735 0.252961725 0.169006407 0.133292556 -0.0337813534 0.0285468549 -0.301090986 0.0304264948 0.055714082 -0.106617734 0.18318893 0.166895121 0.179852739 -0.227405116 -0.0406079404 0.0510942563 0.16393593 -0.15613088 0.144011602 -0.276713908 -0.186047003 -0.064134039 0.154585153 -0.203644082 0.0460248105 -0.0733246505 -0.0369564518 0.147520587 -0.00102159625 -0.00536478544 0.129697904 0.0221767463 -0.0564073287 0.213513553 0.0730981082 0.222806633 0.0199965555 0.128118902 0.0530825034 -0.122623481 -0.196633726 -0.0580142923 0.0796880126 0.108019069 -0.0924367011 0.000793549116 0.00507664029 -0.12787737 -0.171106055 0.0287396554 -0.0788096711 -0.157325342 -0.0409891196 0.107792556 0.184793055 -0.310650647 -0.10409499 0.0178705044 0.184416175 0.113741703 0.168987602 0.212120473 0.241904795 0.0165447816 0.166387543 0.204166383 0.214153349 0.193494171 0.17367959 -0.0168418288 -0.243813381 0.105825737 -0.123492949 -0.25366661 0.173825815 0.14717783 -0.194394082 0.094437927 0.195941508 -0.0800823048 0.196592897 0.0405391753 -0.0328253508 -0.302614659 -0.30401969 -0.0535729378 0.0447919704 -0.248481438 -0.203342125 0.136018276 -0.199521244 0.137074277 0.0259893741 0.0647448078 0.172344506 -0.0686197132 0.0639780164 0.237385839 0.196313083 0.194100708 -0.00611484516 -0.0518708453 -0.125742376 0.0998277664 0.0203949586 -0.148052335 0.0337143801 -0.162251532 -0.00104223983 -0.211901709 0.178281695 -0.0153753627 0.014652933 -0.117574602 0.0810088515 -0.271907389 0.10112676 -0.0250482578 0.0848578811 -0.157017246 -0.329459757 0.286179751 0.243416086 0.232565492 -0.335286587 -0.0632530004 0.0339853279 -0.0972007141 0.10527233 0.285757035 -0.0294482131 0.20841381 0.136813968 0.302084416 -0.192049861 -0.025484452 -0.280655682 -0.177398369 0.126301616 0.015866369 0.309632778 -0.0317809917 -0.00688466243 0.0992831513 -0.24621813 -0.259332091 0.291819453 -0.10806831 -0.16086857 -0.189460024 0.246440351 0.275756419 0.273812622 -0.203157321 0.0049851588 0.0742344186 -0.0722704083 -0.171192691 0.0845414326 0.0575614385 -0.261290818 -0.190456554 -0.229680896 -0.1782545 0.136637792 0.150038287 0.134226233 -0.102782555 0.201530784 0.273457378 -0.103099816 -0.255448997 -0.172348008 0.0981574729 0.00188432843 -0.258915484 -0.176772907 0.25607568 0.114639379 0.174915075 0.149871349 -0.236211866 -0.0141715398 -0.0824320689 -0.110256992 -0.00859893207 0.0378759168 0.188317701 -0.0948550701 -0.0929028168 -0.116329774 0.138030961 -0.0146860862 -0.267871916 0.000669406028 -0.165764362 -0.0213828832 0.0242552944 -0.103143945 -0.0630295426 -0.039396733 0.171608239 0.0650413185 -0.151661694 0.120335765 0.171509832 -0.123780265 -0.148240551 0.0439636856 -0.151443318 -0.129891917 -0.00818861183 0.180926576 -0.134802386 0.167860493 -0.116020724 -0.00834633503 -0.00796928722 -0.0266948603 -0.183853641 0.0524662137 0.135983944 0.0307891387 -0.10273619 -0.0155298356 0.0199481267 0.0559899136 -0.173760414 0.0013194764 0.100370213 0.0136229312 -0.0180822145 -0.0227741804 -0.111911617 0.182899952 -0.0299637411 -0.105537966 0.131781489 -0.0605669767 -0.0372503959 -0.13104558 -0.0738727227 0.124558389 -0.00476385746 0.008253715 -0.149059817 0.125484914 0.332428753 0.118263483 -0.242030516 -0.179556444 -0.244019866 0.316875488 0.203046784 0.0629985482 0.213209078 -0.0828028768 -0.110322319 0.0242572241 -0.0852895007 -0.128828526 -0.161895528 0.014256306 0.185412139 0.172917783 0.23116982 -0.035853941 -0.2131868 -0.24258706 -0.0520676076 -0.00655896449 -0.026213875 0.227549851 0.232337147 0.078405641 0.256413847 0.177677676 0.00423234468 0.046593558 -0.0951735899 -0.15797922 0.101249762 -0.0292333029 0.181108415 -0.258087814 -0.0868008211 -0.0504437909 -0.124669626 -0.0423030108 0.182311907 0.17831558 0.101007372 -0.0222769566 -0.0170701593 -0.0979819 -0.21410571 0.00221798732 -0.00147581892 -0.0725127012 0.0822369382 0.261313736 -0.136427909 0.218929142 0.195734486 -0.162195101 -0.216045514 0.0490297377 0.00452236179 0.010191109 0.136982203 -0.021095071 -0.337390244 -0.272975832 0.0462870635 0.173768222 0.193794891 -0.0862277448 -0.0330258608 -0.0476494208 -0.18411319 -0.0695241168 0.254937142 0.110532105 -0.0129952505 0.00377952075 0.0960745364 0.178217411 -0.0204294529 -0.0121734124 -0.204246789 0.118362918 -0.102471828 0.0772090331 0.0312651284 0.059456557 0.162795618 -0.233434677 -0.191393808 0.208716124 -0.262433082 0.00780531252 -0.0392674021 0.0278339516 0.24109827 0.34439069 -0.0645823181 -0.112774663 -0.288169146 0.010851929 0.231972486 0.108935185 0.126771659 -0.0186765082 -0.26914534 -0.10551618 -0.034670718 0.0963494629 0.0432697162 0.178209096 0.205638662 0.209850758 0.127826005 -0.0143006016 -0.199267924 -0.290255994 -0.0561925955 0.0992464274 -0.224268273 0.178964943 0.121190302 -0.279220551 0.25455454 0.181685358 0.138819516 -0.216163918 -0.267655581 -0.164984375 -0.0366706103 0.118494801 0.091308631 -0.0376272798 -0.150630116 0.00628981553 0.0649108738 0.200912699 0.330251604 -0.0703059137 0.102314234 -0.0944493338 0.0155339409 -0.179585457 0.0233173855 -0.0156100495 -0.265829295 0.152031988 -0.0313341394 -0.0650071651 -0.107708909 0.201318577 0.054214105 0.15214096 -0.182015985 0.0311407149 -0.225172356 -0.0985527709 -0.0909516662 0.196960866 -0.194972634 -0.0370788127 -0.0164480284 0.141804203 -0.133335143 -0.0598206185 0.199667677 0.243287355 -0.129518569 -0.0676412582 0.29727754 0.227004573 -0.056975387 -0.0579558834 -0.126021534 -0.139903769 -0.160443857 -0.138194665 -0.0457173027 0.161406711 0.0798868909 0.121537045 -0.0353822485 0.182609439 0.114996962 0.0962859169 0.112932757 -0.147879899 -0.0217662547 -0.112355821 -0.344349951 0.289638579 0.351108521 0.180986628 -0.151393831 -0.189988121 -0.184637681 0.0165289324 0.0716570616 -0.263884008 0.153837919 -0.297188967 -0.245505944 -0.113105901 -0.244308233 -0.0804159641 0.0791079029 0.252316386 -0.0376483798 0.15783301 0.269674033 -0.25924772 -0.179592565 -0.0958377868 0.247371092 -0.0442439988 -0.29665786 -0.0393001772 0.179063678 0.119547069 0.309444517 0.00870463438 -0.0861375406 0.0445768945 0.183941573 0.0852305964 -0.106474757 -0.13088277 0.112938657 -0.0318200663 -0.258181959 -0.298006743 0.140087411 0.097894825 -0.0795648843 -0.216481015 -0.161702752 -0.131523192 -0.0850755125 0.29891333 -0.173812643 0.15333423 0.340362072 0.0590981841 -0.153263047 0.161571145 0.177571446 -0.305196166 0.123026587 -0.0116407219 -0.0778205246 0.164289206 0.251323521 0.214087799 -0.000605399604 -0.103543967 0.262357175 -0.071337387 0.0641259179 0.0853254423 0.186978176 0.0628666654 -0.0667875782 -0.197808743 0.281654716 -0.179275021 -0.244135723 -0.149644747 -0.167324334 -0.181338638 0.00286086998 0.029202221 -0.0828979537 0.00657644076 0.300730735 -0.154956445 -0.197054759 0.0313250422 0.118444078 -0.306036562 -0.0591424741 -0.141184866 -0.166666448 -0.0462693237 0.164040625 0.131682426 -0.0795568302 -0.158648789 0.132165879 0.224489659 -0.0427655056 -0.093617633 0.112394869 0.0186523478 -0.0918444544 -0.289703608 0.0781421438 0.0583729073 -0.267451704 -0.0429121964 -0.233259261 -0.235726446 0.104207881 0.295467585 0.0445319191 0.272674412 0.227475628 -0.0939735919 0.0146009922 -0.016942801 0.0242500193 -0.213831484 0.0261174273 -0.231888905 -0.0801140368 -0.00223041 0.0251902491 0.222691342 -0.0290981624 -0.0167269334 -0.0540885217 -0.0391450711 0.0771293044 -0.147602335 0.194443092 0.0980855152 0.0186793711 -0.155160278 -0.0367129371 0.164673984 0.117743306 0.130923077 0.177323222 -0.0920120254 -0.0223392341 0.0029588188 -0.000946144981 -0.186358064 0.0155614642 -0.167885691 0.187190458 -0.153210521 -0.10454309 -0.107605949 -0.0450641029 0.120516777 0.0989792198 0.0289042983 0.0109520843 0.109370895 -0.0755952597 -0.0132736014 0.0760079622 0.0959560201 -0.0111274831 0.0642257407 0.0115424003 0.036223229 -0.0108452002 -0.258568764 0.23177883 -0.176018313 -0.058081001 -0.250212938 -0.231393173 -0.207675844 0.0982936099 0.0154356724 -0.0886996835 0.274865329 0.0285033509 -0.0435472019 -0.0508612692 0.188480914 -0.0280850008 -0.316146523 -0.104054742 0.00393852592 -0.129928574 0.20426482 0.189093694 0.266828209
tensor backtrace_actor.0.bias 1 32
-0.106756493 0.106115364 0.0454260036 -0.141498506 -0.0370282046 0.110043578 -0.0786430463 0.172269255 -0.13513504 -0.174336016 -0.0225989185 -0.000429648993 0.144878954 0.070282869 0.021482503 0.163263679 -0.207576722 0.0966471657 0.0224033594 0.185728908 -0.114225157 -0.203777701 -0.146474257 0.111324243 0.127865911 0.199866965 -0.12252526 -0.161428601 0.114415884 -0.156568885 0.0997326598 0.0574140735
tensor backtrace_actor.2.weight 2 32
0.0600346588 -0.171403885 -0.100388266 -0.195221886 0.248207077 0.207335442 0.248624012 0.13346611 0.133692265 -0.0929343104 0.0263511389 -0.073424235 -0.185608372 0.0333579779 0.124821886 -0.260670543 0.22002925 0.153256863 -0.061234042 -0.0313152783 -0.257538974 0.181476206 0.090688929 0.0405277833 0.0221383609 -0.057866741 0.15120393 -0.157913804 -0.259121776 -0.247311473 -0.221177563 -0.0994047225 0.211476207 0.215904117 -0.185683265 0.159061864 -0.22442998 -0.0467459783 -0.132524401 -0.126095459 -0.162365794 0.185550004 -0.270367593 0.261544764 0.180235192 0.24158144 -0.279532194 0.159046665 -0.0293007195 -0.0781851783 0.0885550156 -0.156609595 0.282363296 -0.0325095765 -0.213376686 0.222018048 0.219076559 -0.223805934 -0.210684925 0.0760949403 0.0513194725 -0.0508413054 0.201150507 0.0859893709
tensor backtrace_actor.2.bias 1 2
0.115897499 -0.06790445
end
