SMARTATPG_ACTOR_V2
embedding_dim 64
hidden_dim 32
tensor gate_encoder.0.weight 32 64
-0.158982232 -0.143499658 0.262794316 -0.161820441 -0.109974578 0.0625514388 -0.113084957 -0.133372635 0.0764464289 -0.210175261 0.161875531 -0.212524608 0.0993267745 0.0628337935 0.0324317589 -0.157123342 0.170086101 -0.0807331204 0.0615526661 0.187916711 -0.0670460537 0.0664313287 -0.126191691 0.161117792 0.0581342652 0.132955447 0.0603223778 -0.111513361 -0.17962271 0.0676561967 0.0477399677 0.0886333808 0.126604602 0.0109440014 -0.307502866 0.337710977 0.274544388 0.00263735978 -0.0649188235 -0.0854649767 0.0202734079 0.0243791509 0.0575199984 -0.0441527404 -0.15733619 0.202945113 0.0234950818 0.261585355 -0.113359779 -0.166285247 0.0528472215 0.0567697994 -0.22054252 -0.0736202821 -0.0918161869 0.00598398456 -0.125451028 0.035910096 0.220304579 0.00887607317 0.108545281 0.197308004 0.291498095 -0.0864815712 -0.0238843672 -0.141859829 -0.0558576807 -0.074557066 0.126865029 0.0913739949 -0.0406794362 -0.106493682 -0.22308673 0.0701348558 0.0346183963 -0.0121801225 -0.153743476 -0.153820947 -0.0693149418 -0.170859367 0.0712893009 0.0370602123 0.167534783 -0.195118293 0.0971662253 0.119759321 0.0781798065 0.0880483091 -0.176508754 -0.0337963998 0.0268559083 -0.0952656791 0.247131065 -0.0464471653 -0.00597470906 0.0348440297 0.208069041 -0.169463336 0.0516226217 -0.0909636989 0.215631872 -0.116245352 0.0959850401 0.187986389 -0.0352391526 -0.128794923 -0.13336356 0.102526635 0.141392395 0.11969623 0.0577251539 0.133382931 -0.0327125639 0.103547394 -0.0125356838 -0.156950593 -0.0530703291 0.0685723573 -0.118306398 -0.0761058107 -0.121287741 0.112942465 0.150300086 0.102656275 -0.0533308983 0.000299417996 0.0459544733 0.0642442703 -0.0317237526 0.0799418315 -0.19767049 -0.105290905 -0.151690885 0.134013534 0.0164708123 0.0434663929 -0.212634489 0.116955586 -0.0566355661 0.0160625018 0.0526293591 -0.0632731542 0.0630255416 0.0351616666 -0.164513946 -0.0220636465 0.110043377 -0.0114627965 0.0212854836 0.241087541 0.138703451 -0.0589290857 -0.101865448 -0.168618694 0.114785895 -0.0106147034 0.375416547 -0.29341948 -0.0366124064 -0.0519430339 0.0199945476 -0.0314697698 0.0491935238 -0.144561514 -0.152867958 0.135242745 0.0708472356 0.0888117775 -0.176838726 0.116707191 -0.228011623 -0.20235835 0.0349281728 -0.166621998 0.00183966302 -0.00301396498 0.0845741779 0.139681771 -0.0414404087 -0.110908665 0.21791324 -0.0291856509 -0.194603771 -0.0930580795 -0.0312630795 -0.167520717 -0.137411594 -0.0736253411 -0.237252533 -0.101677746 -0.0844862014 -0.00243098405 0.0491852984 0.0981039181 0.0054026763 0.164950386 0.169494137 0.27388823 0.20603545 -0.104230963 -0.10292735 0.122019321 -0.0342492126 -0.227977097 0.212737203 -0.29798311 0.232559904 0.166719615 0.0892219692 -0.0818157792 0.0307692569 0.0819660351 -0.0281934589 -0.147008359 0.187989935 0.201566547 0.101378098 -0.108780041 0.154396161 -0.228891477 0.0279648919 -0.240175605 -0.19020775 -0.0352039784 0.164901599 -0.0329870768 0.135815397 -0.186499834 -0.383400917 0.283199787 -0.0734609589 -0.108877711 -0.32362631 0.362984389 -0.0587680936 -0.339776278 0.018495094 -0.162858263 0.1030121 0.0107183522 0.192881748 -0.040731024 0.352662176 -0.340921342 0.143959269 -0.0564644337 -0.29267019 0.119484179 -0.206689149 -0.248164624 -0.15953514 0.0611522496 -0.222348318 0.162202939 0.252372205 0.0776248574 0.0419689417 0.159663796 -0.00821109675 -0.14319858 -0.00949237123 -0.186500072 0.0877059847 -0.118121952 0.0706505403 0.0804549903 -0.076962702 0.170658365 -0.117730841 0.110274009 -0.0161968078 -0.301094025 -0.0143095758 0.182571128 0.10721983 0.0685790107 0.075579457 0.0288050827 -0.176208779 -0.0311421528 -0.15258871 -0.0881983489 -0.0712753385 -0.0598204173 0.053113047 0.0924616009 0.329119951 -0.00502670975 0.0917890072 0.0891717151 0.0359434672 0.141451091 0.0613402911 -0.0523874126 0.102639206 0.173126057 0.299285978 -0.0991310552 -0.000666227599 0.370815098 -0.18943812 -0.0936789662 -0.30863294 0.0670590624 -0.0728130639 0.0521029979 -0.011723537 0.2293863 -0.0461064763 -0.070318304 -0.000448917068 -0.116757117 0.0276419614 0.0827513114 0.209436312 0.0406327769 0.0853081644 -0.100594923 -0.0962712988 0.0609836355 0.0158483684 -0.252954125 0.112317294 -0.153103575 -0.0878548473 0.245194867 0.00767658884 -0.118585385 -0.197566643 -0.0330411755 0.0482576229 0.25939703 -0.203711033 0.210341945 -0.133769855 -0.0667103678 0.0960733369 0.150029033 0.104246244 0.0201535616 0.0534482189 0.171658516 -0.129192606 0.185358658 -0.322820842 0.0756256282 -0.0194754787 -0.00427466584 0.502021909 0.0868723914 0.095160231 -0.0172284264 0.170973659 -0.0314828008 -0.224434868 0.0659083724 0.100554526 0.182752222 0.0349054709 0.0502370708 0.0379186608 -0.152591869 0.117303491 0.0720558316 0.0356043242 0.0581657439 -0.121483102 0.145570114 0.0784052536 0.167607099 -0.0647531152 0.136154473 0.0676574707 -0.149870619 -0.25040856 -0.06382557 0.000625037646 0.164290801 0.134036854 -0.0041772183 -0.0242290366 -0.102275714 0.229013875 -0.110991955 0.232609257 0.0746257305 -0.206009179 0.10489057 0.103230126 -0.323810339 0.258284211 0.314083725 0.131715432 0.11163222 -0.329621077 0.482869774 -0.188431382 -0.0959149152 -0.341699183 -0.295097381 0.0835787877 0.323310852 -0.151907086 -0.176021561 0.0601302832 0.182100773 -0.00458977045 -0.488939047 0.228946969 -0.15401569 -0.414553165 0.237276405 -0.160093084 0.224589825 0.462992013 -0.192195609 -0.250580579 -0.125926659 0.0320783369 -0.239202648 0.1890717 -0.312983096 0.131711632 0.265048742 0.569938362 -0.278419286 -0.0791149735 0.463856429 -0.167716593 -0.114720955 -0.245480672 -0.365828454 0.124864884 0.266939402 -0.0328228436 0.623412192 -0.281721652 0.368428558 0.426472783 0.10184361 0.0471681282 0.301585793 0.513117254 0.244503602 0.0545140766 0.119331859 -0.102538548 0.258253217 -0.129637569 -0.144986168 -0.0368576162 -0.152398244 -0.0340696052 0.183885649 -0.0818276033 -0.00621219398 -0.071121864 -0.0964270532 0.269231379 -0.157662436 -0.0172803756 0.24244532 0.290679008 -0.036416471 -0.228238493 -0.0950348601 0.125693575 -0.0511320606 0.0704490915 0.114466228 -0.11633566 -0.0433912463 -0.145601645 -0.0309671536 0.0645069554 0.0375674367 0.257724822 -0.105687238 -0.0871027932 0.0712978691 0.0899647698 -0.103666842 0.0938758254 0.270566404 0.268872768 -0.0791330263 0.136792496 0.0706894919 -0.361276329 -0.0725626871 -0.100843988 0.0343891643 -0.0990674645 0.0889725164 0.124680482 -0.133147895 -0.0419513658 -0.0930725038 -0.488428146 -0.149543107 0.125760972 -0.0601593703 -0.0428532213 -0.158757403 -0.140112028 -0.313197672 -0.244046286 0.02295902 -0.216960028 -0.0047980682 -0.159427539 -0.151674569 -0.0675110519 -0.0784003437 0.178234145 0.0309628062 -0.0931624025 0.102294989 -0.0405027084 -0.0933697596 -0.177990526 -0.105371006 0.290621102 -0.145855188 -0.0150245605 -0.0895919502 -0.102864206 -0.26238656 0.247295603 -0.00649406761 -0.0982056856 -0.161969349 -0.00966855418 -0.00680422876 -0.0884939283 0.117978767 -0.106356353 0.257128179 -0.03437341 -0.0687216595 -0.256722212 -0.00326282252 0.053243801 -0.182409436 -0.107551523 -0.105198115 -0.145701498 0.238770738 0.168478519 -0.00831291359 -0.326625168 -0.0560352467 -0.0792484358 -0.0377451889 0.052332446 0.0659728572 0.168590277 0.162622899 0.20985876 0.0790624991 0.0880647451 -0.0555482805 -0.070830822 -0.00749219069 0.226762176 0.0696976334 -0.10039562 -0.00644149585 -0.0378981233 -0.0113667184 0.118608378 0.042370636 0.231516615 0.046869047 0.251274049 0.0268827248 -0.301244229 0.0350625254 0.558779478 -0.315414935 -0.151439518 0.214041635 -0.550552547 -0.442736208 0.188985571 -0.417933434 0.565491199 -0.0736675933 0.354031295 0.23829928 0.335977256 0.0178414676 -0.4623532 -0.0961513892 -0.18755731 0.28211841 -0.388585657 -0.268764853 -0.477051169 0.337341726 -0.492630392 0.559796691 0.191141531 -0.424484223 0.365002692 0.235786855 -0.197789624 0.409065545 0.251467407 0.422456563 -0.469138294 0.507586598 0.161497638 0.355103701 0.0531365685 -0.203458607 -0.157367945 0.0682212412 0.47586301 -0.169626355 -0.0329252034 0.151475638 -0.285049587 0.339749187 -0.148508713 -0.276240349 0.104153164 -0.185519919 -0.133223325 -0.498537809 -0.217867628 -0.20651181 -0.0927913114 -0.141552225 -0.0507054664 -0.277786821 0.394101709 -0.179497853 0.274611741 -0.425826401 0.0178325307 -0.102280714 -0.0484680161 0.0817219689 -0.0918142945 0.288877398 0.198472142 -0.279642522 0.013120899 0.0283555426 0.00604430865 -0.275899708 0.00595219526 -0.254107058 -0.0263996925 0.0100836586 0.041441001 -0.13656877 -0.0631250292 0.0739681199 0.122167669 -0.0050850925 0.0503801107 0.345884591 -0.0513685346 -0.0851234123 0.0956444666 -0.0673975274 0.150539368 -0.0914069414 -0.172549814 -0.10271959 0.0480366349 0.0421737954 -0.0249624215 -0.290432423 0.0142096234 0.038940113 -0.0458954312 0.0915187672 -0.106196895 0.0406580158 -0.208175376 -0.303239495 0.080020681 -0.124068484 0.28465119 0.0665682033 -0.0553517863 -0.0427618399 0.0142270988 -0.136647001 -0.136063427 -0.088632673 -0.0704405382 -0.0194721613 -0.127508059 -0.120902963 -0.379122436 0.15493159 -0.101239935 0.121211551 0.164756298 0.0943825617 -0.162116572 0.31719467 0.352526724 -0.271870792 -0.152853519 -0.103313573 -0.421845466 -0.0198121965 0.5312953 -0.14312768 0.120299064 -0.0702667311 0.0441268533 0.431665987 0.171432182 0.154571667 -0.056835033 -0.120795511 -0.122663029 0.0348805264 -0.407383949 -0.205043525 -0.234273374 -0.0555165969 -0.0783454925 0.293690354 0.114316478 -0.323206246 -0.112648733 0.239991426 -0.162491724 0.313398749 0.0280497186 0.396584541 -0.348684132 0.326559365 -0.0613627955 0.137390837 -0.0825650021 -0.0989212394 0.0901557803 0.0103131756 0.400993705 -0.0263316389 0.05138335 0.119261421 -0.297076702 0.0821123496 -0.16582118 -0.157793239 0.249851406 -0.120011605 -0.0445610136 -0.174557418 0.312106222 -0.134958312 0.130996794 0.119777061 0.152653217 -0.297646672 0.569179237 -0.265057176 -0.0267508924 -0.297145218 -0.157707676 0.115569204 0.206290752 -0.161527529 0.132115722 -0.177932158 -0.37718609 -0.015584507 0.272836536 -0.0377382487 0.0295334645 0.0673880056 0.12054503 0.310854554 -0.0191128459 -0.215944707 -0.142896131 -0.141666874 -0.0592157394 -0.000239839908 -0.23773165 -0.04197447 -0.320742935 -0.0310146734 -0.0933599249 0.425802827 -0.122724853 -0.116119809 -0.340003192 0.421539992 0.114581391 0.233863562 -0.0829054266 0.0278430842 -0.350885719 0.479738504 0.446854472 -0.184475243 0.0592807233 0.0305191148 -0.0391454995 -0.0908393115 0.36920774 0.0321693346 -0.106006771 0.252485663 -0.115350269 -0.172878087 -0.0923145935 -0.103341572 0.0976610109 0.150376454 -0.0956708565 -0.00460557081 0.189890683 -0.0861226544 0.00561521528 -0.0759823993 0.314637005 -0.207427293 0.493477166 -0.189607635 -0.117746457 -0.0792321041 -0.269652247 -0.0168225858 0.199505463 -0.295662791 -0.030648049 0.17237632 -0.25570944 0.0663281232 0.139204636 0.00612615561 0.181807756 -0.000447997649 0.00176820927 0.5077281 0.203962386 -0.176904619 -0.0698958933 -0.228264853 0.297693461 0.142743856 0.0285234097 0.217111602 -0.307682008 0.114889033 -0.00857324153 0.175352514 0.0727313608 -0.198646128 -0.0099542141 0.391175598 0.0829891264 0.166416928 0.189848006 -0.13308911 -0.267710596 0.436258584 0.361158282 -0.0122091612 0.114267766 -0.207973912 -0.152259633 -0.174830243 0.075170733 0.2072732 -0.183138296 0.585707068 0.00308258925 0.120226838 -0.255414367 -0.310452223 -0.124146566 -0.174837768 -0.133974344 -0.248258874 0.061478436 -0.218368202 -0.289148659 -0.0620546043 0.13474749 -0.0938959271 0.316044807 -0.0635538548 -0.0365588628 -0.0582111105 0.0711533278 0.00136867259 0.127673507 0.194426194 0.0869319737 -0.132021412 0.0787442103 -0.0235582478 -0.0625259951 0.00662235729 0.0318726674 0.0733327493 -0.00785149913 -0.337578118 -0.0536134541 -0.0772478804 0.00509265298 -0.0444034413 -0.0909424573 -0.163856342 0.100699119 -0.15970251 -0.0601966381 0.232092261 -0.0106200418 0.120127678 -0.333527148 0.0372635871 -0.338403523 0.153259382 0.022102423 -0.0159161016 -0.143700704 -0.087643981 -0.2656129 0.0430075005 0.15620546 -0.187398419 -0.0926553905 0.0432825238 0.286394894 -0.177795321 0.225638717 -0.0346869789 0.0135267004 0.03653441 0.0247935001 0.0159532689 -0.0108712371 -0.174640015 0.0161213968 0.0434920341 -0.169053346 0.177692264 0.0383145884 0.0744576827 -0.177881494 0.168392092 0.249135703 -0.0702848509 0.135339499 -0.0597144887 0.175715744 0.0693579987 -0.102010272 0.0330970064 0.0556977876 -0.0147656575 -0.0810746998 0.0154087963 -0.0905447528 -0.182021186 0.135901198 -0.181628183 0.164279148 -0.00944092032 0.080242902 -0.0534768812 -0.0206750017 0.117919229 0.013996833 0.204482883 -0.202652425 0.0624184236 -0.0461475328 0.0645654723 -0.186540693 0.0851333961 -0.0856084004 0.218449637 0.0189131964 -0.139599085 0.177957281 0.156029731 0.0921035856 -0.0245207585 0.0511863381 -0.055442065 -0.13689132 0.199034169 -0.0211290009 0.069122225 -0.0812439471 0.0292964652 0.107499763 -0.102338031 0.126360506 -0.0469537415 0.0307703726 -0.0678370148 -0.105010398 0.298569232 0.0653869659 -0.0105795879 -0.0691005513 0.111396886 0.0274579842 -0.145059049 0.112999201 0.0168847479 -0.00715421047 0.155872345 -0.0848566368 0.0634724721 0.209764898 -0.147037804 0.251343697 -0.124548331 0.339402437 0.12129911 -0.153956771 0.0933769718 0.259518057 -0.159386203 0.186899245 0.225347131 -0.124828309 0.072736524 -0.349255592 0.43494451 -0.240402386 -0.0552533641 -0.305240899 -0.0484083556 0.254534692 0.424512804 -0.00555931171 -0.183207214 0.121677428 0.0801505446 0.314935535 -0.364616334 0.360477 -0.208399549 -0.453417927 0.457026303 -0.225490838 -0.0688663647 0.17332226 -0.387542278 -0.0958421305 -0.28559792 0.152704313 -0.218795791 -0.0295610446 -0.405590147 -0.0600751117 0.34924686 0.546048582 -0.124216482 -0.143912271 0.298178285 -0.150802061 0.155523866 0.00793899503 -0.0734828711 0.101685561 0.133750409 0.0392931774 0.435528606 0.0252281148 0.216092005 0.236769497 0.174621418 0.0315242559 0.451609969 0.423395008 0.37614879 0.0613854229 0.0516093522 0.0820800141 0.341969162 0.140935853 -0.0127409436 -0.221511647 0.146017924 -0.00954130292 0.0968317613 0.347533554 0.0383458845 -0.173998713 0.0643554479 -0.131669551 0.224894971 -0.0828691646 -0.260739326 -0.236413002 -0.0347336344 0.238254949 0.0666760206 0.0929917768 0.147791535 0.0678282306 0.232927337 0.367628902 -0.141388491 0.039492391 -0.202631816 0.0128815603 0.10993249 0.299272716 -0.292542785 0.0213286616 -0.230548859 0.000409976608 -0.177200019 0.302553535 -0.465113193 -0.0816871971 -0.0743651986 0.00775065506 0.0678096563 0.112133399 -0.17407839 -0.317100555 0.14012365 0.211207986 -0.246597782 -0.0507674329 -0.0767253786 0.0609152727 0.344189405 -0.0714449361 0.0143614998 0.24240613 0.110493109 -0.383735627 0.298808843 -0.0622848533 -0.0131761748 -0.0601691827 0.100202024 -0.456692487 0.0354594812 -0.0323416106 0.15573363 -0.243218407 0.251745254 0.285180986 0.192839935 0.0748072192 -0.0373010151 -0.366846859 -0.134776801 0.287444443 -0.0896868482 0.0797268003 -0.251739264 0.484821707 -0.051233042 0.320020616 0.414394528 -0.193325073 -0.360684425 -0.0492998771 0.125883162 -0.128277972 -0.465646386 -0.115494043 0.171932176 0.0912762433 0.25972724 0.453961223 -0.363771319 0.0182133783 0.0318034291 -0.431492418 0.214724898 0.235424936 0.284831882 -0.2366032 0.218899757 -0.384645373 0.138381094 -0.119941942 -0.373170942 -0.441781789 0.331078112 0.153778777 -0.494964004 0.201397583 0.00613578968 0.0549288839 -0.0535183921 -0.142869785 -0.304167718 0.378588259 -0.506521463 0.134489074 -0.253319651 -0.211948395 -0.0339210704 0.131839052 -0.44130832 -0.316351652 -0.368722409 -0.00394698977 -0.100381896 -0.20162712 -0.11422307 0.0380899608 -0.149957627 -0.167359978 0.232879996 -0.0980131105 0.476037502 0.0518249199 -0.119013727 -0.144531876 0.0245904773 0.073377125 -0.249171317 0.0760785565 -0.120394476 -0.0159193221 0.0352634229 0.0462515391 0.0222619548 0.0493703559 0.227859288 0.013867734 0.0484396927 0.150111586 0.401378006 -0.226660386 -0.166934907 0.157551125 -0.0947153196 0.343196332 -0.196744889 -0.128685459 -0.141795084 0.195035502 -0.0264330134 0.163588777 -0.148135915 -0.149643272 0.136749104 -0.081279248 0.0564116426 -0.131820858 0.0539088435 -0.04039618 -0.350557864 0.0434784889 -0.0984163359 0.0747505948 0.163893312 0.164368391 0.134504899 0.0689250752 -0.161628097 0.133190826 -0.15639466 -0.472457856 0.160597354 -0.0829778835 -0.066305846 -0.402128905 0.163666353 -0.275657117 -0.00679741334 0.305006444 0.198786601 -0.0191750694 0.206428245 -0.118959352 -0.0886808485 -0.126668334 0.00683167437 0.221535236 -0.084240444 -0.0859083384 0.0720195845 -0.0456198901 0.0437588915 -0.106205083 -0.0232006647 -0.0130174132 0.143124238 -0.0645488948 0.0656326786 0.065160498 0.104645804 -0.0345215686 0.0300311148 0.101983719 -0.215740696 0.0756246597 -0.121085405 0.108956315 -0.0785470828 0.387958705 -0.162894249 0.0566193871 -0.14011389 0.0407407433 0.0868836269 0.220650509 -0.366698772 -0.380227238 0.0631545559 0.16166535 -0.0464930087 -0.00135137863 0.212378532 -0.223130018 -0.0588781349 0.0734399632 -0.26404047 0.0109377764 -0.121243738 0.158205867 0.233162671 0.136795282 0.0674969181 0.185046032 -0.0128849847 -0.0797807798 -0.0240546893 0.0408658162 -0.192503139 -0.22923702 -0.0259951819 -0.208570272 -0.0609409846 -0.287565231 0.0663327947 -0.178204998 0.0620268099 0.227477983 0.198359519 0.0134839201 -0.144866258 -0.0608716682 -0.0833634138 0.201656491 -0.098167114 -0.0421006568 -0.333380133 0.152846947 -0.245433673 0.102844246 0.28472209 0.043800313 -0.194618136 -0.113956541 -0.0181930568 -0.15200378 -0.306805611 -0.260239899 0.0691337734 -0.0321753174 0.161633968 0.217722759 -0.144218773 -0.248944506 0.250442922 -0.233013764 0.244876549 0.115057021 0.115943551 -0.225935951 0.150613025 -0.00487702573 0.0886838213 -0.172288805 -0.218687654 -0.0729341581 0.178813666 0.227321982 -0.287553489 0.0328400955 0.289825439 0.0130679403 0.289193273 0.0598260984 -0.437757432 0.413070053 -0.02148729 -0.286362231 -0.0444845036 0.219159335 0.174308404 -0.0582959987 -0.154587507 -0.00166026154 -0.227464065 0.476459414 0.0856619328 0.0739081278 0.0132028917 0.00805866532 0.0728043988 0.135321364 -0.0806534663 0.234040961 -0.36187017 -0.052053608 0.235018939 0.0605247803 0.0765093416 -0.136512175 0.121088602 0.0570495091 0.106627069 -0.0256839767 -0.0264812708 -0.12956284 0.114483975 -0.0388182886 -0.0140495282 -0.0456155948 -0.102275461 -0.0899391174 -0.219030723 0.207836658 0.0630196109 -0.211952269 0.11456579 -0.445368499 0.350850374 0.116364963 0.0954153091 -0.279668391 -0.0151384296 -0.214577451 0.153757617 0.132287547 -0.146379769 -0.0933661982 0.0947602317 0.171418011 0.0148173552 0.0798255131 0.214056313 -0.0822804198 0.19825691 -0.145191729 -0.15138112 -0.159595579 -0.0434837341 -0.0449925065 0.194452614 0.0273561459 0.119681373 0.363356709 0.0188271478 0.0434744582 0.151924744 0.503078043 -0.117728435 0.451880783 -0.189186707 -0.240116522 -0.0626128167 0.115662225 -0.116249695 0.0990598053 -0.0689804181 -0.0391498879 0.064739272 -0.0196968298 -0.15275076 0.0875795931 0.0997284055 -0.0694942474 0.218454912 -0.14645052 0.0902209356 -0.160598934 -0.131191656 0.0520997792 0.122708164 0.043827828 -0.0555251278 0.00563123543 0.0716028586 -0.0619627349 0.0279635563 -0.0324339196 -0.0467766412 -0.190362602 -0.0203961041 0.0254983306 0.0446709991 0.114810593 -0.0913711041 0.0728938878 -0.0707677826 0.0372034237 0.114454567 0.172606304 3.34162032e-05 -0.00391467335 0.147574469 0.268540859 -0.185172617 -0.031652417 0.296477497 -0.13553144 -0.158508986 -0.337840229 0.125001475 -0.0816935152 0.255412698 -0.139481217 0.383143663 -0.0829147026 -0.0910176486 0.127989292 -0.190098912 0.0460635871 0.173022628 0.279007405 -0.00119991519 0.110510007 -0.0176794231 -0.0392912254 -0.0446964465 0.156378925 -0.245184168 -0.309127629 0.218209147 0.211463213 0.061222747 0.367128879 -0.00661503337 -0.275326788 0.294057459 -0.127204761 -0.115508102 -0.0507486574 -0.0461809859 -0.0737954676 -0.108158827 0.168329313 -0.0934584886 0.0148446588 0.0395552255 0.212814346 0.102409519 0.130695298 -0.0883919299 0.119497351 -0.179554909 -0.0216847509 0.089960359 0.149675176 -0.330251276 0.14231959 -0.0525263585 -0.077965349 -0.342762589 0.283068389 -0.40399459 -0.181266591 0.10671822 0.191232726 0.123075284 -0.0594371185 0.0173857044 -0.376269758 0.136343166 0.0323362723 -0.212695226 0.323704571 0.044055175 0.143884525 0.235405087 -0.176160574 -0.100785851 0.0349049494 0.0474487394 -0.312675983 0.190585256 -0.00927965343 -0.140195996 -0.30671829 0.0309589449 -0.443540305 0.0772598535 0.139038146 0.213172555 -0.114505231 0.0134452228 0.141665265 -0.267773688 -0.147742376 0.157694906 -0.30270493 0.0493382774 0.0388154313 -0.177948013 0.11674758 0.162690371 0.0702179074 0.2855542 0.0603266582 -0.0737541616 -0.0592377149 0.0225056633 0.0469566397 -0.0579901822 -0.176412717 0.0946152732 -0.141531348 -0.0202763956 -0.186639652 0.180769846 -0.00182374241 -0.175903335 0.0690262243 0.0339048617 0.0852323025 0.100035578 0.135535121 0.119835623 -0.109314658 0.243183851 0.154125005 -0.0647461936 -0.175189704 -0.119779006 0.0174049344 0.0440714546 0.145268098 0.090128459 -0.134203136 0.00889742933 -0.0584584065 0.00644305116 -0.277196914 -0.000922439969 0.0952137709 0.0601620227 0.0685046241 0.0260223579 0.0576652624 -0.293841481 0.0637032762 0.214042589 0.228921756 -0.0159841869 0.220099464 -0.182357639 0.337430418 -0.109793983 -0.0271400493 -0.00641056709 0.144301116 0.0952412188 -0.0987659097 0.0899985433 -0.125909552 0.00939296558 -0.112786904 -0.0535198599 -0.0551795997 -0.058170002 -0.118762575 -0.0327167436 -0.0854495019 0.0713857263 0.0578292161 -0.044847697 0.164074883 0.181829646 0.0303208679 -0.017397698 -0.0262009874 0.0489705615 -0.049577117 0.0124734174 -0.0592340156 -0.201483712 0.0109431138 0.0891872868 -0.145605311 -0.0178390667 0.00911529735 0.141038463 -0.126327187 0.0412578061 -0.00545164663 -0.0237835534 0.161218345 0.0735013634 0.0448900387 0.0224519074 0.028762484 -0.0975607187 -0.00151142024 0.032970652 -0.0215284489 0.0535437614 0.0329509266 0.104218379 -0.0239922125 0.0977056101 0.0434039682 0.00471558049 -0.0782306492 0.199029028 -0.176221669 0.00831453502 0.154454023 -0.0226215683 0.0339798816 0.0492723323 -0.173214495 -0.148143843 -0.0501986966 0.314490616 0.146698296 0.179075778 0.0980876088 -0.100752845 -0.00453775516 -0.0257844385 0.303533554 -0.0283192284 -0.0799167231 -0.23000364 0.378187984 0.153375432 0.289981216 0.319630742 -0.178079814 -0.213643909 -0.109999374 -0.0274934471 -0.0562359653 -0.161947235 -0.141709238 0.00832870603 0.124191582 0.202241853 0.221980006 -0.0251600631 -0.190270007 0.0788561478 -0.267065972 0.0997152403 -0.301174045 0.276845306 -0.15731667 -0.0141251031 -0.36824885 0.0334444046 -0.0980983078 -0.172652185 -0.337988317 0.400329083 0.117947526 -0.248380989 0.0342651792 0.0076131504 0.164350942 -0.057963483 -0.0148289083 -0.224053279 0.10886962 -0.355006993 0.0192618519 -0.097132355 0.105514087 0.0702787638 0.228849337 -0.234382302 -0.108815983 -0.0755133554 0.12610653 -0.0924669579 -0.111249134 -0.0744588003 0.1200708 -0.180299938 -0.264238149 0.114365354 0.0266750548 0.309798509 0.067855455 0.0683026612 -0.218565553 0.114470258 -0.115743123 -0.172623664 -0.132868782 -0.0284341183 -0.00303205987 -0.0306852553 -0.0542860702 -0.128589019 0.273599476 -0.0125084724 0.240147397 0.177215725 0.0116839502 0.161912009 -0.0642637312 -0.213920891 -0.00339568011 0.0410668999 0.253937244 -0.261824459 -0.205850095 -0.143744513 0.156050101 -0.155273959 0.124679014 -0.202613041 0.0796439946 -0.109697133 0.115435131 0.00460926443 -0.253300488 0.0106280548 -0.283420205 0.0311437137 0.17265673 0.0407232866 0.282522827 -0.240959525 0.226961493 0.246379241 -0.00732861273 -0.189892232 0.348203301 0.0790407583 -0.301057339 0.168217421 -0.282771558 -0.298855186 -0.243547395 -0.0310402773 -0.295639485 0.10535612 -0.136535838 0.172098771 0.0949368477 0.031300433 -0.195056021 -0.108681865 0.115704887 -0.0124455402 -0.0216496419 0.137637496 0.172670379 0.0308813099 -0.0670250356 0.482403547 -0.246212989 -0.0115375984 -0.315803945 -0.0402242988 0.000133402966 0.268098474 -0.0477902405 -0.0525310747 0.0231976099 -0.069783248 -0.0607624613 -0.187875271 0.00226360932 -0.236130953 -0.25180915 0.0715216696 0.0592319071 0.154583663 0.242823943 -0.138314173 0.0485479236 -0.0832148418 0.0170585923 -0.0163333882 -0.0508744232 -0.101892807 0.0507995486 0.174351454 0.378112108 -0.137960523 -0.0370610133 0.345026046 0.149298072 -0.00596893393 -0.356924087 -0.0744209513 -0.152932987 0.17749244 0.0454850458 0.337343901 0.165404394 0.0581794493 0.224598512 -0.190305352 0.0943177342 0.302733064 0.148003876 0.241636023 0.0538366921 -0.0996916369 -0.228855014 -0.0540975444 0.086247988 0.0205187537 -0.0945818499 0.0626889542 0.019633757 0.0978774503 -0.025365049 -0.00277847936 -0.0539235175 0.164575011 -0.152150035 -0.16222094 0.121416323 -0.141497582 -0.0135318609 0.127676964 -0.156749934 -0.0882691294 0.057753332 0.0316836536 -0.093680568 -0.17611976 0.0981779993 0.128533274 0.144862875 -0.111364998 0.264844328 -0.252102077 0.291454613 -0.274367303 0.0186259877 -0.0283958502 -0.0694782585 -0.071199052 0.0356213897 -0.146931916 -0.262391031 0.196361914 0.0943144038 -0.00146621757 -0.228918716 0.241693079 -0.0859716088 -0.274229705 0.23344031 -0.148195878 0.0469491407 -0.107203022 0.180598259 0.00638916204 0.222059369 -0.0919391438 0.173172131 -0.113549508 -0.122815095 -0.0344545208 -0.0380841903 -0.197619796 -0.111816593 0.0862628445 -0.216772854 -0.113358833 -0.159625679 0.0851089507 0.185719162 0.130250543 -0.249554023 0.322436988 -0.0515753143 -0.0586149134 0.300419539 0.0325158127 -0.0247237869 0.151288956 -0.107192345 0.129234999 -0.00577414921 -0.407265842 -0.11247544 0.26505816 0.0801423341 0.248450398 -0.0951938257 0.071591273 0.18851985 -0.0282901134 0.353353769 -0.238917693 0.143170789 -0.140067771 0.109830357 0.0853605047 -0.051708132 -0.150608957 0.0330853984 -0.139649212 0.0104221869 0.124049999 0.167225212 -0.563677967 -0.397891313 -0.0812205821 -0.0623421669 0.0230130181 0.0189560428 0.080880262 -0.139469698 0.00485893944 0.230158105 -0.264806122 0.0941760167 -0.0678764507 0.195476517 0.126046494 0.138447836 0.0891571492 -0.0333486125 0.27362743 -0.122216932 0.269456387 0.225182101 0.0441731885 -0.114919975 0.0183290485 -0.227364033 0.0168541372 -0.169316709 0.163755253
tensor gate_encoder.0.bias 1 32
-0.0910243466 0.0288277119 -0.0674319863 -0.0432202742 0.219242394 0.00998723134 0.17905207 -0.038724035 0.061412517 -0.464460611 -0.0799610242 -0.126321435 -0.0905834511 0.0140867773 0.0503917187 -0.143541798 0.43373999 0.214695975 -0.429310888 0.0814234465 0.0159651488 -0.156274214 0.148823798 0.0323432907 0.126427501 0.0374031812 -0.0252674147 -0.126900285 -0.0150738722 0.0445458181 -0.153756812 0.0793209746
tensor objective_value_embedding.weight 2 32
0.245999053 0.502975106 0.166611835 0.61712712 -1.10326362 0.214942098 -1.43449938 0.332444876 0.655143738 1.23000109 -0.146252513 -0.0453748144 0.459087819 0.507741094 -0.0930731595 0.964665949 -1.05412817 -0.692601264 0.974150419 -0.469695449 -0.117352299 0.375509709 0.273089707 -1.11057413 0.168517232 0.402617395 -0.143094882 1.01034594 1.04582846 -0.512903094 0.316903621 -0.809276938 0.586526752 -1.03659797 -0.130680159 -0.427767158 0.727995276 -0.3623119 -0.00769198406 0.00592669146 -0.819227338 0.588995814 0.385643929 1.42701924 0.408799857 0.31504783 -0.28148371 -0.575812519 -0.736990452 -0.498913199 0.81188798 0.269394577 -0.169558033 0.912560403 -0.658284545 0.849044144 -1.34649062 -0.336281359 0.500905633 0.00580206933 -1.8122859 -0.232442349 0.0463937186 0.0995127559
tensor backtrace_actor.0.weight 32 32
-0.051123634 -0.280909956 -0.23829174 0.0325889923 0.272865385 -0.114549905 0.0482656211 -0.0779849589 0.0199556202 -0.0394167304 -0.0485947095 0.0570674837 0.0910884291 -0.215590492 0.026086513 -0.149145216 -0.141576484 -0.182887673 -0.0556470081 -0.0384905338 0.0084215831 0.0948726758 -0.0411353856 0.191288576 -0.286791474 -0.20530574 0.156432942 0.0632287115 -0.111835681 0.227629691 -0.0953968465 0.0845959559 -0.158188283 -0.245408207 -0.178981259 -0.0351528153 0.0582554489 -0.325684339 0.145134971 -0.114077523 -0.295079499 -0.0296908244 0.222054377 0.000194030974 -0.0437558703 -0.111800469 -0.281562358 -0.1411414 -0.101147085 0.100397602 -0.0398197472 0.288863182 0.0643678755 0.0366944782 -0.0453458764 0.143702194 -0.03373475 -0.0683913827 0.146977127 -0.0143292677 -0.207231492 -0.05887096 0.0121609056 0.359640419 0.0851767361 0.188706025 0.101572886 0.120639794 -0.0994075388 -0.0389973857 -0.106085807 -0.0347272754 0.300069213 -0.141544089 -0.0763824731 -0.138227329 -0.0237396862 -0.0723567456 0.0295270924 0.277876526 -0.00440524938 -0.0287520532 -0.00912601594 0.0373933688 -0.0277851801 0.0436601453 0.24422814 -0.211434796 0.334374666 -0.0189230144 -0.320372671 -0.114292212 0.239490405 -0.208150879 -0.0155012961 -0.11110124 -0.0199060384 -0.159787178 -0.178399086 -0.0869545713 0.0401563384 -0.177849561 0.188715711 -0.279304445 -0.106346525 -0.113501057 0.0900715366 0.0134255998 -0.0988620967 -0.0552079603 0.10756629 0.0354807191 0.12873362 -0.0727960914 -0.0400762744 0.0331116766 -0.238167182 -0.0286695827 -0.0986513868 0.0974285454 -0.134111345 -0.0499407649 0.138682738 -0.158970192 -0.168790668 0.0756212249 -0.274806738 -0.0913260654 -0.00768567948 0.0810731798 -0.09795513 -0.161686942 0.150840268 0.15914546 0.168751672 -0.165601686 0.136751205 0.0474152453 -0.208411127 -0.184140801 0.124559507 0.174059406 0.209906653 -0.0674729049 0.334559828 0.0488157049 -0.287917078 -0.133390814 -0.120537408 -0.0942237601 0.176974967 0.147687599 -0.0551333502 0.191334352 0.0779803768 -0.212719515 0.0982589424 0.0365136452 -0.0588475019 -0.341677636 -0.106125377 0.00350623229 0.521219373 0.226709634 -0.0619454496 -0.0645825639 -0.174626336 0.125830606 -0.138036683 0.089348197 0.195976332 0.129646793 -0.229674622 -0.0390499718 -0.0188863035 0.180887163 -0.110341832 0.112732954 0.199452311 0.147085622 0.252952456 -0.0719478205 0.112809241 -0.263870865 0.136181265 -0.104111172 0.0126478588 0.181381419 0.00126854121 -0.327708155 0.452228665 -0.199185133 -0.20372586 0.160392329 0.0546391793 0.2749888 -0.182140008 0.294237018 -0.0771924332 -0.0651810616 0.135857642 0.125989974 -0.136648014 -0.139744014 -0.0471105911 0.226851791 0.121054918 0.204514921 0.168040246 -0.0181538146 0.0508505329 0.0490468815 0.0518648848 -0.109932482 -0.0770355463 -0.252872348 -0.00412328448 0.224766806 -0.0577260219 -0.0795954838 0.0470158383 0.0507313572 0.0804358646 0.0638532341 -0.186490282 -0.014926957 0.248759866 0.0846483484 -0.0577262305 -0.0777412057 -0.0757048577 0.172111362 -0.0201731566 0.124569975 0.0638986975 0.0996888503 0.0122019034 0.103663407 -0.286192745 0.0148499198 -0.241028801 -0.0521587282 0.210552484 0.00330960052 0.221219674 -0.133141816 -0.0507186837 -0.0256347563 0.279316574 -0.121069573 -0.0860111117 0.19182317 0.265913099 -0.362866402 0.34069103 0.119917713 -0.146914616 0.0363671705 0.0458982922 -0.0778433084 -0.0201086719 0.224188074 0.182989806 -0.141713962 0.120088585 -0.0103052082 -0.301970243 0.0934274942 0.11157459 -0.0101002054 0.317543417 0.00706477929 0.339728177 -0.149802282 -0.0626476333 -0.148347974 -0.107208021 -0.0608059801 0.117522925 0.0209460426 0.168050274 0.301742971 -0.04340351 -0.255899578 -0.063099131 0.196033031 -0.322984278 -0.0748437718 -0.0662413314 -0.100190163 -0.000205949051 -0.267462105 -0.00490802713 -0.246531263 0.146549821 -0.229167119 0.00412765751 0.00585521106 -0.0731216744 0.107615858 0.0635944754 -0.19357267 0.14087303 -0.221942171 0.000873734185 -0.107694395 0.188848078 -0.00310338847 0.0555213429 0.0454931483 -0.115362428 0.0693286061 -0.0819258839 -0.234013781 0.153040782 -0.16265817 -0.320405215 0.0147743914 -0.177685812 -0.0393742509 -0.268524319 0.0478360653 0.199442118 0.357007444 -0.100278206 -0.0642618015 -0.227366328 0.113683544 0.109751932 0.122011304 -0.108038187 0.1106693 -0.243958786 0.1874322 -0.0450212397 0.033413671 -0.0901560187 0.0518202856 0.228956968 0.125836909 0.130780697 -0.0881496444 0.0146563463 -0.0415038615 0.0449372083 -0.0335107334 0.0190521404 0.208763346 0.114182979 -0.120109342 0.275545597 0.0601872131 0.109734029 -0.112521172 0.197300032 -0.0125664016 -0.0771100447 -0.206374928 -0.222111091 0.119142443 -0.279340267 -0.166951835 0.291377455 0.0584534705 0.0234851893 0.101118289 -0.340953708 -0.0986761823 -0.326752096 -0.0330860466 0.135916576 0.322020799 -0.00397304678 0.214883789 -0.0343985744 -0.122032329 0.101686001 -0.0346979573 0.159839198 0.035932973 0.102543212 -0.14424789 0.0331050232 0.0609269179 0.226544127 -0.316652805 -0.396871686 -0.200313032 0.269827157 0.127014101 0.00747861899 -0.079466708 -0.273577213 0.0400585867 -0.133973062 0.28322947 0.190435991 0.0930551067 0.0884744674 -0.150920391 0.0154137416 -0.239975035 0.0507278554 0.142480344 -0.0752281994 0.221352831 0.0941168517 0.25544259 -0.326513141 -0.163015217 0.166577369 0.153771117 -0.272268265 0.203493401 -0.273877025 -0.0683959424 -0.0176907592 0.0118001625 -0.330998927 -0.0704082698 0.0550449155 -0.165528208 0.251668215 -0.117658868 -0.14047499 0.0610882826 0.129790574 0.0446901321 0.196910307 -0.00338015449 0.163796946 -0.120893568 0.10992793 0.0969977602 -0.0862932205 -0.0763143376 -0.0393406525 0.153507546 -0.0147483312 0.0258619934 -0.115883619 -0.123771012 0.00155772106 -0.198054358 -0.111686215 0.0222378802 -0.217667848 0.0907413736 0.0301282685 0.301272482 -0.185068026 0.0124026723 -0.101896346 0.328159004 0.0904599875 0.23148568 0.331647843 0.173872441 -0.0634610206 0.0588177443 0.114063829 0.193317354 0.273884714 0.304439485 0.0654424503 -0.164895564 -0.0194487572 -0.176344991 -0.194126248 0.0712081194 0.21437867 -0.308613271 0.199217662 0.316435486 -0.18111527 0.146194458 0.153468981 -0.0490824394 -0.235525727 -0.45116213 -0.0788406059 -0.0782440826 -0.28129828 -0.251072258 0.222384825 -0.293874472 0.173006535 -0.0324224308 -0.0536534823 0.123261809 0.0145639833 0.13683106 0.188100621 0.116401255 0.130611673 -0.128822893 -0.0932398587 -0.0707370415 0.146247774 0.106870532 -0.11377342 0.0777631626 -0.238672495 0.0631032214 -0.315271765 0.0496156365 0.0946562886 0.0340501517 -0.22973527 0.124493517 -0.2406165 0.221121833 -0.106829174 0.201159045 -0.048197899 -0.210049316 0.172994956 0.364731163 0.152820542 -0.304281652 0.0445893854 0.0698516518 -0.173217043 -0.0083058523 0.220095471 -0.0260742176 0.277191401 0.25233376 0.37345165 -0.169620216 -0.106369957 -0.352675229 -0.161188051 0.0141905751 0.102799296 0.195596904 0.0815715492 0.0702831224 -0.0111650508 -0.24671115 -0.142214566 0.263309628 -0.0843098909 -0.24173525 -0.160820708 0.373794466 0.329787403 0.34447819 -0.303027958 0.075589411 0.0185721479 -0.0049995766 -0.0499220453 0.151121005 -0.0242874399 -0.32354182 -0.115121827 -0.152027503 -0.130112857 0.259524822 0.174413517 0.0673283339 -0.130903631 0.102166221 0.227780119 -0.150322586 -0.172336861 -0.255542815 0.207971781 0.12795873 -0.383398622 -0.158821255 0.380696326 0.0525575429 0.16895932 0.0312734284 -0.17447263 -0.144491211 -0.182497635 -0.219394267 0.12395969 -0.123086296 0.218741134 -0.162180185 -0.241470635 -0.0853379741 0.253083199 0.0964306369 -0.213375553 -0.0211762805 -0.2810449 -0.177363127 -0.0631102547 -0.133708552 0.0662853122 0.0621262603 0.160897642 0.165871814 -0.25278604 0.239445314 0.0651183799 -0.278262526 -0.0407484695 0.0894717276 -0.278398067 -0.0965208188 -0.028977314 0.345787257 -0.198662952 0.345666498 -0.0241313707 0.120875217 -0.170748278 0.132587597 -0.253830969 0.159265414 0.316990376 0.0714916363 -0.235485137 -0.155741721 0.0422157981 0.122412667 -0.0650606081 0.185461536 0.150545269 -0.0232679974 -0.101603404 -0.165885776 -0.14190197 0.0700661391 0.112612084 -0.250758886 0.281844109 0.0967961848 -0.193735242 -0.116912037 0.105918907 0.0407073051 0.0132580651 -0.147497416 -0.0723881498 0.0107865054 0.228290081 0.00758802518 -0.131163508 -0.304280639 -0.180415466 0.288447589 0.0950880051 0.0462383926 0.291811347 0.0296200719 -0.0521012396 0.0190241411 -0.159861282 -0.244708598 -0.246112153 -0.0133848097 0.2834512 0.247688219 0.222697526 0.0760927647 -0.298980892 -0.132545456 -0.162713215 -0.0889727399 0.0798113421 0.246122822 0.118951462 0.103525072 0.241638392 0.264780432 -0.0694259182 0.162858039 0.00977519993 -0.0443774797 -0.0185031015 0.0927041173 0.100224085 -0.189689562 0.028175367 -0.0240852498 -0.202400669 -0.15361172 0.108824119 0.186759949 0.177309543 0.0999826565 0.0794277489 -0.0753453374 -0.311646223 -0.075211294 0.0299157798 -0.181732908 0.171884388 0.140774697 -0.0266215038 0.319341481 0.0883374512 -0.167903557 -0.0986460522 -0.000887301459 0.0306189023 -0.10965284 0.0601917133 0.0962851793 -0.226188272 -0.158050835 -0.074015893 0.302752137 0.122703224 -0.0230713449 0.0845425725 -0.0336907022 -0.268235594 -0.181804851 0.183649257 0.117143005 0.0689954162 0.129314423 0.189218372 0.212215409 -0.127424195 -0.0919232294 -0.171329767 0.00609483989 -0.0138836829 -0.0433813222 0.141487554 0.164758474 0.0566468798 -0.250623375 -0.0741383284 0.164154127 -0.230668828 -0.112692818 0.0365998857 -0.0708662868 0.132177755 0.244197682 0.0345458053 -0.213555351 -0.185461476 -0.0492197759 0.140215829 0.0679340512 0.189021289 0.0752634779 -0.185769141 -0.116658226 -0.0745392889 -0.00363586214 -0.0141862556 0.163349375 0.265128821 0.266882956 0.0872289017 0.0802667961 -0.270478249 -0.190410629 -0.151454151 0.0331439786 -0.129954547 0.176667005 0.0194712542 -0.233119726 0.231392458 0.260244161 0.110207781 -0.341059893 -0.311787665 -0.216300696 0.0505031236 0.0286091883 0.132315591 -0.0987227783 -0.267389685 -0.0457523614 0.143171832 0.269176215 0.27836585 -0.144146293 0.0501461998 -0.215481937 -0.020369716 -0.126896888 0.063079901 0.0696432143 -0.236230507 0.196496874 -0.104644701 0.000898510916 -0.213866457 0.0739398673 0.167292073 0.163994595 -0.296222776 0.0766121447 -0.202438295 0.018605927 -0.175436899 0.329385847 -0.0657585859 0.093171075 -0.158478573 0.288927257 -0.187250867 0.0266130771 0.342695773 0.207008436 -0.240118101 -0.188821629 0.223383129 0.220888987 0.0475058965 0.0932582319 -0.0486301966 -0.0886278972 -0.277854323 -0.237271577 -0.00852206815 0.0459286124 0.181934431 -0.0153601086 0.0822088048 0.327809989 -0.00276231789 0.0629851818 0.245545566 -0.190379724 0.037136063 -0.284630805 -0.316286087 0.397337914 0.41905871 0.249156758 -0.245816901 -0.136720598 -0.236390546 0.0937017575 0.180495322 -0.201273948 0.0941488817 -0.340488195 -0.181279942 -0.0410417989 -0.216599628 0.0277902037 0.0869320855 0.191660419 -0.053990256 0.0818695426 0.245738864 -0.29384625 -0.122188717 -0.172711164 0.334775209 0.0683593154 -0.40650776 -0.0219015591 0.29148832 0.0491089411 0.317433268 -0.10545253 0.0039634672 -0.0843369886 0.0483447686 -0.0453207009 0.0283828992 -0.275380611 0.156515896 -0.109812044 -0.391652137 -0.240574166 0.236183733 0.218822673 0.0107594738 -0.188977808 -0.254506677 -0.274643749 -0.164112508 0.226317286 -0.0540113375 0.232969955 0.281589568 0.175698578 -0.242891014 0.29273051 0.0603475943 -0.435131401 0.238271832 0.0303533785 -0.205054507 0.196276337 0.171567485 0.373242259 0.0723154023 -0.216949686 0.139531553 -0.183344692 0.18155764 -0.0529854409 0.218541905 -0.00184587983 -0.185510606 -0.135535672 0.369622022 -0.0732366815 -0.159020945 -0.137973651 -0.254639179 -0.310021102 -0.0793217346 -0.0398943648 0.0440121256 0.0712100938 0.253419697 -0.0533048138 -0.27096945 0.142620012 0.0184894521 -0.429719806 0.0403785184 -0.0848446339 -0.276806027 -0.0265209842 0.106069364 0.28286466 0.00660921028 -0.285319149 -0.00197404507 0.0973929092 0.0897711739 -0.239623025 0.154476881 -0.058801312 -0.22303091 -0.232037395 0.176649213 0.176607832 -0.180730447 -0.0222740602 -0.325096577 -0.376891136 0.0233064927 0.224377587 0.165408865 0.353403956 0.171019897 0.0207053013 -0.0745424703 0.112122372 -0.0930777341 -0.343843549 0.138586789 -0.183379084 -0.204934552 0.024677692 -0.0496327952 0.381593823 -0.018242294 -0.141223907 -0.114806034 -0.09653534 0.168305382 -0.299782634 0.20516476 0.0417816564 -0.101992607 -0.156535313 0.0509439483 0.252799273 0.114603862 0.0758292601 0.100263417 -0.221484274 -0.0971037149 0.0102813011 0.100942679 -0.10568627 0.0283385515 -0.0967550501 0.111750886 -0.0876857117 -0.198572993 -0.233404115 0.0531479716 0.169101343 -0.0166462325 0.0532765985 0.0352610126 0.227361083 -0.00533781992 -0.127919793 -0.0506236367 -0.0161785465 0.106713459 -0.0880066827 0.0366089121 -0.0272276308 -0.130320877 -0.193892166 0.318864375 -0.0731038675 0.0357066691 -0.236989513 -0.313662261 -0.339690626 0.0103794122 -0.0670929253 0.043411497 0.32945767 -0.0299451668 0.0574756078 -0.114965305 0.298621118 -0.126186073 -0.448016763 -0.00681732222 0.0653877184 -0.239906013 0.217665061 0.130561367 0.422963083
tensor backtrace_actor.0.bias 1 32
-0.0258022118 0.246350259 -0.0341895409 -0.12108992 -0.141479567 0.11782553 -0.170830265 0.180741549 -0.23870191 -0.110786356 -0.0231924783 0.107867487 0.176633775 0.111338429 -0.11785534 0.22442387 -0.300733 0.061520312 0.161280066 0.0878887028 -0.0128678828 -0.308806479 -0.256340206 0.184258536 0.180050373 0.0739574581 -0.153281718 -0.0311342049 0.253508598 -0.026438741 0.212342322 0.200912133
tensor backtrace_actor.2.weight 2 32
-0.00853304937 -0.336580664 0.03687042 -0.195719227 0.198574081 0.165504336 0.329317987 0.0702203065 0.0738769844 -0.163569093 -0.00648345379 -0.0101533914 -0.328901291 0.00534248259 0.29136163 -0.409583569 0.156347468 0.30041948 -0.231540769 0.129466847 -0.188692167 0.146615982 0.0645169839 0.110625975 -0.127751037 0.107066952 0.283418834 -0.324568957 -0.422889799 -0.414290816 -0.320875555 -0.266147643 0.280040324 0.381076932 -0.322936475 0.159552813 -0.174799562 -0.00490928395 -0.213216037 -0.062846303 -0.102552526 0.256179661 -0.237527624 0.198274225 0.323522925 0.269591838 -0.446067661 0.307954758 0.0343776792 -0.225344196 0.258857429 -0.317386806 0.213519037 0.00234953244 -0.187204078 0.151922911 0.368960708 -0.38873446 -0.342894256 0.242747888 0.215080276 0.116133444 0.300836563 0.252729177
tensor backtrace_actor.2.bias 1 2
0.0648293421 -0.0168356225
end
