SMARTATPG_ACTOR_V2
embedding_dim 64
hidden_dim 32
tensor gate_encoder.0.weight 32 64
-0.0718751922 0.143947452 0.237305671 -0.206567377 -0.273533881 -0.136991903 -0.107723817 -0.207195327 0.210978389 -0.221255377 0.192961946 -0.0184625164 0.0492048599 0.150711149 -0.114120439 -0.125784799 0.171395898 0.218193322 -0.141017571 0.0713154227 -0.173725203 -0.0354344845 -0.110700563 -0.123723231 -0.0249054004 0.0941043422 0.0494415052 -0.0529225469 -0.194775671 0.00877879933 0.246088982 -0.0475251228 -0.10389556 0.241378307 -0.239814192 0.0917856246 0.0708917007 -0.0409780666 -0.221232951 0.00509747956 0.297432125 0.00393279549 0.0494697578 0.0618261956 -0.0199229382 -0.226561949 -0.146195799 0.100957483 -0.135146335 0.081926167 -0.047108572 0.217328131 -0.088922441 -7.36378352e-05 -0.0700043291 -0.130392343 0.155157149 0.138190389 0.21525386 -0.103781216 0.0781018138 -0.0259165503 0.0795818567 -0.0994464234 -0.0711956695 -0.0807124525 -0.0324093252 -0.0332164243 0.13786684 0.0318864509 -0.0624770075 0.0251756404 -0.171235636 0.0517228022 -0.0381839424 -0.0541949868 -0.155264199 -0.0728878155 -0.0622048452 -0.00838841125 0.117070861 -0.0379416086 0.186840579 -0.069034934 0.208600387 0.0878022239 0.17318967 0.0405070111 -0.0550553016 -0.0841957852 0.10832458 -0.0984852687 0.0738997087 -0.0704005212 -0.188180119 0.0520855524 0.077191025 -0.0339944847 0.0862171799 -0.158376113 -0.027914878 -0.0961572155 0.104360476 0.064317964 0.0105046583 0.0628284439 -0.143608794 -0.0550342314 0.074558869 0.161701351 0.172936514 0.0510086603 -0.099510774 -0.0562174283 0.0337719209 -0.134024754 0.00666172896 0.127087802 -0.0770825148 0.107190005 -0.0921836123 0.0553228669 0.0932493582 0.0831947774 -0.0417589881 0.0748221353 0.148904473 0.0432383977 0.00861872453 -0.142952263 -0.255328476 0.00613210211 0.0896979943 0.106581673 0.0895899758 0.124106124 -0.246368825 0.193595111 -0.182118684 -0.0690732449 0.0555874631 -0.276259869 0.0623453148 0.19289282 -0.0765398443 -0.204427585 0.188085288 0.0403973311 0.105213262 0.129022449 0.199338257 0.10381984 0.102127768 -0.1492185 0.115357786 -0.00822325796 0.241711795 -0.200327769 -0.272006661 0.0161078591 0.223749369 -0.208898246 0.0205995236 -0.0906591043 -0.0918365493 0.147192314 0.165682912 0.0633990765 -0.238266781 0.181344494 -0.273132741 -0.273408592 -0.0306577235 0.19393383 0.0728542358 0.157054856 0.206516072 -0.0282011293 0.274469823 -0.209932551 0.121742338 -0.0260363296 -0.0293604415 0.111129671 -0.174110115 -0.201636389 -0.0892365947 0.10217315 -0.0467183143 0.169544652 0.0438464023 0.0646098182 0.0879973918 -0.123479895 -0.0732161105 0.00981375389 0.298393279 0.203704253 0.243235603 0.0115002971 -0.144036144 0.209483206 -0.0797603354 -0.136962697 0.0787228718 -0.222534671 0.207960293 0.145255804 0.0872764215 -0.164646804 0.0863099247 0.0911498815 0.101289406 -0.0231653247 0.201386571 0.213938072 0.220851943 -0.185576037 0.0956486911 -0.160582393 0.0821974352 -0.104403339 -0.237220824 0.023383718 0.356354415 -0.262316197 0.154751599 -0.101382576 -0.162853882 0.25218761 0.163713515 -0.0862415135 -0.37550348 0.347373068 -0.11022792 -0.215769187 -0.15058814 0.1929975 0.0518274754 0.0400394164 0.253535718 -0.0597356036 0.33136791 -0.366488129 0.113686755 -0.0469856933 -0.173728585 0.117265902 -0.260667741 -0.259034961 -0.154513344 0.2326231 -0.10776186 0.338443846 0.237211004 0.0940396488 -0.0275126882 0.246920064 0.108351707 -0.0467730239 -0.0861751139 -0.175129995 -0.0142147699 -0.113370843 0.125712231 0.0294688232 0.0691252425 0.00970493909 -0.0101953642 0.128497899 0.0242766142 -0.176327124 0.0459810868 0.160824671 -0.0952499956 -0.110745139 -0.0615913235 -0.103992738 -0.206591576 -0.0720072687 -0.16140835 0.0598486513 0.000375547243 -0.0897876099 -0.195190549 0.0754779875 0.253757626 0.00412194431 -0.130275667 0.23717086 0.0184972044 0.167021438 0.0259962659 -0.0710400119 -0.0934053138 0.098623164 0.163262621 -0.0779391751 0.0749230832 0.257530212 -0.0952315778 -0.178938746 -0.103854574 0.0428830683 -0.136036202 -0.0735169947 -0.11706046 0.207841635 0.00112926867 -0.0520402119 0.0467414111 -0.109830528 0.110587738 0.0414367542 0.093480207 -0.151888281 0.151573882 -0.153560832 0.0920799524 0.0368431211 0.0616810136 -0.0237793997 0.137562081 0.0322793685 0.0209922921 -0.0616140701 -0.0174220949 0.0808419064 -0.0490315259 0.0214676447 -0.0170531515 0.193409294 -0.149692029 0.214179158 -0.159433499 0.0155145554 0.175423205 0.209256619 -0.0770217776 -0.102989614 0.0314716324 0.0220541935 -0.0778914467 -0.0230754744 -0.0983489901 0.103820108 -0.017738333 0.0918978602 -0.0227948129 0.048149351 0.136140436 -0.0853155255 -0.124248691 0.188143522 -0.129989862 -0.0544156954 -0.0339194052 0.109135449 -0.0827955604 0.0128592839 0.0893133432 -0.0103736622 0.110631466 0.00321005215 0.0180878397 0.0539545268 -0.0168879461 -0.0493409485 -0.00318849133 0.0902008787 -0.0274832286 0.202919438 0.089795135 0.0161912031 0.0292176493 -0.110774882 0.189988449 0.180441469 0.256590188 -0.050056044 0.0597940199 -0.0618385449 0.0614600293 -0.0566694364 -0.107644692 0.211145177 0.0913025141 -0.0666803345 -0.149455518 -0.0964273512 -0.0905273408 0.0669226199 0.280722886 -0.083644703 0.0561791435 0.21892567 0.103528075 0.191942856 0.0681367889 -0.318946958 -0.19309485 0.20393075 -0.256943524 -0.19011195 -0.176819146 0.0631877929 -0.257156402 -0.30273366 -0.0704772398 0.134516895 -0.153267577 -0.0716322213 -0.0318270735 0.198618695 0.334086657 -0.0397031121 -0.166036397 0.110312186 -0.173653841 0.0656774044 0.236916766 -0.141345754 -0.101965047 0.0188059006 0.27019316 -0.159843251 0.147300199 0.244619682 0.0688659325 -0.246346697 -0.094869554 -0.148094356 -0.290633023 0.0288125705 -0.21168837 0.259701371 -0.209213763 0.095453009 0.270686775 -0.250173688 0.0940280035 0.145933166 0.26962781 -0.0450907759 0.0360465236 -0.0925534666 -0.000542618451 0.0180446394 -0.0213368386 -0.115043454 -0.13881667 0.0919070616 0.127843276 0.0445630662 0.0817529485 0.0905108303 -0.0914175585 -0.0490633361 0.0412208587 -0.134356007 -0.038139876 -0.082362555 0.11328876 0.117983148 -0.116205305 -0.00149055244 0.143884182 0.112769715 0.0834586322 -0.0004619924 0.0576010905 0.0205461029 -0.00426814053 -0.0545945987 0.0163186174 0.111404814 0.0917949229 -0.058289405 -0.105323948 0.0334849767 0.0770834684 -0.131809816 0.113294974 0.0775646567 0.0136749167 -0.0906457677 -0.00661629345 0.106571741 -0.0825931802 0.067338489 -0.156814635 0.0501936823 -0.113647081 0.0473479629 0.0491332039 -0.0652114302 0.0749550536 -0.094676815 -0.0626335442 -0.121196903 0.092420809 -0.0148119573 -0.00301680667 0.140456855 -0.197536483 -0.140191346 -0.0608335137 0.120947562 -0.0642836466 0.0357324965 -0.0459023826 -0.0369399004 -0.0239584595 0.033616107 0.168269813 -0.030666722 -0.0661672875 -0.035472367 -0.0204853937 -0.056760449 -0.0576255992 -0.0767983645 0.194310695 -0.029357722 -0.0547616519 0.0339300223 -0.203956708 -0.242553651 0.151649028 0.0572606996 -0.107984796 -0.0964354649 0.0501850173 -0.0150317838 -0.0618847162 -0.0853488892 -0.0345004052 0.131788611 0.00381760811 -0.0306565817 -0.217566311 0.103209443 0.210847959 -0.160487279 -0.0577684902 0.0776694417 -0.116134152 0.0728853866 -0.0252412073 0.0325636826 -0.265652418 -0.0625655949 0.0943328366 0.0502113216 0.0127265388 0.0927705765 0.0750840008 0.0731686205 0.0488197654 -0.0576087832 -0.0292172376 0.0959516764 -0.134336919 0.0797303841 0.137460992 0.0721953586 -0.0256868694 -0.0607570745 0.0262194015 0.0400483757 0.154809967 0.052947484 0.19980602 0.0108629782 -0.0682395026 -0.00180649059 0.12444891 0.165093943 0.235022053 -0.0583264194 -0.0404506624 -0.075899452 -0.207667455 -0.0969850272 0.0594690144 -0.123457983 0.195800677 0.16195254 0.00619813753 0.00489793532 -0.0872186348 -0.229077771 -0.0112924902 0.245820388 -0.236542866 0.0859280676 -0.161830768 -0.0558687747 -0.119566061 -0.0464371145 -0.100546166 0.211817726 -0.185269937 0.0369529203 -0.17185396 -0.0166396983 0.108884752 0.00472898083 -0.296078146 0.26557228 -0.0125032486 -0.00908788294 0.113376908 -0.0508471802 -0.0331312828 0.148614764 0.222255215 -0.102911793 0.104099326 0.102859288 -0.101745211 -0.0137795387 -0.202952489 -0.0570278391 -0.0661437362 0.0205139425 0.0112770544 0.206303254 0.0237286966 -0.0156888217 -0.0574224591 -0.0520254001 0.139345184 0.163855121 0.231589362 -0.013674574 0.273724496 -0.0568302982 0.139720961 -0.076997295 0.00719754118 -0.092274338 -0.178883076 0.0739431828 0.136706531 0.179760084 0.219878137 -0.129779875 0.00290075177 0.0797515064 -0.0957158729 -0.178217769 0.0112027917 -0.190604672 -0.0121202469 0.0636287034 -0.0682153329 -0.275701374 0.101037957 0.129125133 0.182358325 0.0325638205 0.0606908016 0.248160005 0.114596531 -0.145997062 0.120638482 -0.0540110692 0.122985497 -0.0790618286 -0.248571947 -0.0103743253 0.106459945 -0.093671903 -0.0206698403 -0.188644931 -0.01223638 0.00157553074 0.125895962 0.0511989854 -0.126356974 0.0722717941 -0.208558783 -0.215463027 -0.0184991974 0.0831729323 0.224172577 -0.0840407014 0.0901863798 -0.0830382928 0.157259941 -0.168155566 -0.0754745156 -0.0785721615 0.0470981933 0.0441174731 -0.208802983 -0.193136886 -0.293526649 0.239626527 -0.0388188586 0.14577204 0.00699815853 0.089290157 0.123707935 0.230040446 0.157364577 -0.066736199 -0.0988471061 -0.213645041 -0.133928224 0.00612857426 0.210636705 0.0137224281 -0.0011996926 0.0741105378 -0.143719271 0.161875084 -0.0649664924 -0.0745030493 0.217738956 0.238743991 -0.111931331 -0.152078226 -0.268894553 -0.0855722278 -0.0839032754 -0.159132227 -0.021328738 0.140042678 -0.15358685 -0.0554960892 -0.201134205 0.0148593504 0.0798314512 -0.0102419294 -0.246618629 0.194718972 -0.115547389 0.046655558 0.0996716693 -0.0744259134 -0.103755325 0.209713012 0.298274815 -0.189665481 0.210966036 0.203342289 0.14143686 -0.035499841 -0.228877276 -0.00423221197 0.016544411 0.169119194 0.105028912 0.0973425657 0.0338679329 0.0556190498 0.206878692 -0.0721279532 0.121098064 0.295380682 0.22471875 -0.171473682 0.318803966 -0.21869868 -0.126762405 -0.0881901458 -0.132556096 0.324749827 0.26033628 -0.151814759 -0.153139383 -0.147724077 -0.348193645 -0.11587666 0.30954653 -0.09015432 0.142192751 0.103400789 0.0792827681 0.368675381 -0.134355873 -0.2620022 -0.0888390318 0.0842712745 -0.260026008 -0.040102236 -0.302634001 0.0662067831 -0.279269993 -0.25357905 -0.319738895 0.353574157 -0.154234335 -0.0648922175 -0.299423903 0.205990225 0.301689923 0.0326519497 -0.290346891 0.229726568 -0.265898287 0.201455608 0.253519773 -0.150041416 -0.178442076 0.114341788 0.181656227 -0.178409889 0.330018818 0.0480768271 -0.0019425205 -0.220348001 -0.124703683 -0.230086803 -0.250664264 0.104698136 -0.178594992 0.282111943 -0.10337583 0.0343036875 0.0610954836 -0.137402326 0.204031408 0.0823016837 0.209432185 -0.358690083 0.230169043 -0.370123625 -0.0660961121 -0.0870993957 -0.04285229 0.29461813 0.165886208 -0.0937606022 -0.231412709 -0.14233686 -0.0952655673 -0.0730669349 0.15972954 -0.0346611291 0.123944215 0.12921828 -0.0648126379 0.218230292 -0.0590304211 -0.0994620547 0.17683658 0.243669957 -0.0719163716 0.0380414762 -0.0871544406 -0.0166429058 -0.195287213 -0.12393593 -0.0825671107 0.131146997 -0.0359971374 -0.0674293786 -0.270153135 0.120244063 0.288477957 -0.155283108 -0.223354384 0.0679847673 -0.151426896 -0.00764839258 0.0539479442 -0.116085991 -0.219520837 -0.0106406696 0.232145652 -0.175311193 0.0261997133 0.265402585 0.0958723128 0.000742547738 -0.133027866 0.0406948179 -0.072064586 -0.0683588013 0.0191208106 0.0965492353 -0.0476086587 -0.0726520121 -0.0100263041 -0.0726460814 0.0497412607 0.118022449 0.155407503 -0.159160018 0.296460718 -0.205470368 -0.032418754 0.0130339311 -0.0349540636 0.306312263 0.200542822 -0.074870795 -0.144757494 -0.18172507 -0.133998692 -0.0206818655 0.118844092 -0.0558759011 0.216868505 0.240880936 -0.017771963 0.105612904 -0.0228054039 -0.14677994 -0.152576551 0.112151504 -0.206528246 -0.272372425 -0.0292577539 -0.0791491494 -0.15363653 -0.102689944 -0.129610524 0.0859473124 -0.259000331 -0.0133368559 -0.185217485 0.0813769549 0.196182653 -0.0683581382 -0.261096418 0.160602659 -0.233191833 0.0373296812 0.0873921737 -0.208435163 -0.195196092 0.0286998637 0.36858052 -0.241501197 0.275954455 0.096193932 0.0372793265 -0.261374265 -0.109317012 -0.226408944 -0.306710958 -0.0379454643 -0.345546335 0.114349566 -0.0664100274 0.155177534 0.0726942047 -0.179239601 0.0828629956 0.249867693 0.157802537 -0.257416189 0.0405634977 -0.304832667 -0.0254739579 -0.0623721369 -0.0678956136 0.129958466 0.0283728782 -0.0182262529 -0.0754661113 -0.120153397 -0.108932637 -0.0738669559 0.193053439 -0.14107576 0.120453693 0.056107074 0.0595547445 0.0716449842 -0.0364625901 0.0551685989 0.00418060785 0.189365909 -0.213643447 0.0108960569 0.0318651348 0.0768539011 -0.168990105 -0.0893255994 0.00767355226 0.144549191 0.000586093345 -0.0643686205 0.0306338035 0.119155809 0.165345848 -0.0693040267 -0.103314504 0.0459251031 -0.0477959663 0.119817376 -0.0685632154 -0.00483621377 -0.0193220098 0.0237595998 0.0956890658 -0.0656810552 0.0821731463 -0.00769275753 0.00137074292 -0.0719164163 -0.10905613 0.106659867 0.0312862173 0.0450022928 -0.162804589 0.178365469 0.054205846 -0.0526915714 0.174452722 -0.0317549482 0.114770375 0.120163746 -0.0119232871 0.0629358366 0.192187682 -0.110554241 -0.0364991613 -0.129080549 0.0136320693 0.18047674 0.228634909 -0.101235792 -0.0197765175 -0.0185801778 -0.179550737 -0.0905511379 0.174338296 -0.169385642 0.0398729891 0.189851552 0.0495583192 0.220413744 0.0745213479 0.0103427237 -0.104470529 0.254409522 -0.211381778 -0.206398189 -0.0799985752 -0.0866318196 -0.00857212953 -0.240392059 0.0464640893 0.0426746979 -0.134453401 0.0956337601 -0.0716695935 0.126892105 0.100709938 -0.08807192 0.0431302823 0.0838110149 -0.138386384 0.0856166109 0.00956920814 -0.151545465 -0.148421511 0.0415144935 0.181817934 -0.00463875569 0.108835146 -0.00185626396 0.025777556 0.0554526709 0.0265304558 0.125792414 -0.214808971 -0.076994054 -0.168490618 0.170156896 -0.0604400486 -0.125783116 0.217969924 -0.147842407 0.14977318 0.196747452 0.168382883 0.0213039871 0.0804613009 -0.0884040967 0.000931247196 0.0175525807 0.0556629151 -0.187618956 -0.157120332 0.0906651616 0.139818579 0.212184891 0.286186129 0.0521280356 -0.0748025924 0.0383785293 -0.123607785 0.0278431363 0.0249853116 -0.255253166 -0.0686764047 0.247451469 0.143450826 -0.227510601 0.0778001621 0.128057167 0.0645281002 0.0612636879 0.318114698 0.0859455541 0.163979515 -0.0725756511 0.139976203 0.0040931371 0.282718688 -0.0988327414 -0.317043871 -0.0132379029 0.303647697 -0.22313498 0.162340105 -0.213152215 -0.00393957272 0.0280620102 0.166519105 -0.0942332223 -0.179634154 -0.0883143991 -0.249006599 -0.0234609023 0.174559727 0.167216226 0.101021692 0.0995855778 0.110566854 0.042240344 0.183344141 -0.152726322 0.168675572 0.0262187179 -0.177578092 0.266631305 -0.17673257 -0.238617137 -0.195732191 0.150302351 -0.193253487 0.23053734 0.115752824 0.0897190273 0.159837902 -0.144429892 -0.0985513851 0.208838925 0.189226329 0.0538179167 0.0510060936 0.102933742 -0.135505766 0.186892837 -0.26229924 0.0480675921 0.0172375366 -0.2627002 -0.112750016 0.237352863 0.194483623 -0.220886901 0.172147617 0.0786958188 0.203869075 -0.0508788154 0.155100569 0.090411149 0.268985152 -0.0972831696 0.0572857335 0.0544151291 0.0991854742 -0.071552895 -0.267369479 -0.095771715 0.189198166 -0.24316816 0.0826969668 -0.0828040987 -0.0794593692 -0.0877703652 0.206478372 0.0201761927 -0.206779912 -0.00813404936 -0.170757547 -0.118976571 -0.119883858 0.191680178 0.0776820853 -0.150165781 0.25801152 0.0497305803 0.270677835 -0.0659385175 0.106898516 0.0763599798 -0.292098582 0.262548447 -0.0402602218 -0.243075982 -0.182182208 0.0148575157 -0.131392062 0.170661598 -0.0125743682 0.179518983 0.0736295134 -0.251923919 -0.283018202 0.198191628 0.153424293 0.28169021 0.0898000002 0.071639806 -0.101731472 0.115861952 -0.0451145619 -0.143513456 0.0202117506 -0.0769459084 -0.05415342 0.237896398 0.0196397807 -0.146704301 0.0868608877 0.0727595389 0.0689245313 -0.00543652987 0.19043918 0.287584603 0.0221470613 -0.17468062 0.163624376 -0.0403566658 0.210490108 -0.0650622323 -0.302738577 -0.0654663593 0.28075698 -0.16272448 0.198507026 -0.0954245627 -0.076365456 0.0871678814 0.130333111 0.0515985563 -0.225889891 0.00593595719 -0.0919229463 -0.265623689 -0.0978320092 0.271880507 0.0835803971 0.0725124776 0.366788298 0.07834135 0.225363687 -0.142590761 0.169183955 -0.0845708176 -0.220589295 0.200769812 -0.081981115 -0.161749914 -0.381109864 0.278676599 -0.0564246885 0.1263403 0.239073038 0.22804144 -0.0337327793 -0.13384904 -0.153652579 0.046150621 0.101570092 0.125577793 0.269524783 0.0261412058 -0.231412098 0.163905188 -0.112296045 -0.124739692 -0.0981094241 -0.192575768 0.0544226542 0.15011245 0.000581298198 -0.186781883 0.167058364 0.100065969 0.0797887221 0.0760373846 0.131421149 0.0733153746 0.241389155 -0.071615018 0.0837417617 -0.071254015 0.263725579 -0.0740800351 -0.165058777 -0.037930008 0.232715443 -0.200554624 0.196936458 -0.217937231 -0.135130376 0.0728465617 0.277375013 -0.0904409364 -0.232386872 0.192853674 -0.270732343 -0.130821049 -0.0416149646 0.212464288 0.187284201 0.0926201418 0.263612241 0.033343479 0.257704139 -0.0752448365 0.0741745755 -0.0471008606 -0.012838061 0.112520903 -0.169222936 -0.260281444 -0.198474407 0.130860358 -0.0906543732 0.225444302 -0.032399267 0.15248777 -0.0651689991 0.21969974 0.109198056 0.005449811 -0.182691142 -0.188283265 -0.0317392983 -0.0347245373 0.0845149904 -0.0354790315 -0.017901307 0.0606627092 -0.0942294076 -0.0213099048 -0.108361334 -0.0195190459 0.150944918 0.21453853 -0.101682946 -0.111583367 -0.143011257 -0.0380492471 -0.226463109 -0.180674106 -0.126251772 0.002849899 0.0282950215 0.04835096 -0.14689438 0.063489005 0.0972993672 -0.0411892347 -0.185942233 0.0632692724 -0.023079142 -0.0456487648 0.0963513851 -0.0326693133 -0.252028108 0.00466655148 0.283228636 0.00348396064 0.153918892 0.0640796795 -0.00592393521 -0.0392298549 -0.14175041 0.109656654 0.0669828728 -0.088667132 0.052299235 0.222338513 -0.111157298 0.10372775 -0.0243116654 -0.00439297734 0.130151644 0.116828203 0.0501056835 -0.218072206 0.292256773 -0.110983908 0.0252304189 0.0746835917 -0.135042474 0.141028062 0.315612137 -0.258096784 -0.080877088 -0.161666319 -0.197648928 0.0314481296 0.124937072 -0.0464324653 0.0988707244 0.082254611 0.0923413709 0.279277831 0.0883511007 -0.18334341 -0.246712014 0.223878697 -0.198653609 -0.0325654075 -0.174789712 -0.00907727145 -0.217253283 -0.164381221 -0.134761691 0.0897384435 -0.163436487 -0.00181370077 -0.179648831 0.287485749 0.293764681 0.0806033686 -0.21381633 0.141455919 -0.297733605 0.183953777 0.153944761 -0.0128865857 -0.248370647 0.0624486245 0.13174805 -0.0200677812 0.168632001 0.161838546 0.037721809 -0.0833971202 -0.227235436 0.00825335644 -0.426208287 0.0305399671 -0.352926791 0.139486626 -0.0592448227 -0.0344876014 0.179626405 -0.204285905 0.151736468 0.206641719 0.352366298 -0.276082724 0.282707185 -0.368662894 -0.129934147 -0.193506971 0.0614352971 0.125024974 0.182526737 0.00992422737 -0.0331429355 -0.0977728963 -0.103919998 -0.137298763 0.196942016 0.0264023896 0.0148177836 0.119466342 0.00435457006 0.162897855 -0.0919926018 0.00278298068 0.0334231444 0.176015675 -0.147624075 -0.269815058 -0.159105048 -0.133135408 -0.113748148 -0.0700025335 0.0437870175 0.115072586 -0.0963745788 -0.049380891 -0.240187094 -0.0287926923 0.0521149524 -0.0979459584 -0.187881052 0.102894098 0.0271332934 0.130331025 0.0872648284 -0.0327704623 -0.104655765 0.0631883219 0.182900459 -0.11613477 0.072313346 0.210797757 -0.0234617274 -0.223819107 -0.210003227 -0.00227794214 -0.0675098151 0.13780579 -0.110630535 0.373889327 0.00515119452 -0.0484212711 0.230767399 -0.309592664 0.199834108 0.0855897591 0.214403048 -0.180825099 0.206884772 -0.115276091 -0.0762043521 -0.0773636848 0.113454558 -0.338699698 -0.246008843 0.240308404 0.330235988 0.00394714996 0.276435822 0.0221946556 -0.194690451 0.244024068 -0.170602992 -0.198726609 0.027020108 -0.134355649 0.0268806443 0.0350142829 0.161909491 -0.276766151 0.0639516711 0.177253321 0.21574463 -0.119509853 0.0893250406 0.109797403 0.236727446 -0.0617976561 0.0665236786 -0.0034111049 0.0483728424 -0.167756721 -0.0660317317 0.11991863 0.0317075215 -0.361198753 0.138888523 -0.181551576 -0.164682463 0.140359133 0.258881211 -0.0202000663 -0.184126362 0.201773748 -0.287471652 0.00391374342 0.0285919532 0.0972163603 0.293321997 0.15517059 0.179816574 -0.0609307066 0.137779921 -0.199315652 0.0365551263 -0.00176877237 -0.21871911 0.305748403 -0.103519715 -0.239733592 -0.248145118 0.0911197066 -0.120963052 0.18485783 0.219911546 0.16518952 0.0349710621 0.138590977 0.150312111 -0.0976858288 -0.170032755 -0.0214121211 -0.223497152 0.0264635347 0.129033059 -0.138451979 0.0515603162 0.185534939 0.0765645131 0.193192676 -0.0827334821 -0.0610779524 0.0557753816 0.180944487 -0.152766734 -0.162429243 -0.174699157 -0.0298493765 -0.106740125 -0.223421901 -0.133362591 0.152810678 -0.039846383 -0.087920092 -0.163795382 0.00348687335 0.240929633 -0.0190536268 -0.10710068 0.343155593 -0.0478245504 -0.00944361277 0.0116969459 -0.115057051 -0.287372947 -0.0466050692 0.131305277 0.036708273 0.0781200826 0.0671582595 -0.0479594693 -0.186664686 -0.12681967 -0.129931867 -0.308528364 0.147853285 0.0271519665 0.229382798 0.0305298064 0.122015484 0.124532714 -0.294282764 0.253075033 0.281282067 0.286899388 -0.0802606642 0.188352883 -0.198488653 0.10533835 -0.056157358 0.000812889135 0.155979902 0.17586711 0.0791436136 -0.20652011 0.0780891478 -0.205896303 -0.0162055381 0.0263687279 -0.0567116812 0.063388586 -0.0161778722 -0.133985102 0.0159162898 -0.161521316 0.0919811055 0.157438412 0.182624891 -0.192442462 -0.115327381 -0.165034473 -0.113424629 -0.0850143433 -0.103501327 -0.0977601409 0.0915575698 -0.115286469 -0.161204934 -0.16964002 0.0406674445 -0.0304408949 -0.121275708 -0.155137569 0.218937114 -0.110439524 0.0132038109 0.0490623191 -0.141806453 -0.0972392485 0.16238232 0.109579094 -0.0886403769 0.0721831545 -0.0317711346 0.145089552 -0.149334103 -0.0820570588 -0.0132808033 -0.0224662069 0.152655035 -0.0557940602 0.216588169 0.0767397732 0.067253314 0.0284093004 -0.00924297329 0.0717582628 0.150460988 0.154467568 -0.11846178 0.180857599 -0.159805551 -0.00179869228 -0.113436103 0.145467401 -0.0103160804 -0.0550067089 0.154696882 0.0774822235 0.0678544417 0.190552458 -0.0155515503 -0.0180177614 0.139548883 -0.166558251 0.0376358591 0.106237032 0.0167889427 0.057689894 0.026588833 -0.0604473799 -0.0581061654 0.0817949399 0.00458100019 0.111521237 0.136194229 -0.041793678 0.0462996066 0.0809105635 0.00492623728 -0.0247648712 0.162922055 0.0889673457 0.0634924248 -0.0322069339 -0.0745903999 -0.17283839 -0.049077265 -0.0307349432 -0.148318112 -0.0568844937 -0.0251373742 0.035947863 0.0913980901 -0.135837853 0.113791302 -0.0451125093 0.0823649317 -0.0932509527 0.0212854426 0.0837099254 0.0552670173 0.107645042 0.110170595 -0.0763918385 -0.146860987 -0.00310218893 -0.0251444597 -0.039190568 0.120204955 -0.012843498 -0.00985204987 0.00155703595 0.131388262 -0.0506839193 -0.0120537514 -0.0658464432 0.0657540485 0.13765341 -0.205680773 -0.237228855 0.14519237 0.144592553 0.0560055114 0.0633266345 0.179185271 -0.215222001 0.0829333514 -0.246023461 -0.214968219 -0.137451321 -0.0543648042 -0.0287290607 0.0929635093 -0.00331839593 -0.171837971 0.276949793 0.186767414 0.27498579 0.0825894102 0.0543583073 0.256130427 0.0715491772 -0.196528211 0.0352321714 0.0504351929 0.0960626602 -0.144765228 -0.324377745 -0.0639299452 0.170902699 -0.165832922 0.0668411851 -0.167885885 -0.00618508691 -0.0403074995 0.141314715 -0.0954307094 -0.170196906 0.222316071 -0.241657749 -0.0578531623 -0.00136864325 0.278131247 0.191026956 -0.116609856 0.276199311 0.0478350893 0.183987707 -0.199225754 0.240054548 0.0848795995 -0.229928941 0.345975876 -0.310532033 -0.285204113 -0.170270428 0.0440037064 -0.0331712849 0.252845615 0.00686923368 0.162680432 0.00742961653 0.0582972914 -0.0550282821 -0.00872013904 -0.0698448569 0.17874825 -0.133635759 0.0915047452 0.131881163 -0.0287471749 0.0949841887 0.224851415 -0.115515783 -0.0117443493 -0.192474902 -0.0908316821 0.0636064187 0.18156749 -0.00865201559 -0.107782058 -0.0197512917 -0.0314376988 -0.0802154243 -0.101931296 -0.0943318903 -0.144882753 -0.233630151 0.0121577643 -0.0870157108 -0.0611128137 0.113580525 -0.213866726 -0.0755977556 0.0432271287 0.0300408117 0.0372421034 -0.0294746086 -0.128822699 -0.0656764731 0.142196521 0.193993896 -0.178871617 -0.0124154948 0.200139508 0.129599959 -0.102447823 -0.0335141346 -0.0724924132 -0.284057349 0.0482810326 -0.079794094 0.219116405 0.170562476 0.0720905885 0.146058932 -0.16463384 0.0197681934 0.261656433 0.0381739177 0.101796001 -0.142486364 -0.0512539409 -0.0479048453 -0.0730297193 0.1463148 -0.295146316 -0.154594362 0.0894179717 0.188600346 0.166331887 0.110884249 0.107433937 -0.196528137 0.258321404 -0.212357715 -0.192273945 0.00658059632 -0.209687397 -0.0732553825 0.356242031 -0.0282905009 -0.232844144 0.124116667 0.0607721359 0.0782042742 -0.0988140106 0.239486992 0.276145756 0.284513086 -0.148644552 0.197764933 -0.170829058 0.282712549 -0.19902803 -0.272555083 -0.0466977991 0.172099054 -0.338706732 0.0820905119 -0.138277531 -0.107236192 0.219036743 0.214959994 0.0352843441 -0.311245441 0.223188907 -0.186421663 -0.245672494 0.0291198231 0.255743355 0.259338647 0.0462119468 0.25583303 -0.092046462 0.293449163 -0.159923241 0.123816878 -0.0939348415 -0.0455628075 0.155631751 -0.179158658 -0.170072496 -0.245429903 0.270445824 -0.106809638 0.141481921 0.187725574 0.175659686 0.0164505374 -0.134665072 -0.235569939 0.196439654 0.0502326228 0.223191425 0.20806697 0.08169052 -0.214043558 0.147155687 -0.0312487166 0.000628391281 0.0408074707 -0.293825656 0.108986557 0.178854689 -0.0713542253 -0.0754408538 0.219099388 0.162126496 0.264712006 0.153957888 0.264347494 0.0700899065 0.13226372 -0.0864560828 0.155963063 -0.0106309764 0.258169919 -0.0621689297 -0.155377999 0.0434173793 0.371895045 -0.150382861 0.0632576197 -0.210892692 -0.11613968 0.0304099713 0.146224454 -0.0773014724 -0.263661623 0.0356181599 -0.0768492967 -0.0231786147 0.0917138755 0.102469221 0.250157744 0.122262254 0.179788202 -0.0545551255 0.0809383988 -0.131111413 -0.0416310281 0.131641194 -0.19359082 0.238661185 -0.118323311 -0.133195028 -0.214130923 0.0989189148 -0.271475643 0.118409038 -0.000983486301 0.119754836
tensor gate_encoder.0.bias 1 32
-0.0083116265 -0.0181800388 -0.0979813933 -0.0103625758 0.155964568 0.0113714058 -0.102647021 0.0159658249 0.0692393035 -0.0628876016 -0.0779806972 0.141284287 -0.0127642564 0.180421934 0.0515947342 -0.105395459 0.0932011008 0.0525385328 -0.0229361951 0.093452774 -0.0330263786 0.0810225382 0.0805722326 -0.0438648462 0.00671170512 0.0921020359 0.0315237269 0.109790064 -0.0678267628 -0.0042471569 -0.130969644 -0.0240029637
tensor objective_value_embedding.weight 2 32
0.23288472 0.4540025 0.186659023 0.770913839 -1.40441728 0.21241416 -1.84010541 0.510588586 0.745166242 1.71971071 -0.188160986 0.0715780184 0.531742096 0.659718633 -0.0732865706 1.06872594 -1.48738444 -0.877076745 1.30990756 -0.523777843 -0.136875868 0.450373918 0.311380625 -1.28919935 0.179915726 0.534008861 -0.316944003 1.41216266 1.18546402 -0.724017739 0.393840343 -0.972184479 0.655687392 -1.12537849 -0.140783682 -0.497290045 0.86199367 -0.392219186 -0.173787445 -0.0262251478 -0.896004081 0.84438014 0.442263454 1.72739923 0.407667041 0.415662795 -0.344581395 -0.680649817 -0.967741728 -0.586842537 1.18987048 0.323317766 -0.15092364 1.1741327 -0.779785633 0.861421466 -1.49620438 -0.42699036 0.717542887 0.0474684872 -1.97200656 -0.164020345 0.0282809585 0.130098984
tensor backtrace_actor.0.weight 32 32
-0.0865685493 -0.148774326 -0.171233073 0.128092155 0.160018042 0.0210457128 -0.00815822557 -0.00490325736 0.152068749 -0.00282155676 -0.152439937 -0.0486978255 0.0943160802 -0.166482165 0.122241832 -0.00884632766 -0.0655623451 -0.191252664 -0.140150502 -0.138018698 -0.0242075212 -0.00718132313 0.0660243556 0.092753306 -0.185157582 -0.0807770193 0.061633572 0.0470511802 0.0138030984 0.174301013 -0.087467812 -0.030911671 -0.169939891 -0.138115183 -0.128330261 0.0266711283 -0.0290625356 -0.156292945 0.138220489 -0.0968274176 -0.165178359 -0.056176044 0.093191199 -0.0813024566 -0.0455253981 -0.055442661 -0.148121461 0.00746611739 0.00694900379 0.122995161 -0.178473994 0.187755585 0.0175435711 -0.0372802578 0.0480839834 0.0728138387 0.0335838869 0.114098184 0.0868247598 -0.0808599666 -0.120910227 -0.0412968881 0.00142935163 0.160988167 0.111357458 -0.00428108731 0.0193721876 -0.0247866008 0.0696657673 -0.226157874 -0.0163684841 -0.13866818 0.102658093 -0.219079092 0.0751140639 -0.0158030093 -0.0870386064 -0.170759276 -0.0970375016 0.0763922855 -0.0389910899 0.0438620932 0.0475407168 0.189205676 0.0425925814 0.132166073 0.0965191647 -0.062092904 0.176345736 -0.204352707 -0.163070992 -0.152146161 0.0462296605 -0.120020881 -0.0388285257 0.0585699081 -0.0728699118 -0.04802192 -0.0413310714 0.0294779018 -0.0703473538 -0.0723278672 0.068921864 -0.173044831 0.000873670855 -0.0459563732 0.0135890301 -0.0743232816 -0.0859318301 0.00496497238 0.174247295 0.152564853 0.148535952 -0.097379595 -0.0812948123 -0.0598558336 -0.266426563 -0.111417517 -0.0160420332 -0.00852077547 -0.0434346385 0.0701998696 0.0490935035 -0.104151867 -0.0553768873 -0.0181673877 -0.185795009 -0.212263241 0.0839462876 -0.0720714107 -0.179252103 -0.26076445 0.274001747 -0.00517398678 0.198877662 -0.163947597 -0.00579115143 0.0487794913 -0.0941409394 -0.0460560918 0.187158167 0.174947426 0.102819249 -0.220285922 0.216068462 -0.00453603081 -0.162270904 -0.0282614231 -0.118714169 0.0401942879 0.0558459572 0.259072781 -0.189837009 0.0738655627 0.1999937 -0.150046721 -0.0383456275 0.04037394 -0.0612310916 -0.225501627 -0.0745310187 -0.118558012 0.349291533 0.0739201531 0.0857939348 -0.168163806 -0.0268247072 -0.0292942189 -0.274500221 -0.0172553454 0.291126609 0.176880926 -0.289774895 -0.140319809 -0.0802054107 0.0365227349 -0.0736785084 0.191853702 0.17923218 0.2814174 0.297439188 -0.0407778583 0.0139587605 -0.118059799 0.0227942187 -0.259890169 0.120635927 0.0706585571 -0.133041307 -0.189647213 0.314539284 -0.0520801544 -0.185896069 0.02966992 0.00132443942 0.203350917 -0.0848810151 0.145211861 -0.0519706979 -0.115132786 0.0066788299 0.115359098 -0.0211767033 -0.033228457 -0.0557651408 0.182732776 0.00225998135 0.0635601133 0.0702517778 -0.0192631278 0.160712346 0.155021831 0.0973518863 -0.00920740701 -0.188358203 -0.174641117 -0.103195779 0.0861342326 0.0308014881 -0.0329774246 -0.0697774142 0.0755872205 0.098639302 0.182958812 -0.151743218 -0.128903836 0.0731850117 -0.0733731091 0.0938366652 -0.181139186 0.0814143121 0.0103779528 -0.150108859 0.0124487439 0.14596577 0.144431219 -0.0461659655 0.00506192027 -0.329171449 -0.123204805 -0.191525504 0.0249787048 0.183661535 0.124944285 0.257522583 -0.101404063 -0.136810958 0.125812978 0.163580805 -0.266199559 0.021110354 0.0690155625 0.130920216 -0.217914626 0.194567904 0.261712998 -0.0539518185 -0.126269072 -0.0114717633 -0.181715086 0.112223029 0.0539935119 0.197524413 -0.13338089 -0.0333468802 -0.000714687572 -0.177647993 0.238990635 0.166152596 -0.00298259896 0.202991754 -0.156306416 0.205825657 -0.198780656 0.0735701621 -0.0307684802 -0.0878721252 0.0793659836 -0.0133527266 0.141644642 0.0264065359 0.164360315 0.085747011 -0.18923068 -0.208805248 0.197973579 -0.299315512 0.0642690063 -0.105339512 0.0356893428 0.0835331604 -0.162181258 -0.124236181 -0.107195541 0.0726129636 -0.145633653 0.140489265 0.0539602973 -0.18762742 -0.00229538442 0.0829179138 -0.140135363 0.248006642 -0.076581791 0.061602436 -0.121066466 0.110768311 -0.11932236 0.00620944146 -0.0577902757 0.00544037391 -0.0388589688 0.0225690249 -0.100177914 0.0528101884 -0.158592626 -0.189948469 -0.0505487174 -0.156652436 -0.165534392 -0.219367668 -0.0632548779 0.0386603363 0.221574828 0.0267219637 -0.160008818 -0.088179484 -0.0245779492 -0.00571081415 0.031036742 -0.0352184102 0.184386626 -0.276035935 0.103792973 -0.0878956988 -0.0920423642 -0.0733658671 0.108692333 0.230305627 0.232886076 0.15338318 -0.030322155 -0.0604084618 0.0866352841 -0.0565624796 -0.16457507 0.114663742 0.118207105 -0.00350754452 0.00647441112 0.153181568 0.189357162 0.0212682579 0.0540974177 0.242236614 0.0888188183 -0.21730043 -0.0264367294 -0.221204802 0.113344498 -0.114699565 -0.185646981 0.153129593 -0.0888336971 -0.0159683637 0.0971393138 -0.21354796 0.0773949027 -0.180668563 0.0102010574 -0.0120722391 0.189380378 -0.0394380055 0.0735274628 0.104267105 -0.25011906 0.243802771 0.121837787 0.0308832098 -0.0380322821 0.251862854 -0.143841133 -0.00631543575 -0.105646022 0.242945567 -0.164261132 -0.353971452 -0.119219393 0.158140033 0.249490827 -0.0531903915 -0.00639848877 -0.135426208 0.102227218 -0.253312647 0.175168812 0.271719903 0.169331327 0.195791915 -0.00534600765 0.0375438854 -0.296828985 0.0148037309 0.0293452702 -0.14905861 0.148350269 0.221802056 0.162838548 -0.180658951 -0.0111609641 0.0359660313 0.169433624 -0.138871446 0.15145044 -0.277161419 -0.193347409 -0.0521163866 0.116021909 -0.213629246 0.027442947 -0.0440376177 -0.0627242178 0.161357358 -0.027787758 -0.0368322767 0.108054772 0.0533558838 -0.0335006416 0.194471598 0.0516789481 0.230092347 -0.00609882409 0.155806705 0.0848221332 -0.140536278 -0.162602872 -0.0581474677 0.0760356039 0.0635105222 -0.06578549 -0.0403476879 -0.00507460861 -0.0715599358 -0.189204648 -0.0089472793 -0.053815756 -0.15672344 -0.0256797411 0.0936893597 0.169932231 -0.289259106 -0.0834301785 0.0130655393 0.162627652 0.106935635 0.201372087 0.195098698 0.232620493 0.0431534238 0.169812292 0.168660089 0.192780212 0.172803387 0.150460437 -0.039857693 -0.236278698 0.118005425 -0.0989262238 -0.219559118 0.174433067 0.127249733 -0.204596341 0.0976103842 0.157923996 -0.0886240751 0.210657507 0.0401684977 -0.0504748709 -0.300173759 -0.255471498 -0.0709625259 0.0697499886 -0.247518808 -0.179939494 0.12916328 -0.166506916 0.128772512 0.0260140747 0.0754793659 0.171050325 -0.0941722021 0.0254529696 0.232713118 0.194403097 0.230331406 0.00973242149 -0.0416691452 -0.113338865 0.0859055668 0.00995811448 -0.163415089 0.00250293617 -0.133355945 -0.0136904623 -0.177706197 0.194230959 -0.0270787589 0.0179655664 -0.106926925 0.0874679536 -0.266779631 0.104070522 -0.0106183374 0.0432797372 -0.124278478 -0.325315833 0.29813078 0.207319796 0.187234864 -0.292252243 -0.0965872705 0.0630308092 -0.0640101731 0.133589923 0.283700079 -0.0167686045 0.18145819 0.102793448 0.264191091 -0.216030687 0.00434314646 -0.248134762 -0.149866581 0.150313839 -0.018520508 0.313954473 -0.0562555492 -0.0345410518 0.115214802 -0.199623689 -0.282167941 0.265176922 -0.0840675235 -0.134413376 -0.181800738 0.21287629 0.288117826 0.252317727 -0.1833013 -0.0447260551 0.0854289308 -0.0779338479 -0.192168072 0.0797350481 0.0929893851 -0.212226704 -0.205607399 -0.234807163 -0.233812824 0.110774815 0.145810187 0.134101331 -0.0930128694 0.22204268 0.306849182 -0.074543573 -0.300509453 -0.153510511 0.0459841117 -0.0248033553 -0.242680311 -0.186314493 0.235754788 0.111152038 0.175898582 0.162498429 -0.166300699 -0.0432208888 -0.146261349 -0.163775772 0.0386776254 0.043777477 0.180777743 -0.116674699 -0.107096449 -0.0712397322 0.117418908 0.0276973732 -0.190563723 0.0641495213 -0.142643675 -0.0257235635 0.0190228671 -0.152322546 -0.04820228 -0.0549406484 0.096153073 0.109425664 -0.149254754 0.168247789 0.121203691 -0.0884989724 -0.0904670358 0.0551693924 -0.198376417 -0.112595096 -0.0386084132 0.144908816 -0.179145172 0.195596278 -0.0965351388 0.0169519894 -0.0464688651 -0.0245408807 -0.18442443 0.0690468773 0.161678419 0.0234135836 -0.103954479 -0.0442259051 0.0038525674 0.0389899313 -0.184903875 0.0203082636 0.093113035 0.0156319607 -0.0188536625 -0.0383656137 -0.0826299638 0.160581082 -0.0173457246 -0.140854135 0.168582499 -0.0570253618 -0.0864913985 -0.126586869 -0.0335910469 0.108320028 -0.00641800975 -0.00904454291 -0.150535718 0.151713789 0.309633464 0.097008951 -0.241572529 -0.152611762 -0.207879215 0.281516194 0.223506108 0.0443278477 0.187300295 -0.0960337967 -0.108547859 0.0216056108 -0.0683062896 -0.103636235 -0.130308285 0.0315398462 0.164830849 0.152811199 0.21717672 -0.0449238829 -0.191264182 -0.230379581 -0.0396552049 0.0184909757 -0.0294111557 0.190857276 0.242921263 0.101254113 0.240966439 0.165204152 0.0246041846 -0.00323631987 -0.0449250266 -0.146186993 0.119212575 -0.078948155 0.111624397 -0.189955339 -0.13292399 -0.0118929204 -0.0730444342 -0.0050387769 0.164541155 0.199054152 0.0533838645 -0.0709023252 -0.0750980601 -0.126202822 -0.167052969 0.0519293882 0.045291312 -0.0386535563 0.0319974087 0.265599936 -0.170036882 0.166719794 0.220929682 -0.0967072397 -0.248872831 -0.00163819618 0.0582814403 0.0574347191 0.156412572 -0.0732224882 -0.284610033 -0.263434201 0.0660251826 0.119644128 0.126450226 -0.0196901746 -0.0813806877 -0.00845711306 -0.129937544 -0.0313033499 0.242410138 0.131316796 -0.0633517355 -0.0476827882 0.037221469 0.150640368 0.0274706725 0.0392946824 -0.160992146 0.15257661 -0.155368432 0.0827235356 -0.00534250075 0.00535112293 0.190112174 -0.170768753 -0.226982847 0.159911752 -0.205209419 0.0462469868 -0.0597042777 0.0756248832 0.193996564 0.33897993 -0.0856529549 -0.0669226944 -0.226690978 -0.0479044169 0.275978953 0.0770507008 0.0806935802 -0.0541022196 -0.256075859 -0.122428402 0.00479253521 0.140356168 0.0936581716 0.202205673 0.166571319 0.16698198 0.0880120844 -0.0444586836 -0.153434932 -0.2994425 -0.0225663818 0.142693937 -0.25131923 0.11999508 0.154352009 -0.238041684 0.209370911 0.144178882 0.131883487 -0.189985976 -0.272595286 -0.140761018 -0.0493433215 0.158251241 0.0763144419 -0.0302750301 -0.137110472 0.0151335774 0.0391019657 0.162328035 0.334996939 -0.0619241297 0.141667485 -0.0752419904 0.015481988 -0.178946018 0.0193437058 -0.0261627622 -0.286732048 0.130888924 -0.00203548558 -0.0820657536 -0.0654714033 0.221249074 0.0428886451 0.164803058 -0.168714345 0.0303001758 -0.219469756 -0.104195774 -0.139220238 0.206376672 -0.145455346 0.0150317578 -0.0482163131 0.131191626 -0.138040319 -0.0232782215 0.198980346 0.204993367 -0.109542727 -0.0912995264 0.235144839 0.17367506 -0.0781934112 -0.0667845234 -0.132439673 -0.0995564833 -0.165038094 -0.117374353 0.0123765515 0.13486366 0.0709849149 0.0831761286 -0.00330962148 0.146158233 0.078141652 0.0951588452 0.13991718 -0.176447064 0.00787449442 -0.0600241981 -0.325042993 0.248671085 0.373368353 0.166707754 -0.133139819 -0.250144511 -0.181180939 0.0182458702 0.0415685698 -0.263632387 0.209670052 -0.243608102 -0.278669059 -0.115199983 -0.316508204 -0.115240812 0.0642364547 0.253818452 -0.0149166947 0.195159942 0.324533463 -0.217414364 -0.242305204 -0.0794864595 0.190800533 -0.081694074 -0.272899449 -0.0417281911 0.155901894 0.10803701 0.321989566 0.022077186 -0.039440427 0.0369481593 0.134409636 0.0321639255 -0.0779278949 -0.121703491 0.118104041 -0.0742508397 -0.258276939 -0.260917932 0.121575035 0.121319361 -0.0149906296 -0.165674835 -0.141171888 -0.124279507 -0.0795894712 0.262474328 -0.167241469 0.133289084 0.280523777 0.0862701908 -0.146730274 0.194893345 0.145433873 -0.26675424 0.160848856 -0.0107129756 -0.103813767 0.192393616 0.230317891 0.1587511 0.0265287198 -0.0980417877 0.226274922 -0.101957247 0.0782251135 0.10370788 0.195341796 0.0272200275 -0.0553024933 -0.17903702 0.256130576 -0.173225433 -0.198428124 -0.117408335 -0.144302085 -0.162367985 0.0225278474 0.00988919754 -0.092138961 -0.0185289849 0.255183637 -0.146523356 -0.179849848 0.0518178046 0.104373984 -0.266855806 -0.0404023491 -0.151080951 -0.176691324 -0.0193383619 0.146401301 0.080156371 -0.0429478139 -0.159185931 0.0946573392 0.178571373 -0.0182058029 -0.0831788331 0.121649966 -0.0189579986 -0.0875693336 -0.259300143 0.0609317198 0.07455796 -0.21602577 -0.000283426605 -0.217255518 -0.225487784 0.110546865 0.265518457 0.0498815589 0.254193991 0.180615023 -0.0740766451 0.0240845196 0.0147734424 0.00024601823 -0.182309404 0.0553557128 -0.237630859 -0.0990335718 0.0184557959 0.0121419439 0.172812656 -0.00678640651 -0.0344755799 -0.0673208311 -0.0577460527 0.106761575 -0.142519876 0.211146429 0.0667779595 -0.00049844716 -0.171859175 -0.0394282378 0.175930604 0.114570431 0.12010321 0.199032202 -0.104570195 0.00614489103 0.0263143051 -0.0211868342 -0.174149036 -0.00293703098 -0.169365853 0.182345107 -0.125147939 -0.127830312 -0.108473696 -0.00630948646 0.0990807265 0.0696390942 0.0602042824 0.0064252289 0.127801105 -0.0266107507 -0.0245334432 0.027680533 0.0394385792 0.0234228689 0.0715350211 0.0204930082 -0.00660056248 -0.0136201559 -0.218875259 0.215634003 -0.150017798 0.00421182532 -0.196682826 -0.213065282 -0.202868089 0.101364963 -0.0252733547 -0.0795208439 0.256493896 -0.0284785256 -0.0143099548 -0.0452280343 0.229350582 -0.0625143126 -0.282891244 -0.0643407553 0.00363789918 -0.159389138 0.232638136 0.163123891 0.2134801
tensor backtrace_actor.0.bias 1 32
-0.124140635 0.10283006 0.0375850834 -0.169894278 -0.00961013511 0.104709744 -0.0510636643 0.164213851 -0.0951738358 -0.197658852 -0.0125692189 -0.0442617945 0.129018828 0.0495724753 0.0325276889 0.148711428 -0.174272865 0.106218427 0.0474149324 0.183972716 -0.136333898 -0.156299353 -0.0983769596 0.0717197359 0.124663211 0.187617645 -0.101394884 -0.147750571 0.110124417 -0.148596972 0.0783979148 0.0730472058
tensor backtrace_actor.2.weight 2 32
0.102884918 -0.122339964 -0.103952169 -0.179527864 0.189631686 0.189714134 0.178820506 0.113329068 0.0800465271 -0.0443652384 0.00865310431 -0.023427669 -0.166472629 0.0640838742 0.0747443959 -0.235583767 0.166340351 0.133455768 -0.0445436388 -0.0495168269 -0.206164345 0.131982133 0.0374280959 0.083285436 0.0387758017 -0.104110144 0.138251394 -0.108357795 -0.199333936 -0.19643192 -0.148391753 -0.0543981791 0.16862604 0.166840151 -0.182118744 0.143367827 -0.165854588 -0.0291253049 -0.0627214462 -0.105958454 -0.108719811 0.136980921 -0.252669513 0.21154806 0.161099449 0.21085541 -0.229454726 0.133960322 0.0243880488 -0.0583839752 0.0718645826 -0.13840805 0.230988443 0.0169847142 -0.160115957 0.179259658 0.202438578 -0.177562371 -0.197731748 0.0265390351 -0.00846878625 -0.101720333 0.128364742 0.0409827381
tensor backtrace_actor.2.bias 1 2
0.135407791 -0.0874143541
end
