SMARTATPG_ACTOR_V2
embedding_dim 64
hidden_dim 32
tensor gate_encoder.0.weight 32 64
-0.0501539372 0.102415591 0.197663784 -0.232298434 -0.263672709 -0.129575893 -0.09824007 -0.147740513 0.212261185 -0.186359361 0.197497278 0.027866127 0.0206165668 0.15744172 -0.113165557 -0.146531954 0.161146238 0.232992679 -0.179325759 -0.0125190066 -0.18917805 0.0201099589 -0.11024984 -0.141236007 -0.0483768545 0.059978459 -0.00668605603 -0.0234990809 -0.185143128 -0.0358519591 0.276986152 -0.0749747604 -0.0297640674 0.164552763 -0.210180715 0.112817094 0.154735565 -0.105211832 -0.204822659 0.050427448 0.246002585 -0.0756694153 0.0140587799 0.123746775 0.00250128098 -0.170042157 -0.164093852 0.0606817491 -0.15016678 0.105580837 -0.0333555005 0.212031215 -0.141468346 0.0303869788 0.0388636477 -0.175590113 0.153634816 0.196100861 0.226047069 -0.0488644801 0.0788324177 -0.0202495344 0.0763081163 -0.0740431398 -0.0608641021 -0.0320928134 -0.00654069241 -0.0696183145 0.0950039104 0.0847265273 -0.0764658526 -0.103941984 -0.090121448 0.00359954475 -0.00219948171 -0.00924584828 -0.120862223 -0.0815468132 -0.0414180197 0.0607721359 0.0906753689 -0.0313805379 0.114143714 -0.149602771 0.124836273 0.0169990938 0.132655218 0.0196014885 -0.113377839 -0.0652351826 0.133027866 -0.158733964 0.158564299 -0.11045038 -0.201351911 0.0338606499 0.150274545 0.0185488518 0.0560874492 -0.158756509 -0.0634498671 -0.0976602286 0.0792204067 0.0906124264 0.00444642035 -0.0217051525 -0.139566541 -0.0586605631 0.194789588 0.0682486668 0.128514484 0.0660365894 -0.103841893 -0.0259423535 0.108533032 -0.14445594 0.0299087744 0.0946013033 -0.0465686843 0.0402017981 -0.0121917157 0.0432613418 0.0422555171 0.0595255233 -0.0354061015 0.0233374648 0.108396545 0.00560586248 -0.0112295486 -0.145967215 -0.265902221 0.0589558743 0.0971108004 0.171270609 0.111841664 0.12929593 -0.287790358 0.219716847 -0.18789506 -0.0663548708 0.0476231426 -0.261622101 0.038744241 0.149349093 -0.0540430583 -0.207707807 0.279093981 0.0848238841 0.180691451 0.177887425 0.245285764 0.110189296 0.13209033 -0.183379695 0.124639034 -0.000459409872 0.251857877 -0.199224144 -0.227113709 -0.00153067778 0.157974765 -0.174135834 0.050370235 -0.136233807 -0.119539455 0.170176774 0.156808347 0.0628449619 -0.164010793 0.197407871 -0.288490862 -0.287264556 -0.0532412454 0.140029296 0.151025862 0.137301102 0.0998292714 0.00842812192 0.199429542 -0.209476724 0.21564725 -0.0261585582 -0.110334761 0.106830999 -0.230652377 -0.196331501 -0.0852124244 0.0868815407 -0.123525865 0.126030236 0.0178088918 0.0948978364 0.103376165 -0.122380316 -0.112287946 0.0706578493 0.305389822 0.307834864 0.284221321 -0.0276947133 -0.164376825 0.239437744 -0.108992144 -0.103811204 0.0612008758 -0.241773337 0.170962736 0.108076848 0.134092703 -0.150188252 0.166135237 0.0889054984 0.168733135 0.0182591565 0.251253903 0.195543483 0.240339309 -0.2432843 0.0789020807 -0.154218361 0.0999679044 -0.166899383 -0.193420753 -0.0273331646 0.28626579 -0.238282442 0.200648054 -0.158311307 -0.21637103 0.235510513 0.168596864 -0.0433803312 -0.292949378 0.290172696 -0.150349051 -0.223061934 -0.113221645 0.0906052664 0.120377861 -0.00663499301 0.160057932 0.0142141255 0.286267072 -0.318100542 0.231477946 -0.0229307748 -0.238524362 0.110979825 -0.299916029 -0.254208088 -0.147261262 0.23346737 -0.207374945 0.28427729 0.189023495 0.142681673 -0.0508845113 0.245984659 0.119802125 -0.0632182434 -0.0743261725 -0.195607379 -0.0345493145 -0.109002128 0.143674046 0.012769578 0.104265273 -0.0232814029 0.0400707535 0.124647662 0.0752426833 -0.151235446 -0.0146025009 0.134764358 -0.145010546 -0.126115814 -0.117918432 -0.120703496 -0.240263596 -0.044532381 -0.211296216 0.0905610472 0.0172937885 -0.11682307 -0.170878232 0.0731870607 0.228323132 0.0415756628 -0.0412191525 0.212844893 -0.0150942029 0.221054867 0.062175896 -0.069405131 -0.0996988341 0.0737186745 0.0672613904 -0.0598233864 0.0969987214 0.240790799 -0.0604970902 -0.136057258 -0.128391042 0.0596443377 -0.13630487 -0.108460128 -0.0675083175 0.121851847 -0.0546161346 -0.0852101818 0.109310858 -0.115670636 0.112857491 0.0315760672 0.06821049 -0.150587574 0.181547821 -0.160977319 0.102545179 0.0174222346 0.051448483 -0.00155677693 0.160206899 0.0282488074 0.00730148936 -0.0276201554 -0.0328377075 -0.041564811 0.00628083711 -0.0324108638 0.0153299887 0.183689028 -0.0756544396 0.155646756 -0.096525453 0.0650105327 0.133448064 0.192881823 -0.118164428 -0.152681336 -0.054075025 -0.0686985478 -0.131870225 0.00645637838 -0.181034446 0.146523669 0.0218220577 0.0110658668 0.0423813239 0.0071124197 0.104054727 -0.0565765202 -0.0530815311 0.201339096 -0.193591997 -0.00341282156 -0.0578527823 0.0784513429 -0.0997892097 -0.00350803928 0.0130251395 -0.0434678309 0.140697435 -0.0369079374 0.148656592 0.0170916598 -0.0603746474 -0.0406083614 0.0159832053 0.06457223 0.0794042051 0.137410134 0.0916074216 -0.0390085876 0.0485030971 -0.110132962 0.215425521 0.144415274 0.211285844 -0.0785861462 0.0811978132 -0.107874632 0.0528759174 -0.097293824 -0.119855024 0.233365223 0.1183796 -0.0845193937 -0.155774355 -0.248373598 -0.123890996 0.0866871402 0.279114187 -0.115964189 0.051532194 0.185769513 0.124395266 0.202852622 0.0783905461 -0.261038333 -0.191662058 0.173493713 -0.294528246 -0.134230688 -0.211774737 -0.00583062414 -0.281693637 -0.27653411 -0.0462165438 0.20578745 -0.117383756 -0.0784846395 -0.0734384283 0.27440235 0.270451277 0.01511712 -0.22023499 0.109856755 -0.207860291 0.0928659141 0.234918356 -0.117352769 -0.103087053 -0.0318100452 0.233168945 -0.0619772524 0.199232697 0.240790978 0.025377145 -0.207955837 -0.147232354 -0.11961434 -0.157812029 -0.0438635573 -0.1668524 0.244957402 -0.232328698 0.0772184804 0.23200044 -0.165825784 0.119620912 0.109960757 0.271077603 -0.0696746707 0.170246527 -0.0585719459 0.0508570857 -0.0112075126 -0.0135684423 -0.155364633 -0.162482202 0.0622340627 0.142893285 0.092363216 0.113087207 0.147953331 -0.101686656 -0.0114816697 0.00456755143 -0.112754144 -0.088893801 -0.0276184436 0.0922129527 0.0980026349 -0.114170983 -0.0203032307 0.175491795 0.100958154 0.143866315 0.077526398 0.0922109783 0.00660811039 0.0300346818 -0.105366886 -0.0123457331 0.151764706 0.100547202 -0.0744951144 -0.0836502984 0.013515003 0.108265772 -0.16088824 0.151215941 0.0526209995 0.0227077622 -0.0900094286 0.0622112565 0.12906 -0.0521500297 0.0253750756 -0.194382325 0.0647815093 -0.183729187 0.0928276032 0.106317587 -0.076446481 0.0331669562 -0.0685060248 -0.142640546 -0.078817375 0.0777321011 0.0217809174 0.0179726183 0.114558183 -0.220494077 -0.130666882 -0.0631131455 0.162226409 -0.11685285 0.0799819753 -0.0432767533 -0.0164425708 0.0145161934 0.0636350736 0.171180978 -0.0787665099 -0.109088331 -0.0100187687 -0.0251567177 -0.146789491 0.0436726622 -0.10711854 0.191919088 0.013237875 -0.0398143195 -0.0236185845 -0.187837183 -0.193159938 0.145389691 0.0880675167 -0.198981568 -0.174743697 -0.0396216474 -0.088169843 -0.108627871 -0.124193519 -0.0973635614 0.133140698 -0.0192765053 -0.0621147566 -0.193630353 0.046212595 0.210980833 -0.188155428 0.0214887671 0.0870256051 -0.135497078 0.0958333611 -0.0703840852 -0.0145727675 -0.251622051 -0.0166143551 0.065440543 -0.034122888 0.00467780326 0.0975535884 0.190229192 0.0209431518 -0.0362140089 -0.0747160539 0.019251883 0.115946524 -0.021720184 0.110527188 0.0961793065 0.0808456689 0.0518007204 -0.105942123 0.108736806 0.0423382595 0.160159647 0.0694958791 0.228393674 -0.00216316036 -0.0970012397 -0.0183803961 0.14741832 0.141850442 0.216313988 -0.0808039978 -0.0464212894 -0.022958206 -0.187542334 -0.120427355 0.0707274452 -0.115604714 0.212815851 0.206541792 -0.0179419573 0.012371717 -0.0896548107 -0.210235506 -0.0189179815 0.243702322 -0.258826911 0.014724737 -0.175881803 -0.0221191235 -0.101754569 -0.0670411736 -0.138996243 0.174816221 -0.210571378 0.0380174406 -0.120950297 -0.0803194344 0.107334428 -0.0398955755 -0.184143335 0.233164683 0.00926617533 -0.020324463 0.139038816 -0.073812291 -0.0245482065 0.190321982 0.212305814 -0.196224183 0.0671207383 0.12589927 -0.044259768 -0.0201742314 -0.181252554 -0.0556209721 -0.102570146 0.0542411841 0.0294900499 0.200706244 -0.00393221015 -0.00304653612 0.0289495867 -0.107630096 0.150877938 0.187014133 0.186637312 0.0234656986 0.235094026 -0.0584899448 0.119269982 -0.074454844 -0.0119911814 -0.107621439 -0.191056401 0.111000292 0.158930212 0.187745899 0.226657137 -0.0364104956 -0.0581369027 0.120060466 -0.115360513 -0.19848983 -0.0243591461 -0.163222998 -0.0564928688 -0.00360683654 -0.0307260379 -0.284841985 0.190834641 0.203206837 0.263684928 0.115762353 0.118431628 0.257090211 0.171316698 -0.172714859 0.107641019 -0.0165108405 0.0761298314 -0.0432080813 -0.211167991 -0.0197783317 0.00608715741 -0.0894203037 0.0218125731 -0.221367672 -0.00349126337 0.0301237125 0.123191036 0.0416851118 -0.0745269805 0.124822237 -0.217864037 -0.218738392 -0.11282777 0.0926109627 0.292375267 -0.105257399 0.0398751497 -0.0700316504 0.075179778 -0.150068805 -0.0232343581 -0.0592138879 -0.0275741443 0.0675475895 -0.275629997 -0.180061832 -0.258515865 0.238667727 -0.0809329748 0.14670901 0.00623025512 0.129272342 0.107304089 0.214508727 0.15655534 -0.110621758 -0.0980983824 -0.179963455 -0.138777569 0.0376855955 0.221108943 0.0239680205 0.00508478517 0.0729774907 -0.153508544 0.227071375 -0.0452817716 -0.102848247 0.186152503 0.182715505 -0.109298587 -0.185276061 -0.268383652 -0.0185187422 -0.0885901898 -0.174750283 -0.0382900238 0.122247055 -0.168909267 -0.0420940891 -0.182474747 -0.0181829706 0.0915097147 -0.0105190706 -0.183679581 0.168424144 -0.103866309 0.0687251687 0.134277657 -0.0701856464 -0.0608278029 0.211977139 0.25580281 -0.229285598 0.201136887 0.20472315 0.100406632 0.00482645072 -0.205814376 -0.0138551407 -0.0331377313 0.170676649 0.0535017662 0.0830316469 -0.0283551347 0.0635210723 0.248945668 -0.120841987 0.11266873 0.294141144 0.203572437 -0.157546252 0.286652893 -0.199589804 -0.124058038 -0.0891652554 -0.065034844 0.293519765 0.215343684 -0.167204455 -0.141578093 -0.200117439 -0.326361626 -0.0872176513 0.319188833 -0.0603548884 0.112654962 0.151964977 0.0391753651 0.335719019 -0.165873259 -0.219663322 -0.0612052567 0.132311016 -0.330571294 -0.111691572 -0.336620003 0.0416809916 -0.269869417 -0.287589759 -0.315820634 0.333885521 -0.219403744 -0.0231999271 -0.324622989 0.179579824 0.282506913 -0.00752003305 -0.240235344 0.154819906 -0.241130933 0.194320589 0.296437442 -0.212282851 -0.168067664 0.176020131 0.167682886 -0.240212709 0.290805399 0.114186533 0.0199605301 -0.167567208 -0.173728168 -0.241947249 -0.164287701 0.126270264 -0.114357509 0.319588214 -0.158811942 0.0869231597 0.16351445 -0.133887887 0.24813351 0.130052373 0.227672473 -0.286626101 0.285208225 -0.325079381 -0.0548076853 -0.0618284307 -0.0468131565 0.277220547 0.161949754 -0.131433442 -0.236596018 -0.100568302 -0.0927554742 -0.0758893788 0.182967201 -0.0302824639 0.137055233 0.142093167 -0.0696377754 0.250643909 -0.0388498902 -0.100599386 0.144910693 0.213003874 -0.0899148434 -0.0199110452 -0.103968441 0.0274907444 -0.198431805 -0.134321213 -0.1159373 0.111113653 -0.0498838909 -0.0677402169 -0.223664597 0.0767445043 0.291423351 -0.170771524 -0.115354963 0.0433766916 -0.142145753 0.0096009979 0.0854896009 -0.120806739 -0.195280537 0.00516284164 0.191891804 -0.23608613 0.00951129757 0.268316895 0.113048129 0.0202853754 -0.121212624 0.0435250774 -0.114151992 -0.0570901893 0.0151230991 0.0755572543 -0.100598425 -0.0712441728 0.0525631309 -0.133296743 0.0527762026 0.121074587 0.120111242 -0.138336629 0.266284198 -0.205025464 -0.0369568877 0.0084768692 -0.0118644973 0.299631059 0.22055392 -0.110464133 -0.149838284 -0.266973048 -0.145441905 -0.0267570056 0.149922103 -0.0834209099 0.198171407 0.217908457 -0.00993105676 0.0787485242 -0.006111125 -0.0673859715 -0.144363344 0.0941114575 -0.282649875 -0.2771492 -0.0896296874 -0.161686689 -0.182132125 -0.0854243934 -0.1300648 0.139501452 -0.256727785 -0.0210419819 -0.216072962 0.112560317 0.114726268 -0.0466354378 -0.217134684 0.130262703 -0.266713411 0.0692254081 0.0939584002 -0.211530775 -0.179736018 0.018532699 0.305896074 -0.212189764 0.296175927 0.0930732638 0.0297680479 -0.183247611 -0.164347216 -0.189749181 -0.164525121 -0.104898065 -0.257117718 0.109359063 -0.156416506 0.154623389 0.12459556 -0.143511951 0.126526415 0.225748733 0.15122667 -0.237086669 0.143644631 -0.234635353 0.0283241849 -0.0834975541 -0.0176353846 0.150582924 0.0241085663 0.0155790374 -0.09380088 -0.0662422478 -0.0827838629 -0.169461906 0.242218301 -0.160693109 0.116186894 0.075057365 0.0731028989 -0.0351555161 -0.0398483686 0.0963082612 0.0371307954 0.229631424 -0.249557853 -0.0422101058 -0.0177927185 0.00607855432 -0.178059563 -0.0942877159 -0.0270360969 0.142275289 -0.0150092542 -0.0890214071 0.0345306396 0.0423994437 0.153323859 -0.116704725 -0.065962337 0.0635693893 -0.0526641905 0.104026958 -0.105718508 -0.0408293866 -0.0431390107 0.0668423846 0.105425447 -0.129223228 0.0597330481 -0.0175805874 0.12816745 -0.135674208 -0.13054125 0.102451913 0.055187989 0.0682809949 -0.0461729988 0.195603654 0.0546139069 -0.0464827977 0.213189423 -0.0451248549 0.146469727 0.126425639 -0.0139429057 0.0731748194 0.178760692 -0.12507087 -0.0553759523 -0.123359822 -0.0109499013 0.209409371 0.255249709 -0.0931730568 -0.0447474308 -0.0585429855 -0.215272769 -0.149244919 0.194439799 -0.214598566 0.0819539949 0.164359897 0.106736504 0.16943267 0.108516149 0.0555475838 -0.122807309 0.26223892 -0.245805144 -0.18733722 -0.140852973 -0.172268152 -0.0416439846 -0.208840773 -0.00285616424 0.0952212214 -0.0906854197 0.0382631458 -0.0566706508 0.155692607 0.0611240081 -0.0524799787 0.0471325591 0.108080126 -0.183368921 0.12021374 -0.00708021317 -0.140592918 -0.202100351 0.00646042265 0.12383835 0.0491376631 0.152952641 -0.0255784243 0.104496866 0.0144377202 -0.0363893174 0.152764857 -0.151480362 -0.114326879 -0.0719139352 0.109189577 -0.0466020368 -0.17474401 0.186814025 -0.112117253 0.164134905 0.170274392 0.149400815 -0.0207063314 0.139557794 -0.134888276 0.0214421898 -0.0149420509 0.00768544059 -0.131882206 -0.116047271 0.128237858 0.137880161 0.212460816 0.253259987 0.00105850364 -0.070990555 0.00253441394 -0.103123575 -0.0221965611 0.0785848051 -0.256235391 -0.0436337031 0.219633192 0.130631223 -0.225298509 0.118642092 0.188730597 0.0623484254 0.0183928981 0.291632295 0.0994357914 0.162489459 -0.0255912151 0.197558612 -0.0407626331 0.270045191 -0.0694990456 -0.305894077 0.0244401209 0.204253748 -0.140567988 0.123986766 -0.20427236 -0.058317937 0.0655324385 0.119553626 -0.147220537 -0.162081808 -0.0153439511 -0.196900159 -0.0801637545 0.191905513 0.0943057463 0.111350045 0.100666001 0.0667118132 0.0215096958 0.160521895 -0.184100822 0.248469606 -0.019528592 -0.279121161 0.293120563 -0.188214093 -0.277640224 -0.179958269 0.0718821734 -0.199412882 0.175399452 0.100126855 0.0695814192 0.179633349 -0.181912258 -0.150492653 0.265195578 0.198400736 0.230223387 0.093023248 0.126685739 -0.154078007 0.251589477 -0.256771266 0.0923608392 -0.0239548702 -0.287316799 -0.144299328 0.18181321 0.230441034 -0.181202903 0.226902261 0.0133811934 0.254558533 0.0630119294 0.228265762 0.0711060241 0.238123074 -0.203081757 -0.0118646706 0.084275566 0.103937864 -0.174605519 -0.210750073 -0.182915211 0.228255823 -0.268663913 0.159883156 -0.116472006 -0.0775792301 -0.145358115 0.164989546 0.0942832977 -0.164997354 -0.11851126 -0.253599524 -0.105401747 -0.0565781929 0.135779679 0.16294679 -0.210524425 0.0943111628 0.130389705 0.239842638 -0.0637974367 0.145613641 0.1274959 -0.242352948 0.199744463 -0.0934508368 -0.164565116 -0.176611632 0.0668330118 -0.282437056 0.1324137 -0.0287540872 0.256576061 0.0531939641 -0.226362139 -0.292680115 0.247363448 0.175218642 0.308038324 0.083131358 0.0828379095 -0.123685919 0.122609764 -0.0553116426 -0.156307518 0.036340721 -0.0882809162 -0.0579125062 0.178247213 0.0312998481 -0.144238815 0.165544391 0.108638383 0.113642581 0.0179249607 0.203246102 0.280148864 0.0474021211 -0.188901156 0.172682106 -0.0404992849 0.17497699 -0.0765473694 -0.260279864 -0.0603810027 0.180043891 -0.129487872 0.210539192 -0.0986724421 -0.111604348 0.0723415315 0.126968592 0.0378640406 -0.20438616 0.0321059451 -0.0841926709 -0.284164667 -0.0883022696 0.213496059 0.131578654 0.0187604334 0.299376369 0.0878849328 0.181926265 -0.144458324 0.259415448 -0.0778306723 -0.276802748 0.229970783 -0.120116569 -0.170040518 -0.345582604 0.248491675 -0.108715579 0.0852304175 0.199414924 0.244763866 -0.0546617955 -0.102258541 -0.144580439 0.0949682519 0.11564561 0.155434355 0.273929983 0.00337918079 -0.252545863 0.157928064 -0.126368672 -0.155874431 -0.0837129429 -0.191791475 0.0465982482 0.110863172 0.0252845548 -0.20442386 0.25662744 0.173612654 0.128219843 0.0822289363 0.15705201 0.08356262 0.273824394 -0.0749640316 0.11164128 -0.0828952268 0.249286905 -0.0695213228 -0.146217167 -0.0362033471 0.129868597 -0.14565818 0.200790644 -0.244077981 -0.188807487 0.10371957 0.271600276 -0.114630103 -0.181192845 0.245588675 -0.256678075 -0.174803868 -0.0633437485 0.157138839 0.247553393 0.0798665434 0.210322604 0.036219608 0.212250784 -0.078561753 0.15480268 -0.0523699299 -0.108673558 0.149738163 -0.208543018 -0.297138721 -0.183059528 0.0912278071 -0.142690271 0.197262943 -0.0545677729 0.161559597 -0.0569471344 0.199675709 0.0871350169 -0.0160688143 -0.175555795 -0.149666518 -0.0232932549 -0.0297511853 0.0930458531 -0.0235791598 2.13333442e-06 0.0959098786 -0.103090942 -0.00933445524 -0.0924507305 -0.0340975784 0.123789214 0.200464875 -0.110826582 -0.183714226 -0.160290703 0.0165853184 -0.223060951 -0.194980711 -0.164960504 -0.0276080817 -0.00087673543 0.0528708063 -0.107349396 0.00646306342 0.114646226 -0.0648424476 -0.0911873057 0.0143670328 -0.00313261477 -0.0237513091 0.147074386 -0.0698668733 -0.229672655 0.0354207456 0.234712914 -0.0812165588 0.127220169 0.0948092639 0.0459455959 -0.0189394373 -0.130982146 0.0855572224 0.0251975916 -0.0667163506 0.0637984723 0.194734767 -0.142318264 0.117542341 0.0582412668 -0.0648354888 0.126365244 0.136303842 0.027494438 -0.18722567 0.260603935 -0.131191775 0.00273410766 0.0832033977 -0.0776437744 0.141476437 0.314368099 -0.248173892 -0.0786776319 -0.222546652 -0.163179591 -0.00065397413 0.14103283 -0.0662744492 0.0633721128 0.0653989539 0.095111452 0.207784906 0.0785538852 -0.10230121 -0.196646139 0.227725297 -0.268040806 -0.0559252091 -0.209727913 -0.0880301371 -0.220771119 -0.156322822 -0.116961345 0.121461727 -0.173118651 0.0061581512 -0.225493103 0.274407566 0.215717345 0.0653378665 -0.204619914 0.119396746 -0.306412309 0.176530257 0.136954188 -0.0305898339 -0.229639068 0.0798350424 0.106385805 -0.0172598343 0.162489623 0.153781191 0.0579971038 -0.0480218753 -0.24575679 0.0265388582 -0.276634574 -0.00628316822 -0.261129737 0.169046059 -0.115379192 -0.0141620161 0.210586429 -0.148179546 0.193228483 0.178190589 0.345789999 -0.252613842 0.349287063 -0.303184658 -0.0774395391 -0.187039882 -0.00540007791 0.144411102 0.210467055 -0.00704958756 -0.029031394 -0.177096307 -0.165487438 -0.110318325 0.192016393 0.00136033341 0.0696343258 0.0528324097 0.0861800164 0.187915012 -0.0151751051 -0.0122240288 -0.0469357483 0.143473133 -0.152322114 -0.224878684 -0.224929169 -0.156089291 -0.155304775 -0.0205594171 -0.00126396038 0.174968705 -0.0523458943 -0.0939261019 -0.2254951 0.0291262362 0.0407661349 -0.0104422299 -0.161226273 0.0919097066 -0.0268437993 0.209500656 0.136905417 -0.0145806689 -0.134038776 -0.00903354678 0.0724534467 -0.0070629362 0.139317945 0.179870322 -0.0224953853 -0.186615661 -0.255968004 0.0244439486 -0.0567668565 0.0707995966 -0.0795877948 0.220540375 -0.0252523422 -0.113025002 0.236638561 -0.280347496 0.182527363 0.0515615195 0.201363817 -0.219312847 0.262863398 -0.143242761 -0.0668061152 -0.115351714 0.0541589633 -0.290652841 -0.187583759 0.223482668 0.280772865 0.113928922 0.246043146 -0.0751280859 -0.140943542 0.192187279 -0.117707089 -0.216334149 0.0778576359 -0.113559507 0.0652095526 0.04970349 0.111863039 -0.283934146 0.0640779883 0.179182589 0.197090194 -0.130575955 0.0502287447 0.118900344 0.176444069 -0.0406692214 0.129163116 -0.0717125013 0.13462618 -0.185466737 -0.0623127855 0.13908954 0.0649681613 -0.249389753 0.0945023149 -0.177232593 -0.234493434 0.202181175 0.236837506 -0.0510738716 -0.165076628 0.183128715 -0.254985213 -0.05141012 0.0792531595 -0.0168167874 0.308364034 0.192406103 0.0929003283 -0.0446315221 0.107826971 -0.216708675 0.0792332515 -0.0705575868 -0.265844584 0.255315214 -0.0804514214 -0.269099474 -0.29315725 0.0120670833 -0.18166998 0.115568854 0.182833418 0.117847376 0.0687283278 0.1392003 0.133956388 -0.132653683 -0.182572067 -0.0276326649 -0.224047229 -0.026878776 0.177597344 -0.151900426 0.0603779629 0.223485172 0.0839738324 0.159933433 -0.0684819967 -0.0143066701 0.0399856716 0.210685924 -0.232485771 -0.250203162 -0.245275751 -0.0813096762 -0.134045377 -0.24829419 -0.177384421 0.157442823 -0.0608927757 -0.103626698 -0.133554965 -0.0377869606 0.218719885 -0.0396784469 -0.0400372036 0.307459772 -0.0566492379 0.0169491805 0.030351527 -0.173177347 -0.274468988 -0.00986146554 0.0852422193 -0.0330945998 0.0722473711 0.0944100097 0.0397679508 -0.195573166 -0.185087666 -0.140587151 -0.249162152 0.153310999 0.110030174 0.230475992 0.000571633282 0.131348327 0.20462513 -0.31402567 0.309519589 0.285344392 0.266937137 -0.0552792288 0.227752209 -0.196113259 0.0975915343 -0.0692973435 -0.00116303738 0.126773059 0.158494756 0.0910197049 -0.167244822 0.091134347 -0.204424471 0.050059393 0.00144154415 -0.0315010659 0.0666029155 -0.029316429 -0.139660776 0.023968691 -0.15454182 0.0473354086 0.14417468 0.156555191 -0.168559536 -0.104851298 -0.167279348 -0.0524635315 -0.0791221112 -0.0750922114 -0.1036129 0.0778323933 -0.146830156 -0.140635923 -0.168851182 0.0464272276 -0.00784799829 -0.109218843 -0.124155097 0.163070276 -0.102824457 0.0489889458 0.115753971 -0.153150588 -0.104528666 0.164952397 0.0645810142 -0.0961843058 0.0656892508 -0.0118306261 0.12572442 -0.0669947714 -0.0730833113 -0.0201560035 -0.0659958497 0.142773196 -0.0488679968 0.16894953 0.0242594965 0.0744550973 0.0791257247 -0.0176184475 0.0290695876 0.188250571 0.188055813 -0.0883780196 0.181753859 -0.154813305 0.00163352047 -0.091816932 0.185137793 -0.0414226875 -0.0882622004 0.143789381 0.0976277068 0.140934572 0.241144687 0.0184308868 -0.0128640439 0.182779208 -0.210093036 0.0684301183 0.0526659526 0.0406156033 0.0291237067 0.00189119182 -0.0261992887 -0.0466979891 0.0875946879 -0.0529379062 0.154490411 0.214345261 -0.00346841174 0.0120082218 0.105137549 -0.0573622249 -0.0805733427 0.213911206 0.0763305277 -0.00817299634 -0.00839127507 -0.137345865 -0.127650157 -0.0863121673 0.0229398087 -0.182041943 -0.0452286936 -0.0547847264 0.0821215436 0.148867771 -0.101982325 0.0303272009 -0.105682537 0.100459926 -0.128528684 0.0505507775 0.153390139 0.0275931619 0.0589301325 0.156217664 -0.141257927 -0.0938197151 -0.0328124985 0.0305376612 0.0169190075 0.076021038 -0.0133391423 0.0234442912 0.00455869595 0.189887732 -0.127132311 0.033314053 -0.0738201737 0.107279971 0.16016826 -0.201935291 -0.246079236 0.155159995 0.128644794 0.192696229 0.101266772 0.12131232 -0.183458194 0.0876491964 -0.260528058 -0.170031533 -0.15782842 -0.0640784353 -0.0549604595 0.120753765 0.0115155224 -0.144624934 0.285895109 0.149045765 0.299534321 0.0958781987 0.0731394291 0.224335924 0.0613423698 -0.244543329 0.0259314217 0.0384457037 0.140428841 -0.207554728 -0.306459218 -0.111287527 0.209187314 -0.121863626 0.0862750635 -0.215438232 -0.0710566044 -0.0424629897 0.14256376 -0.0469360687 -0.10702718 0.127282217 -0.289817989 -0.0623725429 0.039549958 0.187911779 0.218090534 -0.133096993 0.202931821 0.115198523 0.163434163 -0.141645104 0.286621928 0.0935146213 -0.218943983 0.291332752 -0.301968426 -0.262649745 -0.177750394 0.0509153605 -0.129916802 0.229852393 -0.0271433163 0.1778837 -0.0361949876 0.101270057 0.0256106462 -0.0238802116 -0.0919672176 0.0435194373 -0.192093909 0.0200429987 0.149831682 -0.121781826 0.13231425 0.154234901 -0.0375367068 -0.0339560919 -0.137499884 -0.0241511501 0.0172605719 0.149505481 -0.0688675344 -0.0155940158 -0.103954613 -0.175691634 -0.156637013 -0.0229344293 -0.131265312 -0.0208754856 -0.139830306 -0.0658350289 -0.070429489 0.0689224973 0.037064407 -0.103974424 -0.0975091159 0.0924856961 -0.0832076818 0.09937305 -0.0588317886 -0.0582610294 -0.117882691 0.0392688885 0.133536354 -0.0281681325 0.0873121321 0.142232344 0.143087372 -0.0758647621 -0.131387964 0.0291546527 -0.139935702 -0.0635355711 0.0510768555 0.149746418 0.121692948 -0.0231487751 0.0915528387 -0.104988202 0.053698536 0.192793518 0.0306920838 0.0351540968 0.00957174972 -0.0495157354 -0.010489352 -0.154171094 0.145393148 -0.271449417 -0.179465115 0.147601798 0.197877318 0.2346818 0.124611273 0.0897468925 -0.217476293 0.275235176 -0.217544779 -0.171425298 0.00733850431 -0.225765988 -0.0975990072 0.293624818 -0.00554294745 -0.196893722 0.20094797 0.0645930246 0.128006592 -0.0631927028 0.266654938 0.248079181 0.291251808 -0.193687379 0.192699045 -0.169505611 0.277117789 -0.249109358 -0.206271559 -0.075972423 0.0848609358 -0.302110493 0.112029456 -0.171674728 -0.143668652 0.196993276 0.199326098 0.0533954948 -0.249096557 0.194674268 -0.20089753 -0.250614643 0.0738392994 0.150470778 0.313299268 -0.00975499302 0.151999995 -0.0347412713 0.240630433 -0.137959376 0.243715942 -0.079282105 -0.0934579372 0.157357633 -0.209648073 -0.15837349 -0.224582613 0.246792659 -0.192618489 0.0786900297 0.126359537 0.202162191 -0.0152231874 -0.113704436 -0.214840576 0.222153872 0.0507879928 0.197831795 0.188696563 0.102602102 -0.237575367 0.14199385 -0.0348038413 -0.0409601703 0.0540714264 -0.280584604 0.10385818 0.154684246 -0.0623942912 -0.0823300183 0.273278624 0.234731764 0.303292543 0.145565331 0.273246169 0.0747083277 0.169111654 -0.0690375566 0.18821843 -0.0147763807 0.207225397 -0.0153775113 -0.150475755 0.0707159415 0.260607421 -0.102251127 0.0576025471 -0.221221134 -0.159319893 0.0607786775 0.128075153 -0.116902009 -0.236426562 0.117386594 -0.0527234152 -0.0588974059 0.0362974368 0.0705235973 0.274912566 0.115750149 0.158849314 -0.0714925453 0.0302179419 -0.130831197 0.0102450419 0.120324656 -0.275749743 0.289588034 -0.140361473 -0.149797052 -0.193941966 0.0540986136 -0.271525651 0.117092229 0.00157954369 0.116445825
tensor gate_encoder.0.bias 1 32
0.0323220082 -0.0305830929 -0.0891006812 0.0292928498 0.123250231 -0.0313497782 -0.135386452 0.0426101349 0.0829960629 -0.0401797108 -0.0594805256 0.144838318 0.0369570702 0.185272023 0.0320381075 -0.0923062712 0.0546435453 0.00706860004 0.0379438922 0.0975064635 -0.0446041785 0.102799185 0.0823488161 -0.10415078 -0.0411556251 0.107547931 0.0445685722 0.1546119 -0.0455314144 -0.101019002 -0.104456842 -0.0459846184
tensor objective_value_embedding.weight 2 32
0.202941343 0.523996651 0.200821459 0.811573982 -1.47993898 0.207998127 -1.84060943 0.523960769 0.798344672 1.73952258 -0.224904418 0.052950561 0.550059736 0.645922542 -0.0758791938 1.10829461 -1.5033406 -0.896626472 1.30800045 -0.551207483 -0.135116562 0.423443109 0.342940629 -1.40723646 0.200239256 0.578836083 -0.377332509 1.42382514 1.2391274 -0.763667941 0.410693675 -1.0310452 0.723722935 -1.17945099 -0.137623429 -0.468594402 0.864398837 -0.438150138 -0.221421927 0.00485079596 -0.913339972 0.86737597 0.489843845 1.74792838 0.455899715 0.429690748 -0.375037611 -0.688010931 -1.01215231 -0.626952946 1.33999205 0.356060743 -0.16225329 1.20790863 -0.805077076 0.841114223 -1.59850025 -0.424669623 0.770026982 0.10676869 -1.97706127 -0.284730583 0.0592853911 0.132102758
tensor backtrace_actor.0.weight 32 32
-0.107880868 -0.122151591 -0.14974609 0.149397328 0.131407753 0.0360926501 -0.0208526272 0.0185240507 0.175529927 0.0106332079 -0.170494705 -0.0699574128 0.0970087796 -0.157150254 0.119766027 0.010950855 -0.0868402943 -0.209847003 -0.127257556 -0.164290145 -0.010466666 -0.0102965003 0.0893420652 0.0674104616 -0.150517941 -0.0687011108 0.0134252105 0.0627220795 0.0477701537 0.154794738 -0.0803228468 -0.0489001833 -0.207749173 -0.132517442 -0.0908669904 0.0606620051 -0.057729885 -0.179836035 0.123760894 -0.0589749366 -0.169026569 -0.0684824884 0.124908693 -0.0955046043 -0.0897716209 -0.0842677653 -0.184795991 -0.00626921467 -0.0142789055 0.139974669 -0.167222425 0.212445915 0.0735367909 -0.0505647659 0.0311324224 0.0395353623 0.0550707765 0.0705196336 0.0562656149 -0.0666416138 -0.0990291014 -0.0811798275 0.0245331973 0.200001299 0.129601941 0.0293119326 0.0197652001 0.00898186117 0.0370075218 -0.170445874 -0.046015624 -0.124449596 0.147135898 -0.18949528 0.0313275903 -0.0148450248 -0.050971251 -0.140611127 -0.0604222119 0.124338076 -0.046039518 0.0211416427 0.0539304353 0.149146721 0.0060271346 0.138186529 0.127919719 -0.0944968015 0.188265458 -0.150641456 -0.164454326 -0.123775631 0.0753989071 -0.137325406 -0.029543981 0.0173391141 -0.0722191185 -0.0155084617 -0.0371191949 0.0480958857 -0.0972696096 -0.0477338061 0.0519845709 -0.143621594 0.0296887457 -0.0216794796 -0.0185961444 -0.0841520131 -0.068978712 0.0304502975 0.164575905 0.176361173 0.116137303 -0.12922658 -0.0567348301 -0.0879081637 -0.27047056 -0.0947787911 0.0282311216 -0.034715876 -0.00763309142 0.0755778402 -0.000788363686 -0.0843031481 -0.0215600897 -0.0442945659 -0.184495494 -0.221462786 0.0749987811 -0.0446215048 -0.211047158 -0.278677374 0.27160731 0.0312469155 0.239370406 -0.205169961 0.0180762876 0.0269669164 -0.131239936 -0.0662673935 0.186338663 0.16399309 0.134211749 -0.191793203 0.25327754 0.0155244479 -0.191244915 -0.0551302917 -0.142797589 0.0206440613 0.084150672 0.267885834 -0.170903444 0.10742835 0.189383 -0.188211486 -0.0238599125 0.0671075955 -0.085293971 -0.244298473 -0.0510680415 -0.141104475 0.344690561 0.0717537552 0.0892456397 -0.182409346 -0.0334471874 -0.0326641798 -0.283130795 -0.0116923191 0.316420048 0.209086463 -0.278093755 -0.134228081 -0.0479772612 0.0323169269 -0.0747934952 0.192264289 0.184362307 0.291540325 0.273760647 -0.0320955813 -0.0223659556 -0.11524304 -0.0177957658 -0.244958282 0.16475293 0.0764536038 -0.152224913 -0.187128603 0.319128484 -0.0579850636 -0.167693079 0.0113664959 -0.0144924372 0.181647152 -0.0560168624 0.14705494 -0.0300576445 -0.150437623 -0.0114445593 0.0944274664 -0.0210035127 -0.0234661847 -0.0568363033 0.166576222 0.0239342134 0.0517664291 0.103610285 0.00563215045 0.135600328 0.164500102 0.0785476044 -0.0157175269 -0.194072932 -0.146593168 -0.128922299 0.0879436359 0.0714290589 -0.0579127818 -0.0995110199 0.108086102 0.0875521526 0.195964947 -0.130003199 -0.148906738 0.0723424181 -0.0715203881 0.0944739208 -0.194392502 0.0708627924 0.011153237 -0.156821817 0.0208138544 0.173667818 0.176319107 -0.0358195119 0.0129398545 -0.305762172 -0.125619248 -0.196836442 0.0241880119 0.19255513 0.137286276 0.238337576 -0.0916603506 -0.175887212 0.125291854 0.126314849 -0.251966119 0.0625851303 0.078286685 0.114701018 -0.21883598 0.203301489 0.255077302 -0.0711996481 -0.086546503 -0.0615287125 -0.189524099 0.0975464433 0.103278778 0.25102213 -0.186745733 0.0035200764 -0.0316531248 -0.227094516 0.206583977 0.168916613 -0.0230113436 0.24856101 -0.115622804 0.2547701 -0.175311238 0.0321807154 -0.0713121966 -0.126385972 0.0479875691 0.0287646297 0.138268784 0.0575027987 0.209994495 0.0625248477 -0.237450138 -0.181187302 0.234108254 -0.343997359 0.0342515372 -0.123892196 0.0577390045 0.0982745737 -0.143874153 -0.150222778 -0.101485983 0.0557715483 -0.116052665 0.160009488 0.072176829 -0.196768284 -0.0170562956 0.0851034373 -0.125308052 0.234086856 -0.0626196936 0.0324200094 -0.144392073 0.131863311 -0.135664463 0.0217871573 -0.0537542887 0.0202834755 -0.0629601479 0.0530682318 -0.0982700065 0.00818118919 -0.138470575 -0.159399897 -0.0764034018 -0.14979583 -0.177962661 -0.21854043 -0.0907339156 0.0352950655 0.21385555 0.0402227491 -0.182784691 -0.0884177983 -0.033406388 -0.0239666533 0.023409443 0.000397997705 0.1963716 -0.28564474 0.0929617062 -0.0742589533 -0.105998203 -0.0636059493 0.125520214 0.224351481 0.255302399 0.154324099 -0.0395722575 -0.109515533 0.0961310193 -0.0934669226 -0.167095721 0.161038563 0.115769267 -0.0283618644 0.0130206933 0.157585576 0.194762513 0.0368986018 0.00965068676 0.299733758 0.0992515534 -0.199440658 -0.0832738131 -0.280063689 0.172871009 -0.158926427 -0.154630408 0.211454034 -0.0533852465 -0.029129602 0.115080044 -0.268913627 0.0287092365 -0.234623462 -0.0107992794 0.0343558788 0.238989741 0.00968897995 0.107540704 0.053974539 -0.244273633 0.210265264 0.0655942187 0.0562344454 0.013928201 0.220563442 -0.185468003 0.048065871 -0.0652560219 0.256139636 -0.205815047 -0.347333074 -0.131749153 0.171901569 0.197386771 -0.049286589 -0.000533164944 -0.162108675 0.0967884585 -0.20969373 0.23528111 0.248467177 0.162202433 0.138940528 -0.0345176794 0.0289621837 -0.294060081 0.0284691174 0.0616227835 -0.109405562 0.182670459 0.160753295 0.175232559 -0.232386068 -0.0435879603 0.0562834442 0.16687417 -0.156763121 0.146273628 -0.271824092 -0.180226281 -0.0625165477 0.151430786 -0.202726007 0.0477404632 -0.0723792017 -0.0360022262 0.146307871 -0.000855670427 -0.00756582106 0.128115296 0.0211274568 -0.0542243719 0.205794975 0.0712711364 0.225191206 0.0182674062 0.127928793 0.0582089387 -0.121567264 -0.193085268 -0.0541778281 0.0823742971 0.10689345 -0.0921005234 0.00203706534 0.00303150597 -0.12704201 -0.171424985 0.0283098631 -0.0772413313 -0.152735621 -0.0357520506 0.108341873 0.181707382 -0.31118688 -0.100776531 0.0180996303 0.188911557 0.115764447 0.178673744 0.212845117 0.238960922 0.0112842238 0.167889073 0.199650899 0.212000772 0.198281154 0.175878599 -0.0173909608 -0.243200094 0.103399597 -0.123846687 -0.253468961 0.173939899 0.148705333 -0.191794068 0.0961171538 0.199984461 -0.0806528702 0.194575831 0.0407452323 -0.031536486 -0.29935351 -0.299390763 -0.049827598 0.0387001671 -0.249082148 -0.197860137 0.134004623 -0.200294733 0.135109216 0.0289985817 0.0618660189 0.168879211 -0.0720855072 0.0697908252 0.233234808 0.193567082 0.198194444 -0.00625588745 -0.0498881824 -0.121000439 0.0987356901 0.0223386865 -0.154520139 0.0368263386 -0.164301261 -0.00377395703 -0.21528244 0.179989934 -0.0115169389 0.015523524 -0.119641468 0.0843998417 -0.268068403 0.104136735 -0.0271621197 0.0762370825 -0.16023761 -0.330302835 0.285904706 0.246748537 0.229643285 -0.334140092 -0.0676926821 0.0359978601 -0.102781281 0.106702074 0.281877965 -0.0352430232 0.213420779 0.134650812 0.303898513 -0.193245232 -0.0284878761 -0.278285086 -0.176394776 0.124453209 0.0130844498 0.310777426 -0.0301654097 -0.000102518956 0.0957390293 -0.239703432 -0.259338826 0.292679936 -0.109164298 -0.158082455 -0.192245275 0.255799472 0.278660119 0.268765926 -0.200423554 0.00213329843 0.0772713572 -0.0799708739 -0.165123269 0.0892061144 0.0587567054 -0.268286347 -0.186420634 -0.22427848 -0.182945162 0.139581427 0.150209248 0.128462449 -0.102143891 0.196064845 0.275138378 -0.10300909 -0.250307292 -0.169785529 0.100932673 0.00466104224 -0.261847049 -0.179397717 0.255811274 0.112234704 0.170995951 0.144557357 -0.227957383 -0.0129927807 -0.10064587 -0.113293365 -0.0108327325 0.0405038558 0.182434529 -0.094910264 -0.087773934 -0.104441181 0.129639104 -0.0110503221 -0.245981991 0.0138767539 -0.160230428 -0.0155864004 0.0206080377 -0.114679366 -0.059155222 -0.0509371161 0.155021042 0.0715386868 -0.144006267 0.117375828 0.166910186 -0.111793369 -0.145433456 0.0517379865 -0.152522504 -0.134619832 -0.0183168519 0.164154768 -0.136669695 0.169238657 -0.116476454 -0.0114589715 -0.00755999377 -0.0278542675 -0.180524036 0.0501385666 0.136608154 0.0289916005 -0.100475006 -0.0164505616 0.0213514548 0.0544225387 -0.177219212 0.00180565892 0.101390615 0.0129821924 -0.018818235 -0.0239583533 -0.109315157 0.181180462 -0.0299369786 -0.104387291 0.132164314 -0.060469415 -0.0377137326 -0.133373246 -0.0731506348 0.125373781 -0.00958851911 0.00840496272 -0.147402316 0.130660906 0.335242838 0.117752336 -0.245025381 -0.183135942 -0.239776805 0.314356804 0.207052141 0.060913194 0.217216462 -0.0825579911 -0.103913054 0.0280969348 -0.0916141942 -0.12517488 -0.16020529 0.0143638477 0.186380133 0.172166973 0.231661096 -0.0321536176 -0.211854994 -0.244695485 -0.0524975285 -0.00758965081 -0.0256074276 0.22181727 0.235097811 0.082164228 0.255001724 0.175131142 0.00272581913 0.0410971157 -0.0958675891 -0.152966365 0.0999689251 -0.0245789438 0.174441725 -0.252244532 -0.0896085054 -0.0490386412 -0.12911807 -0.0426548496 0.173967257 0.173743308 0.106959097 -0.0236364938 -0.0192861836 -0.0980280638 -0.215342939 0.00375658227 -0.000448839943 -0.0754869059 0.0817056298 0.258842975 -0.134741083 0.220421612 0.193472087 -0.153773472 -0.216486052 0.0446772538 0.00740321307 0.0185184274 0.134413227 -0.0255375113 -0.338466763 -0.268926978 0.0461307168 0.178342462 0.187249467 -0.0809660032 -0.0360533558 -0.0456889644 -0.188482791 -0.0710255951 0.244381845 0.105296761 -0.00686736358 0.00177190581 0.094014883 0.179467514 -0.0219535846 -0.0108372122 -0.203183457 0.114098221 -0.1032793 0.0759976655 0.0331775732 0.0596479923 0.160508901 -0.225739986 -0.192194238 0.204276994 -0.259092987 0.0126726143 -0.0392280743 0.0342479236 0.243208125 0.34316808 -0.0664943457 -0.117084511 -0.283275008 0.00744386064 0.236623853 0.111014545 0.13126424 -0.0194338504 -0.263160497 -0.099289313 -0.0408003107 0.0977533907 0.0432560854 0.175947502 0.209802553 0.209557921 0.129028007 -0.010916424 -0.197341785 -0.291411191 -0.0557132401 0.095114015 -0.225115389 0.171962142 0.123634897 -0.276655883 0.252467871 0.180086911 0.143862873 -0.226674661 -0.270440578 -0.161394253 -0.0369428582 0.121268243 0.0883730873 -0.0330032296 -0.157221109 0.00456278073 0.061451178 0.208895847 0.32595101 -0.0721709728 0.106888823 -0.0969202444 0.0153117189 -0.17566362 0.0238348302 -0.0113770105 -0.27220577 0.155798182 -0.0353871211 -0.065720126 -0.112641163 0.201297313 0.0600581653 0.155190244 -0.185962945 0.0330373831 -0.221540377 -0.0950820372 -0.0935408697 0.192173287 -0.188663557 -0.0336007886 -0.01272556 0.143575773 -0.129996777 -0.0530127399 0.195975974 0.235757992 -0.131321386 -0.067328319 0.286473066 0.219717622 -0.0546400025 -0.0605230369 -0.125947818 -0.135110691 -0.162157267 -0.134031266 -0.0407660007 0.159699082 0.0777210519 0.126622766 -0.0329919122 0.181642056 0.114581585 0.0919453129 0.111886859 -0.146092683 -0.0134060914 -0.102274366 -0.346080393 0.29537937 0.353993416 0.174274459 -0.146445885 -0.188509867 -0.181049809 0.00735695381 0.0748754516 -0.257862955 0.152715653 -0.303856641 -0.242507517 -0.105921373 -0.248187795 -0.0785164982 0.0783933029 0.24562116 -0.0351151042 0.15014936 0.269396663 -0.2548168 -0.170529082 -0.0911047608 0.250345528 -0.039667435 -0.299642384 -0.0412036516 0.176467672 0.116824687 0.304451048 0.00243299827 -0.0836374462 0.0504149571 0.181010738 0.0763866007 -0.109527834 -0.133364439 0.111470617 -0.0447363332 -0.255115807 -0.293527365 0.143140927 0.0973976403 -0.0724359676 -0.211859286 -0.165121034 -0.130269304 -0.0842309222 0.296232015 -0.171922803 0.150732651 0.337810606 0.0608441606 -0.151974887 0.15699099 0.1738846 -0.306587547 0.124699898 -0.00902646314 -0.0778178647 0.162414774 0.245584324 0.207011536 0.00072587427 -0.100792967 0.257929027 -0.0737126619 0.062204089 0.0814804286 0.184278861 0.0564081259 -0.0660126209 -0.192894131 0.285288215 -0.179823637 -0.236751914 -0.145314321 -0.171280846 -0.181392416 0.00404378679 0.0268562064 -0.0821452439 0.00475384016 0.298439115 -0.154192373 -0.197387576 0.0277033746 0.115656972 -0.307385713 -0.0581044853 -0.138078704 -0.167176053 -0.0476703271 0.15767093 0.124434963 -0.079488121 -0.152066499 0.133166015 0.219616368 -0.0435615741 -0.0976407602 0.11451938 0.00630906224 -0.09000431 -0.28662622 0.0838418007 0.0572075583 -0.263875097 -0.0407723971 -0.238506973 -0.236414775 0.10237895 0.29455626 0.0495396741 0.271873742 0.227605775 -0.092994161 0.0148564903 -0.0191162489 0.0218380336 -0.218795702 0.0271471757 -0.233281046 -0.0798676759 -0.00555667654 0.0236576907 0.218059018 -0.0303400103 -0.0177218243 -0.050447017 -0.0356726907 0.076749295 -0.146470264 0.193437442 0.0980241746 0.0172146577 -0.157217413 -0.0379360877 0.164152369 0.110681608 0.128744349 0.180248812 -0.0931573361 -0.0210087094 0.00783331692 -0.00180897303 -0.183246329 0.0187061634 -0.168317541 0.186594754 -0.154029354 -0.102734022 -0.109629147 -0.0457509682 0.119853973 0.0993342102 0.0311209522 0.0158382356 0.113260522 -0.0744722113 -0.00797484815 0.074986577 0.0896112248 -0.013117793 0.0613190196 0.0119435722 0.0233651269 -0.00844581518 -0.253416181 0.235880464 -0.176598668 -0.0515227169 -0.245931312 -0.235552102 -0.206885025 0.097638838 0.0130423522 -0.085239999 0.272280872 0.0272233281 -0.0420743488 -0.0496449582 0.185075536 -0.0305738524 -0.318640053 -0.103061438 0.00512303738 -0.129677668 0.201642096 0.184232712 0.258477777
tensor backtrace_actor.0.bias 1 32
-0.107928336 0.107123703 0.0454471409 -0.141852081 -0.0393567383 0.108891018 -0.0777575448 0.171032861 -0.13700448 -0.17420648 -0.0233071726 0.00129762269 0.140417024 0.072081916 0.0213905964 0.162014514 -0.208425254 0.0991683751 0.0285388138 0.18467845 -0.113664232 -0.204292163 -0.147695601 0.115220591 0.128303528 0.197909474 -0.117367297 -0.160281956 0.114949897 -0.155275151 0.0990060195 0.0593258664
tensor backtrace_actor.2.weight 2 32
0.0651170462 -0.167109415 -0.101919383 -0.194880068 0.240771025 0.208785042 0.233466968 0.132399678 0.129029393 -0.0854482874 0.0304662175 -0.0707952604 -0.188525155 0.0400058292 0.119740039 -0.258955359 0.217716143 0.155890539 -0.0560109355 -0.0320298783 -0.256406099 0.177443042 0.0856504217 0.0405243672 0.0173142646 -0.0627649575 0.154485181 -0.150012329 -0.252356291 -0.243250728 -0.211976826 -0.0934671536 0.206394032 0.211609647 -0.184151769 0.158720016 -0.216993913 -0.0481956489 -0.117367186 -0.125029042 -0.157702789 0.178064287 -0.274482697 0.258915961 0.183151916 0.234933421 -0.274450302 0.157331377 -0.0269875433 -0.0808188617 0.0833317861 -0.155894965 0.281230271 -0.0284761954 -0.208338186 0.222021282 0.223900363 -0.218907714 -0.213965923 0.0681935176 0.044553861 -0.0549019091 0.191949859 0.080051817
tensor backtrace_actor.2.bias 1 2
0.116503932 -0.0685108006
end
