SMARTATPG_ACTOR_V2
embedding_dim 64
hidden_dim 32
tensor gate_encoder.0.weight 32 64
-0.28063646 -0.134405971 0.352917969 -0.30360049 -0.394446164 0.005576964 -0.201305106 -0.273551792 0.244601116 -0.28078571 0.353462845 0.0184493139 0.0398639329 0.18850933 -0.0611308031 0.0984665975 -0.0867992416 0.0535954461 -0.183173835 0.104920581 -0.212052748 -0.0308915041 -0.144585907 0.0302220099 -0.267882884 0.175649017 0.248594657 -0.291166961 0.0750575438 0.124946125 0.0988309309 0.120495319 0.246263996 0.268705666 -0.354608983 0.107081972 0.0500924401 0.177552164 -0.256811619 -0.123650163 0.208076209 -0.0730568394 0.0584427491 -0.011427829 0.0342098139 -0.301213324 -0.157757938 0.415448338 -0.200452 0.134601876 -0.139546782 0.113158099 -0.155145481 -0.282529265 -0.163886577 -0.112845384 0.0850936249 0.14656195 0.0251429211 -0.245406225 0.0923102051 -0.0985770822 0.277091086 -0.259257108 0.0722443908 -0.176173404 -0.163892075 -0.116413027 0.229137465 0.0527925603 0.122496016 0.0608344078 -0.0894501805 0.108897403 -0.255923241 0.0504275821 -0.323337972 -0.135575876 -0.241250187 0.0160792265 0.0831357837 -0.232180759 0.194214582 -0.112200074 0.323182225 0.170038611 0.275025427 -0.0893332809 0.0111929411 -0.289523631 -0.00269023888 0.0268498864 0.0675244778 0.004126905 -0.152123168 0.0897396207 0.161240935 -0.0932315663 0.214351937 -0.258486331 -0.208491117 -0.0613289177 0.359893292 0.161034241 0.130790412 -0.109270923 -0.319566667 -0.027855292 -0.0213486571 0.23586221 0.159288317 0.0109255323 -0.0012707616 0.0825367421 0.0888769031 0.164090127 -0.212103307 0.28152895 0.0170837659 0.136285186 -0.0254665408 0.0292427912 0.171502337 0.293876678 -0.0261403825 0.261702389 0.003783033 0.0853643492 0.232182577 0.0427215323 -0.430343002 0.168116659 0.273697972 0.0605907515 0.263815701 0.223095983 -0.307515472 0.32066837 -0.379014522 -0.117808945 0.0775250793 -0.4093692 0.0239908881 -0.094443433 0.1858266 -0.0547100939 0.274848938 -0.0314220116 0.18279551 0.172496766 0.269851476 0.0202574562 0.315366447 -0.272305787 -0.117108755 0.239444658 -0.0474539548 -0.38846615 -0.0617187172 -0.169378012 -0.0613190122 -0.317802221 0.164596438 -0.0871274546 0.0139724901 -0.113101251 0.26327762 0.221004903 -0.197943345 0.22090669 -0.319770694 -0.22678037 -0.040482562 0.328535974 0.175339267 -0.175075546 0.235268921 -0.0494440943 0.3431952 -0.137455136 0.182758406 0.268608481 0.0776435509 0.0586947724 -0.196200609 -0.240678728 0.10736651 0.293815672 -0.116170242 0.202901885 -0.146276593 0.293008596 0.33805877 -0.0577260293 -0.252827495 0.158142328 0.418804437 0.284750402 0.449138969 0.0588069707 -0.137399539 0.343483835 -0.321017653 -0.13527517 0.0430076011 -0.401425898 0.0911445469 -0.101838537 0.279839873 -0.129946381 0.168737009 0.0406213179 0.238226444 0.0897247419 0.270564169 0.0765589327 0.351397008 -0.404207826 -0.153349519 0.0578096434 -0.155958161 -0.267404974 -0.0387618057 -0.120569155 0.188081145 -0.302425623 0.283410996 -0.147002265 -0.223098189 0.0656610355 0.277576119 0.0880286321 -0.291980863 0.226324856 -0.256167114 -0.214569032 -0.183174968 0.227626547 0.109135121 -0.239708245 0.211991221 0.0302161593 0.378489733 -0.149432138 0.0832157359 0.220301941 -0.08446417 0.0933608785 -0.276526183 -0.249717325 0.0449965969 0.441686541 -0.251834989 0.441092372 0.0496727377 0.312094629 -0.27996254 -0.0217954777 0.220709562 -0.113701202 -0.282173306 0.0894090459 -0.17948328 -0.197886765 0.257633716 -0.0149663333 0.280205399 0.0703375936 0.00529682543 0.136638731 0.0621757023 0.0498607792 -0.292187363 0.0554954372 -0.159659714 -0.071773842 -0.0863842666 -0.112379223 -0.286044359 0.0829663351 -0.513601303 0.066023469 0.204249054 -0.411706179 0.146068305 0.185909882 0.216037288 0.233801097 0.324397296 0.356441468 -0.133175194 0.194935501 -0.081780985 0.123598494 -0.261709183 -0.0360770747 0.141727954 -0.17826499 0.060386356 0.141770497 0.0693178773 -0.378319293 -0.240760103 0.356400341 -0.451517582 0.0289122034 -0.198952109 0.050545685 0.0117885126 -0.388328373 -0.013629525 -0.139810458 0.0440590978 0.194352895 -0.0567735098 -0.280665874 0.136480108 -0.364825249 0.275286496 -0.111606002 -0.00475756638 -0.407140255 0.159597561 -0.0425765514 -0.135909915 0.180664033 0.000680252677 -0.00494100293 0.0680944622 0.0420768 -0.0668545067 0.259399384 -0.215538651 0.100223519 -0.267230183 0.184568942 -0.118601158 -0.0661153942 -0.0713049918 -0.0530762039 0.168641999 0.0493390746 -0.0558247678 0.070540458 -0.368723482 -0.0373888686 0.0562175959 -0.0859569907 0.141900584 0.187445551 0.107670665 0.153126925 0.267420202 0.278031379 -0.210602298 -0.119602248 -0.281566828 0.277686894 -0.0755236968 -0.0185664576 0.111679621 -0.224576533 -0.0682649687 -0.155901954 0.0865669921 -0.0787556544 -0.109853134 0.211574689 -0.177342355 0.27251941 -0.0231072828 0.266606122 -0.121498033 -0.175530374 -0.0369120426 -0.00510328915 0.144010246 0.258511424 0.246300921 -0.0271098632 0.0343311504 -0.0250302739 0.126971766 -0.148958489 -0.274216861 0.324913114 0.217482612 -0.195551157 -0.289093196 -0.295373708 -0.320468992 0.0108726891 0.268294871 -0.19736281 0.245913446 0.281400561 0.113065578 0.405781537 0.131878227 -0.137009174 -0.198145598 0.254143655 -0.347350687 -0.197789639 -0.321565181 -0.0626957044 -0.31693846 -0.309640467 -0.0733903944 0.348001093 0.0253659822 -0.20561868 0.115370244 0.301368922 0.190718517 -0.00338694896 -0.257861227 0.179452255 -0.217913315 0.0724974498 0.288941294 -0.101662844 -0.258252531 -0.0688534528 0.275229186 -0.0568241812 0.292334378 0.340723962 0.100525513 -0.362113953 -0.166498825 -0.0781008676 -0.194071293 -0.0503443144 -0.250872582 0.155086622 -0.0192156564 -0.0273500662 0.170289084 -0.210549757 0.231341094 0.17763339 0.150740489 -0.252277941 0.191766828 -0.241237879 0.105790362 -0.12275815 0.165153414 0.212940425 -0.195198208 0.169103473 0.36062482 -0.178618163 0.207859546 0.201804429 -0.166501254 -0.0252013952 -0.0853869542 -0.285147458 0.0380508751 -0.0156837273 0.211024284 -0.0324047059 0.264056444 0.160536438 0.141862676 0.0112279067 -0.0183677599 0.00518771587 0.0750781819 -0.0597838648 0.323541552 0.0169774815 -0.149015903 0.366212249 -0.178440377 -0.255079925 -0.102910817 -0.19575797 -0.224904567 -0.335597575 0.213518173 0.19544667 0.257946759 -0.324232101 0.145729959 0.197215766 -0.187809318 0.218565077 -0.0487739109 0.135509461 -0.174968779 0.37286365 0.19826296 -0.403112501 0.320465624 -0.315843403 0.0192319956 -0.134998605 0.165395871 0.275215805 0.17609635 0.0741344243 -0.151581988 -0.288763911 -0.0226390548 0.229474574 -0.0363533534 0.148950756 -0.12263836 0.126895338 0.133254156 0.0390438028 0.0888315663 -0.162471175 -0.0209342241 -0.238234729 0.102574848 0.0469791852 -0.0469174981 -0.0497441366 0.0510786735 0.0789520666 -0.206215695 0.0955779478 -0.353633672 -0.229561567 0.160610825 -0.0590430424 -0.13938646 -0.139004886 0.0616578534 0.075424172 -0.0167077221 -0.269399941 0.029026933 0.062116079 -0.133039802 0.161909908 -0.352929264 0.162515014 0.177638188 -0.21531406 -0.14011544 -0.0260868054 0.0206962246 -0.0491658486 -0.105072141 0.0394537561 -0.0519886836 0.0380685553 0.169978872 -0.0544893853 -0.0848687887 0.192600578 -0.116913997 0.183986917 0.0167219453 -0.143204793 0.202391014 0.205514342 -0.142145693 0.330980539 -0.171655208 0.266858757 0.0148864929 -0.0387462974 0.160781264 0.0407174192 0.183826655 0.156106159 0.267038941 0.228146762 -0.124907687 0.00962468889 0.0695573241 -0.146592468 0.236607268 -0.293606043 -0.248162925 0.125111699 -0.257905573 -0.150067449 0.261661887 -0.0888947621 0.23355259 0.317999363 -0.149823815 0.00127894816 -0.210378498 -0.0380579904 -0.222813115 0.0691747963 -0.366740644 -0.00901883002 -0.145808637 -0.000369184068 -0.107802242 -0.047948543 -0.368829459 0.0671742782 -0.163054749 -0.0859460756 -0.0231623761 0.128597796 0.112284847 0.161272928 0.13198784 0.306715727 -0.0406873226 -0.0705786943 0.0037594107 0.0799030885 -0.0359226763 0.184661776 0.270626932 -0.364375561 -0.0560169853 0.0398277789 -0.0169467088 -0.108247355 -0.330047458 0.173309743 -0.252115875 0.196598619 -0.0362036116 0.348324567 -0.123619467 -0.123304948 0.0103252782 -0.137726575 0.24756138 0.277256995 0.14303267 0.0506574661 0.343356311 -0.0815021247 0.300661594 -0.153027892 0.169676974 0.193616316 -0.309631467 0.270517677 0.37033388 0.0636853725 0.333800495 0.00968076289 -0.0889699906 0.159226462 -0.204621404 -0.284592271 0.0655307546 -0.286683202 0.0136379208 -0.141508356 0.278066069 -0.0330050476 0.168296427 0.0490201004 0.156225696 0.0325192027 0.133909106 0.19528529 0.378485113 -0.153539017 -0.0600616112 0.159046054 -0.135428876 -0.285234839 -0.114915766 -0.233708933 -0.228757024 -0.246292725 0.0965490937 -0.117248021 0.185893893 -0.270968825 0.15188162 0.170133039 -0.162061155 0.223734051 -0.137310177 -0.137343347 -0.0092649553 0.254288226 0.342051804 -0.419116795 0.156399056 -0.215697855 0.266832918 -0.204459891 0.11572805 0.182631344 0.187796608 -0.00373917981 -0.254815489 -0.24962157 -0.170365974 0.382858306 -0.0496493801 0.117140234 -0.0869038925 0.313604325 -0.100181535 -0.0911431834 0.314470351 -0.195879757 -0.333347648 0.174538493 -0.269367605 -0.121788681 0.39300856 -0.0318665057 0.152977511 0.0914777964 -0.156242549 0.18877463 -0.0477866419 0.164277166 -0.0651224852 0.0605939329 -0.168066442 -0.111029774 -0.262144774 -0.0436391085 -0.146273851 -0.0205358341 -0.396127075 0.0949847475 0.0166955534 -0.359594375 0.117838725 0.151241437 0.0590372682 0.203907222 0.284219742 0.339604318 -0.300875962 0.0695286244 -0.0329291113 0.183676839 -0.242463186 0.1000496 0.298806101 -0.370193481 0.165544584 -0.00327783288 0.231054112 -0.213580161 -0.330461562 0.354738504 -0.377792716 0.293193012 0.00917740352 0.0511085987 -0.0471910983 -0.266360909 0.173224494 -0.147749275 0.058989875 0.453293145 0.0862327293 -0.258378208 0.278861642 -0.340364456 0.111902453 -0.238767639 -0.310271829 0.154698983 0.392512918 -0.2915093 -0.306754977 -0.178136602 -0.496968865 -0.171585187 0.284547061 -0.155149221 0.353505969 0.201950014 0.0276365131 0.526334822 -0.105596237 0.0350161865 -0.2758843 0.0307155307 -0.337180406 -0.0394562706 -0.369546801 0.0169442315 -0.283293217 -0.176101089 -0.439344317 0.493824482 0.0308613367 -0.237406656 -0.0601680577 0.347063363 0.0726869553 0.137513682 -0.086070016 0.265711755 -0.328351766 0.158203378 0.276843131 0.0600048006 -0.266260564 0.0120077152 0.176632345 -0.209568724 0.370164871 0.100018695 -0.005467379 -0.30033356 -0.138764367 0.0575902648 -0.214598849 0.138182044 -0.283214062 0.196598455 -0.0843272284 -0.188666552 -0.00944418926 -0.128624424 0.237322688 0.121744551 -0.0093742013 -0.528859794 0.31638366 -0.406377196 0.0969129577 -0.259603441 -0.222763002 -0.0632629097 0.28104046 -0.269326001 -0.448370159 0.11355935 -0.206076086 -0.172112957 0.355745822 -0.0627098083 0.196438611 0.164541483 -0.0982709527 0.190758064 -0.0893038958 0.0842977613 -0.179149732 -0.0115102632 -0.151498988 0.0696992725 -0.0595298819 0.0100253653 -0.253466845 -0.00923897605 -0.413469553 0.0871181414 0.106157035 -0.313217819 -0.0621083006 0.32221356 0.260787845 0.109008662 0.25034833 0.238426417 -0.303742737 -0.0124443369 -0.120973103 0.145873591 -0.250748575 -0.113386013 0.245185226 -0.337635487 -0.0507425964 0.0651912466 0.136710912 -0.134600371 -0.258135468 0.39794594 -0.322599024 0.0597775094 -0.0610251278 0.132430688 -0.268813789 -0.346395999 -0.063100189 -0.112395085 0.0466415733 0.189272299 0.0545471981 -0.223571837 0.32456845 -0.246489927 0.110913225 -0.141596943 -0.21210508 0.20539175 0.384347856 -0.237059861 -0.300008208 -0.301658392 -0.290617853 -0.09761554 0.107285976 -0.178724945 0.390949994 0.283296049 -0.0467184335 0.306408793 0.00644554012 0.119583875 -0.358130932 -0.0116164656 -0.290547132 -0.175005719 -0.106761843 -0.126237661 -0.221851766 -0.0784723237 -0.238514304 0.252444893 -0.0429449268 -0.184298709 0.00457884464 0.277949989 -0.0342271179 0.0795778781 -0.118218966 0.27375707 -0.341364205 -0.00763400458 0.00736774039 0.0292292312 -0.275592238 -0.119640671 0.358432859 -0.221307144 0.35088852 0.0951654539 -0.0621433556 -0.337795228 -0.171971023 0.045855023 -0.223548427 -0.0390653014 -0.446141332 0.0637150407 -0.145708531 -0.0706202835 -0.0345906317 -0.134855479 0.152764067 0.266114265 -0.0224762149 -0.464931399 0.140333101 -0.259471804 0.114632972 -0.294574708 0.033069741 -0.213533461 -0.0737392828 -0.066765666 -0.0706851631 0.0495040454 0.0691452175 -0.0730382055 0.299709171 -0.0345934257 -0.0717377886 0.110496826 -0.0785792395 -0.113245577 -0.247015223 0.19287914 -0.12280634 0.00494780624 -0.232901752 0.012718034 0.207407579 0.0997591689 -0.0561839975 -0.0790302977 -0.0722862706 -0.0784931257 -0.0623535216 -0.0570153482 0.0483395681 0.243643373 0.198658124 0.0720888823 0.17496708 0.0362336002 -0.0151940109 -0.0126836216 -0.268709689 0.101780012 0.119116992 0.0838960856 0.186189145 -0.25540477 -0.150234997 -0.114745192 0.0277875382 -0.0524807796 -0.168332279 0.261249781 -0.0392463952 0.247429654 -0.0755608827 0.389382124 -0.197619379 -0.0462469533 0.238888144 0.0133411977 0.0966887176 0.198685169 0.0338154659 0.236942917 0.18698138 0.0459843129 -0.0357922129 -0.0967680737 -0.172948673 0.128698766 0.296370417 -0.171651796 -0.161232233 0.00391633622 -0.326768041 -0.169145674 0.218098402 -0.241303816 0.116882898 0.284241855 0.0714323744 0.239782244 0.106889404 0.11106728 -0.360070646 0.151006594 -0.13904278 -0.118914478 -0.0463119447 -0.158333093 -0.0633478016 -0.163464278 -0.0721812993 0.0808346272 0.0333008133 -0.101009868 0.154490143 0.271048844 0.0712668896 0.0949326903 0.127986372 0.237169489 -0.214790821 0.0555400439 -0.193857312 -0.029509332 -0.242887035 -0.0727408379 0.199914232 0.0219767839 0.142289117 -0.0621412583 0.0785916075 -0.188762352 -0.0970864221 0.284033507 -0.285064995 -0.0429258831 -0.149320975 0.108710058 -0.00690815179 -0.315476596 0.0327239707 -0.0548887067 0.129382715 0.229952723 0.185948417 -0.129313856 0.0863767266 -0.224851921 -0.0486526787 -0.125051305 0.21704495 0.0413324982 -0.30514434 0.276647538 0.293590158 0.154910788 0.390286326 0.11710187 -0.131117523 0.119484514 -0.262805194 -0.0409359187 0.0846203193 -0.362416029 -0.0660038739 -0.0476827621 0.350131422 -0.0411265679 0.158298731 0.103501193 0.103895761 0.0642511621 0.319411844 -0.00581083214 0.333543479 -0.154303998 -0.0440733843 0.185305521 0.0658796653 -0.263680458 -0.10640993 -0.147032693 -0.0556150004 -0.27786696 0.260012656 -0.168372512 0.0526754782 -0.234949589 0.180039018 0.00822025444 -0.15615347 -0.0322299749 -0.238983005 0.0269211922 0.219830081 0.198150083 0.117689908 -0.228175864 0.0851615965 0.0106290877 0.258817226 -0.133876577 0.314874828 0.250235826 -0.115876578 0.241086304 -0.215409383 -0.245540589 0.0308485068 0.262062073 -0.268489182 0.19255203 -0.0596107543 0.276110619 0.202868879 -0.538674116 -0.194979116 0.287326455 0.117768683 0.640954077 0.21599631 0.156007841 0.00274678925 0.3388744 -0.4055278 0.0984675214 -0.121667258 -0.551961005 -0.285154909 0.155903235 0.137766987 -0.318669438 0.28413254 0.0949785784 0.478359938 0.172310367 0.314969212 0.168739527 0.023942152 -0.509496093 -0.106738202 0.0405122563 0.152529061 -0.15749383 -0.0777459592 -0.0844385773 0.545465231 -0.23537457 0.122447304 -0.138481274 -0.275996149 -0.0844234973 0.211426184 0.151456445 -0.107359841 -0.280306578 -0.475656927 -0.24862735 -0.00150034821 0.0996792093 0.12732169 -0.0837476477 -0.165697962 0.279189318 0.311381787 0.0864948705 0.00426063174 0.066121079 -0.196852341 0.213134736 -0.265037566 -0.0737116486 -0.0604920313 0.291604668 -0.353916824 0.170621946 0.0145626143 0.293255508 0.23345986 -0.148937777 -0.468362749 0.454439491 0.278226435 0.448407084 0.223493204 0.171823397 -0.0450043716 0.250037611 -0.193474412 -0.218927011 0.0649849176 -0.355837166 -0.111467227 -0.0137249427 0.20484364 0.0278821122 0.154726073 0.00276448997 0.109751493 0.0158910565 0.250883341 0.253627747 0.0679604262 -0.361881971 -0.0386884399 0.084843792 -0.0309924167 -0.298934132 -0.0317031108 -0.198486641 0.159425959 -0.225634858 0.266458064 -0.0635092407 -0.0613504685 -0.148675188 0.10473571 0.190930501 -0.186502248 -0.0319668986 -0.16556865 -0.307211488 0.0609368011 0.230029061 0.0966741368 -0.190045983 0.194891885 0.116166107 0.325464606 -0.088012673 0.289579511 0.0938409939 -0.0864451751 0.16102992 -0.174483687 -0.10681618 -0.152748972 0.472939104 -0.18196325 0.0158150662 0.131298035 0.482469916 0.181825057 0.129885465 -0.307011187 0.233559668 0.276635796 0.0850020796 0.411206126 0.105985448 -0.275934875 0.256797194 -0.283594698 -0.196319252 -0.0551341847 -0.319392711 0.032711491 -0.137506112 0.305275053 0.0292572454 0.254917175 0.033108104 0.10541895 0.0966913477 0.18058823 -0.0249741599 0.434351027 -0.176281691 -0.144481957 0.150765643 -0.0154938437 -0.315591067 0.0612003691 -0.25565967 -0.105785631 -0.290873259 0.326556146 -0.196826398 -0.037576519 -0.219589144 0.308597237 0.0719379708 -0.181757957 0.246249869 -0.275406748 -0.0828333795 -0.00609862711 0.29397136 0.255327106 -0.260120571 0.259708375 -0.00458952039 0.351345628 -0.0327146947 0.196819708 0.241946101 0.106961183 0.0727108717 -0.183671117 -0.270034671 0.0146515844 0.301381588 -0.168497786 0.19786635 -0.192618445 0.370712042 -0.242597461 -0.0676096976 0.193274304 -0.165644243 -0.389994115 0.0606347881 -0.164730489 -0.10186366 0.299756646 -0.0625136644 0.0919484571 0.170308158 -0.148883224 -0.0353089683 -0.129979998 0.215397343 -0.136580765 -0.00229171896 -0.171747774 -0.125374734 -0.176565021 -0.0303088259 -0.273175865 -0.102610968 -0.454599977 -0.0353318229 0.158528805 -0.204860583 0.0864268467 0.210046306 0.044799652 0.166959807 0.268916875 0.174994111 -0.146993011 -0.025614569 -0.0417219214 0.145784318 -0.326227248 -0.0675135478 0.273370773 -0.179387182 0.0863616914 -0.0379207842 0.100318991 -0.201988578 -0.279803514 0.36418274 -0.181936726 0.0216495525 0.0241879262 0.236095697 -0.212378785 -0.124525756 -0.0367714912 -0.0378222838 0.161148429 0.229249924 -0.0677429438 -0.269790977 0.353492618 -0.242870897 0.196837038 -0.0545058995 -0.251695812 -0.113018982 0.490022033 -0.372807056 -0.244725212 -0.171310753 -0.284887731 -0.0936708003 0.1778045 -0.115533523 0.197356239 0.0914375633 0.0593583994 0.312257349 0.0393630303 0.0611186884 -0.447069556 0.0643957108 -0.317185223 0.0507438965 -0.182213753 -0.0604795069 -0.254778773 -0.141111895 -0.306993097 0.153973907 0.00932794809 -0.175490096 -0.0477222838 0.516808927 0.143611073 0.258921415 0.0264451131 0.303681761 -0.410921156 0.0885552764 0.0206020847 0.216761962 -0.32651937 -0.053337656 0.121112891 -0.0571069606 0.136907205 0.0710659549 -0.0157494675 -0.171293631 -0.31016475 0.307668805 -0.417833835 0.100451939 -0.429754972 0.161692694 -0.250676811 -0.243886158 0.0974829346 -0.109388627 0.210678339 0.268386513 0.220174253 -0.413952321 0.360896736 -0.265319288 0.00718716579 -0.391087055 -0.227156699 -0.0204539541 0.293879092 -0.0495093204 -0.222482041 0.036694847 -0.334958225 -0.187152326 0.240724534 -0.035879489 0.272924691 0.144414216 0.0663584024 0.246479258 0.0207442809 0.134728789 -0.261888862 0.115197584 -0.112187847 -0.209480062 -0.212951988 -0.181893706 -0.183815435 0.120148242 -0.224561319 0.198078871 0.124212116 -0.356316656 0.0617829338 0.0617257506 0.0116188806 0.109959528 0.0707776397 0.179749072 -0.0990650654 0.198176131 0.102245994 0.0898346379 -0.294711322 -0.0997527391 0.119143568 -0.0717839599 0.142684013 0.145347521 0.119653188 -0.399609417 -0.290902227 0.225119665 -0.239136726 0.147727519 -0.191943809 0.0955410898 0.13721326 -0.361785859 0.11533305 -0.329008758 0.102957994 0.133688182 0.107173949 -0.350511372 0.214125544 -0.36155054 0.0496260747 -0.237677455 0.270154715 -0.284087867 -0.40155372 0.312379181 0.490851074 0.0436568707 0.422396898 0.0473246276 -0.139937297 0.326342821 -0.397511035 -0.197417378 0.0348483473 -0.312948823 -0.0133688468 -0.193763614 0.210414395 -0.28554678 0.108750232 0.128284544 0.321314514 -0.0894296765 0.104366943 0.0295652542 0.343475223 -0.222449243 -0.0872534662 0.13135384 -0.0545152836 -0.205980703 0.106375754 0.0991907865 -0.0521910377 -0.366045475 0.200440481 -0.131913409 -0.242556393 0.00249066716 0.448224694 0.0769932866 -0.164329067 0.149001509 -0.349725783 -0.0152585888 0.0285973437 0.150727481 0.281475991 -0.0507167764 0.158976197 -0.0551048405 0.246334702 -0.0626780167 -0.0252089556 0.1761733 -0.129510894 0.29679662 -0.117214844 -0.286329985 -0.0307609402 0.26492998 -0.178016841 0.281196028 -0.0461498499 0.297748774 -0.00105401035 -0.147239074 0.173623025 -0.331358075 -0.319516122 0.0509177372 -0.243036538 -0.0392382517 0.284906477 -0.139638543 0.0471279547 0.329250306 -0.0492359847 0.197648823 -0.203001574 0.157680392 -0.179807395 -0.0115054473 -0.290535241 -0.208988622 -0.169249862 -0.0346603319 -0.118205458 -0.233291432 -0.338858575 0.0929234624 0.0117136519 -0.195271894 -0.0326328203 0.227999136 0.180287451 0.152749076 0.209975898 0.383933902 -0.101623997 -0.0714965984 -0.138605237 0.0492174663 -0.249304429 -0.0485688858 0.17449306 -0.169730455 -0.0409922153 0.0337736011 -0.0479154289 -0.237399906 -0.285500288 0.111223847 -0.353194326 0.295868754 0.00935671665 0.377359301 -0.185204372 0.00196906691 0.13935864 -0.285702437 0.366688609 0.370881826 0.22074236 -0.0587307476 0.307463974 -0.12953274 0.209053516 -0.158450797 -0.210308179 -0.168591619 0.257510066 0.069646813 -0.376902014 0.43294847 -0.323568404 -0.104473263 0.129290372 -0.0493565649 0.225957856 0.0348343886 -0.147966966 -0.0421343632 -0.152528688 0.262721151 -0.157101452 0.071879603 -0.178848609 -0.0192711819 -0.117239259 -0.0862437785 -0.119681574 0.0874170437 -0.44335705 0.018821625 0.0296066385 -0.46128571 0.147509575 0.127441823 -0.0144279208 0.081786193 0.306791782 0.331495583 -0.255575627 0.0170535706 -0.055561088 0.0701357722 -0.287831366 0.0727686957 0.150972962 -0.233412266 0.00801047496 -0.162021935 0.282292157 -0.314537436 -0.165530831 0.338569283 -0.413734704 0.302458882 -0.1511112 0.107754268 0.0573701039 -0.259734333 -0.0493965559 -0.0743213892 -0.0677463189 0.3414056 0.0892310739 -0.17741777 0.118246116 -0.347256213 0.157724306 -0.211696684 0.269226581 -0.15049535 -0.0651829541 0.168924779 0.122002736 0.222318679 0.342749387 0.0130792446 0.0419578664 0.199211076 -0.252484649 -0.0821785182 0.091796875 -0.104098663 0.0360267721 -0.0412169136 0.0276050922 -0.0879164487 0.016724918 -0.0144450143 0.160604745 0.224248648 -0.00494743278 0.0367042124 0.0207869783 -0.141256407 -0.147809476 0.252367854 -0.017304616 -0.00597642548 0.0493964255 -0.0982568637 0.0308276676 -0.0959698632 -0.0332433954 -0.129705995 -0.0357189551 -0.000411904417 0.151769206 0.144558117 -0.193893552 0.0519880652 -0.136726692 -0.0397135019 -0.106047824 0.17520386 0.128786892 0.052437555 0.036165636 0.13678275 -0.0781197026 -0.0470479317 -0.234527156 0.0391815379 0.129135951 0.0638644546 -0.0437528193 -0.0590757541 -0.00256892224 0.270336717 -0.10983216 0.169017538 -0.0242870506 0.143297628 0.402816921 -0.101810083 -0.390747249 0.252518594 0.308996052 -0.00684827939 0.29402402 0.22597234 -0.212191775 0.204374924 -0.461041093 -0.191178203 -0.183252245 -0.187623575 -0.129293516 -0.0798125863 0.186213732 -0.097559616 0.255406708 0.0614293814 0.360551476 0.155132264 0.140529126 0.0470478088 0.264542371 -0.354373276 -0.185531333 0.314289451 -0.189030632 -0.250079572 -0.200528309 -0.217634037 -0.00935873576 -0.191956356 0.214042023 -0.241979733 -0.0342276543 -0.22453396 0.269913644 0.0778751746 -0.12020383 0.124052241 -0.373169959 -0.0147900339 -0.0847795978 0.344665229 0.243639439 -0.383451521 0.318199843 0.0969681889 0.228255257 0.017216146 0.164157122 0.380723178 -0.0867158249 0.318299323 -0.216718093 -0.288626134 -0.0384941921 0.210394755 -0.104246855 0.409725428 -0.188553184 0.353394151 -0.199365258 0.0690072626 0.0769365281 -0.159522608 -0.245130539 0.0473287255 -0.29960376 0.0122496737 0.0972293839 -0.162927523 0.234205395 0.335602105 -0.144168004 0.213321358 -0.160089612 0.0986889824 -0.176641986 0.00191757863 0.0104355821 0.0910513774 -0.024139896 -0.066081889 -0.171870857 -0.0876321793 -0.174611494 -0.00843557715 0.00315663801 -0.161458686 0.179310799 0.172287628 -0.0645930767 -0.0181121994 -0.0346456543 0.178288072 -0.0763585865 -0.0188338049 -0.203149334 0.0915729553 -0.171245277 -0.029401198 0.273473591 -0.096054934 0.0599596687 0.192278445 0.00110094657 -0.268007159 -0.151160046 0.13783215 -0.20115079 0.0267729294 -0.141841918 0.176822454 0.184351116 -0.1481148 -0.0903283358 -0.0614811555 0.0735595673 0.276217729 -0.0633657947 -0.101123169 -0.0619800314 -0.0861552581 0.0215245206 -0.296753943 0.368173599 -0.246969432 -0.353473067 0.267512977 0.326831639 0.299011797 0.294209838 0.163921013 -0.184090719 0.406089157 -0.432475358 -0.210573524 0.00337875122 -0.455872089 -0.149626389 0.063794516 0.140140504 -0.135075808 0.222994044 -0.00221147062 0.208036795 -0.0367886387 0.305001795 0.223284185 0.375674933 -0.368976802 -0.0476261079 0.00719982293 0.0817681774 -0.381569117 -0.019198982 -0.165677667 0.0246555638 -0.422657102 0.187142387 -0.125374287 -0.091240637 0.00231116312 0.31189996 0.199744642 -0.251600057 0.134857625 -0.302258879 -0.256779462 0.107711986 0.28989321 0.315303087 -0.209533826 0.164545879 -0.0271799006 0.379357338 -0.0154409586 0.176095754 0.135798156 0.0640460551 0.120010227 -0.253582597 -0.170203656 -0.00298018288 0.501795828 -0.23628661 0.16491197 -0.0058425325 0.412087917 0.0665870458 0.198257044 -0.242744386 0.436642081 0.1715267 0.122895323 0.219817951 0.127107099 -0.366604596 0.129664049 -0.0368748643 -0.134778336 0.177966967 -0.3010315 0.202985838 -0.0355655067 0.128325015 0.142395079 0.344525754 0.230155364 0.238418758 0.132180557 0.265081733 0.043175742 0.315535218 -0.0265101399 0.0965517238 0.0972267091 0.0761994123 -0.2874704 -0.0835410133 -0.13241826 0.00980841182 -0.130761907 0.0985383689 -0.167767525 -0.0375109576 -0.124246404 0.0769018531 -0.0692620873 -0.259268045 0.24150157 0.0540466979 -0.00530985789 0.0839160681 0.0622459091 0.368191212 -0.126084954 0.230061576 -0.177869573 0.100447334 -0.249794826 0.132776305 0.242851704 -0.237233877 0.243815288 -0.199955687 -0.184194446 -0.120963372 0.0594486371 -0.382737756 0.0612258837 -0.146222398 0.198929265
tensor gate_encoder.0.bias 1 32
-0.178667411 0.121164612 0.0871885046 0.196362138 -0.0126437014 -0.0386483781 -0.209037915 0.105199181 0.197594568 -0.0646883771 0.0558665581 -0.0207418203 -0.155739471 0.0400449336 -0.1145408 -0.0363513641 -0.0063317623 0.206519723 0.0909487307 0.240484342 0.150787458 -0.0287360195 -0.0615531802 -0.225804523 0.144032046 0.0666821748 -0.102679119 0.148062661 0.120806322 -0.155969217 0.0583525673 0.00839673169
tensor objective_value_embedding.weight 2 32
0.151463643 0.543911815 0.241326466 0.859666049 -1.45384514 0.074002862 -1.94578981 0.438673526 0.798103809 1.68119788 -0.088423267 0.0429105498 0.478074819 0.577461183 -0.143930465 0.969051063 -1.56553972 -0.854535818 1.4263097 -0.461985499 -0.0756726712 0.423270881 0.249894008 -1.36382711 0.235265523 0.528143346 -0.415329397 1.44203997 1.2923609 -0.789650142 0.46547246 -0.931103468 0.539199471 -1.0452472 0.00331545295 -0.329138815 0.716075361 -0.426211715 -0.237863049 0.0879796743 -0.722646654 0.853219807 0.534730434 1.55563259 0.294679344 0.304254949 -0.458686888 -0.6020329 -1.06023896 -0.470944107 1.23922467 0.408219039 -0.00865235366 1.05815125 -0.83117336 0.720869839 -1.37329209 -0.421868056 0.575230241 0.0895307735 -1.81483698 -0.354077071 0.180737302 0.107170455
tensor backtrace_actor.0.weight 32 32
0.0358479209 -0.148179039 -0.414366871 0.00920106098 0.191551536 0.10974896 0.109595783 -0.194223583 0.16538997 -0.0139753558 -0.288697302 -0.033845827 0.256230891 -0.0851386264 0.265506476 0.0111674462 -0.0154833822 -0.252983242 -0.17589137 -0.23265551 -0.242798045 0.0306503903 0.131022796 0.131543159 -0.21467796 0.00124073436 0.0663159639 -0.0846037418 -0.000937694102 0.342361718 -0.286176622 -0.0725608021 -0.209784001 -0.0724097639 -0.259897619 -0.00516952761 -0.0448438823 -0.0267600734 0.320292115 -0.312858075 -0.0909328386 -0.17000322 -0.0233945902 -0.17067197 -0.0163104795 -0.0643683299 -0.0220795684 0.0951174423 0.165843919 0.160798937 -0.32044524 0.0900831968 -0.0712185726 -0.123905919 0.157715708 0.0810464844 0.119640186 0.184546247 0.0404146053 -0.242502466 -0.0461651981 0.0918734074 -0.131323323 0.103906713 0.150691733 -0.0332091376 0.19535248 0.0501206107 0.0706005543 -0.258678347 -0.174526885 -0.00535259396 0.103990287 -0.0977727175 0.161784992 0.0871427432 -0.0670281798 -0.0905503109 -0.23052454 0.0714055896 -0.170439601 -0.0252644811 0.188005984 0.25434652 0.147109538 0.247510999 0.00928264763 -0.0751592889 0.123239271 -0.223401725 -0.0916490853 0.00764427567 0.0197510291 -0.34055391 0.150600508 0.040911179 -0.135507882 -0.072349526 -0.138914153 -0.0321293771 -0.0378698967 -0.0696643889 0.257949471 -0.254134685 -0.0240031481 -0.184102178 -0.0339953415 -0.126607671 -0.125937417 -0.0976102203 0.257377058 0.120014958 0.289463371 -0.0155411046 -0.22819382 -0.077342242 -0.261310726 -0.171258166 0.0208089333 0.0416789688 0.00458416529 0.0245747566 -0.00275689387 -0.256441951 -0.0581193715 0.0637118965 -0.339772075 -0.183041722 0.0592229925 0.00647846051 -0.199923337 -0.265581071 0.242446154 0.0872837529 0.243134439 -0.314714432 0.0267503485 0.0168256443 -0.153997585 -0.0905269757 0.137138471 0.150602102 0.152646139 -0.155121088 0.264357209 0.0645405501 -0.184862897 -0.0557376221 -0.161251709 -0.00522222929 0.103881501 0.235624239 -0.141629502 0.17645587 0.191038385 -0.277113467 0.00133603811 0.208541408 -0.117936969 -0.264539242 -0.0151296854 -0.105805933 0.416179985 0.107684776 0.0736496747 -0.0960807577 -0.126407623 0.0156816076 -0.233702183 0.112536252 0.323174119 0.211128712 -0.223049939 -0.0185628422 -0.118152983 0.0770716593 -0.193618372 0.0974949598 0.330368161 0.308903039 0.283732206 0.0365457274 -0.0208532233 -0.147287846 0.00448020408 -0.192261487 0.198165238 0.170137629 -0.150256783 -0.256038487 0.448726594 -0.114758074 -0.134608597 0.0412409939 0.184568316 0.282872081 -0.112647429 0.112760141 -0.225576654 0.0198280457 -0.00122111884 0.207714424 0.0603132658 0.0193786118 -0.0773975104 0.212761492 -0.119912006 0.0643746182 -0.0521239415 -0.043310944 0.285687059 0.217465028 0.197675586 0.050131321 -0.246899009 -0.216274038 -0.148335859 0.0599627085 0.0692653954 0.0955607295 -0.0783483386 -0.0540106334 0.301205516 0.219577551 -0.052539777 -0.0930653736 0.139237642 -0.0379059687 0.0755271837 -0.0708157718 -0.0268783774 0.0728494227 -0.111081161 0.16671291 0.131215543 0.194839284 0.0636855215 0.155027643 -0.313740611 -0.0611688383 -0.325989485 -0.0973421186 0.350826114 0.122157268 0.19979623 0.00925385952 -0.127184734 0.0999443531 0.14741309 -0.190760836 0.0763825402 0.173197687 0.134070441 -0.310907751 0.34070465 0.200995356 -0.110897258 0.0402839631 -0.124771744 -0.165291235 -0.0244670305 0.229575172 0.285926223 -0.204402462 0.09471073 -0.133966461 -0.340854436 0.0899563655 0.0802868754 -0.076888077 0.354133487 -0.00427096849 0.355051011 -0.105359003 -0.071063444 -0.178309858 -0.210078791 -0.0647723749 0.151073784 0.0156642813 0.171515882 0.304499388 -0.0320590101 -0.306286693 -0.0572241507 0.440384388 -0.432563126 -0.0249706469 -0.163678691 0.0605213344 -0.07786268 -0.200884655 -0.133869171 -0.0660298243 0.192547068 -0.271734238 0.169848919 -0.0192800667 -0.265837848 -0.0721771941 0.109936096 -0.16019389 0.348652452 -0.0547930896 0.174122244 -0.105587453 -0.00884445198 -0.17780064 -0.0966664031 -0.129952088 0.0698937103 -0.041820664 0.0870551765 -0.0700480565 -0.00677784393 -0.253306091 -0.155449197 0.0772645622 -0.334598243 -0.192296609 -0.152959839 -0.00937793311 0.121001221 0.280243874 -0.0181221403 -0.0839659423 -0.246197924 0.0422032103 0.045693554 0.165775523 -0.0541471168 0.20314008 -0.216841221 0.212888762 -0.0827770382 -0.0229952689 -0.201191619 0.0166152064 0.37199676 0.20759742 0.123856239 0.0227390938 -0.0382382907 0.0255414974 -0.0675837621 -0.097364217 0.142257541 0.247163981 0.0257832166 -0.0981261656 0.290548503 0.152605399 0.0714454874 -0.110435456 0.401717275 0.11046391 -0.0762853175 -0.199259549 -0.339265585 0.191900209 -0.249498993 -0.0400012508 0.33111003 0.0674124062 0.0277275648 0.175581157 -0.388543397 -0.0805689096 -0.346998394 -0.0647683963 0.150770307 0.362548262 0.122423813 0.228455573 -0.0769131184 -0.126317114 0.0961431414 -0.027574677 0.160691604 0.0960165411 0.0970639288 -0.384979844 0.165415287 -0.000858948624 0.203400582 -0.175064355 -0.465100259 -0.194849685 0.212096587 0.327376872 0.046555046 -0.250167429 -0.143785238 0.0186767429 -0.270960987 0.135544375 0.184386715 0.166186571 0.214231297 0.00321432343 0.148553044 -0.226468772 -0.0849108174 0.0520508066 -0.123884141 0.0889844671 0.217009559 0.200783134 -0.14107278 -0.0244803485 0.112540714 0.0716358498 -0.160599783 0.273610085 -0.39877668 -0.153838724 -0.108526126 0.0896010697 -0.363664776 -0.0345189534 -0.0185724515 -0.0746314451 0.311795413 -0.146037191 -0.053406015 0.0173924658 0.0226541813 -0.0820144042 0.216403171 0.0176344533 0.286962241 -0.0374628156 0.262734324 0.105314575 -0.257352084 -0.169719115 -0.13327232 0.0205433685 0.0841427445 -0.0353959911 0.00409991713 -0.0334174447 -0.115540877 -0.296287715 -0.0115890009 0.0575423241 -0.325817555 -0.0210512485 0.103446931 0.202735975 -0.292874753 -0.0793314949 -0.0285514891 0.169576645 0.054358121 0.199545324 0.252300084 0.309048474 0.0354538299 0.182910979 0.201334745 0.244592741 0.151823655 0.192092299 -0.0832652003 -0.265259296 0.1633735 -0.0892570987 -0.254135609 0.193643332 0.127730519 -0.241443753 0.0885970145 0.25147444 -0.071850203 0.2156661 0.0523900837 -0.0370773636 -0.287520796 -0.393353492 -0.0291137602 0.0740837976 -0.410305321 -0.272147566 0.149402052 -0.0564693809 0.259014994 -0.222596869 0.104853608 0.0803998113 -0.19474481 -0.00856757537 0.248185143 0.20473282 0.348353058 0.0574284531 0.0870824903 -0.0803098902 -0.0354519263 -0.0625870302 -0.269804716 -0.055157043 -0.0529431142 0.0092136329 -0.168042168 0.255423278 0.000982626574 -0.106719896 -0.104316033 0.229407877 -0.428999066 0.0770764723 -0.0944554657 0.208001286 -0.187727123 -0.281129599 0.179487452 0.391822547 0.248834223 -0.428696841 0.0130247613 -0.0634443387 -0.215389132 -0.00410399493 0.185411245 -0.106526829 0.301805019 0.244813874 0.393024087 -0.10186217 -0.109883696 -0.360531479 -0.249203131 0.0158465598 0.120208137 0.202005506 0.0810769126 0.103807218 0.0123105617 -0.322374821 -0.146027088 0.503315151 -0.173788428 -0.202150345 -0.206397146 0.212645337 0.436156064 0.338262707 -0.22145687 -0.155934438 -0.0199147314 0.179095671 -0.213548809 0.145264998 0.179265097 -0.178810805 -0.192258239 -0.247695491 -0.329087913 0.0795164704 0.0344859697 0.0944575965 0.0104801161 0.25425747 0.370864302 -0.0213414542 -0.356505781 -0.182239398 0.0337632969 -0.0541947447 -0.30108729 -0.0783713907 0.246775955 -0.027324684 0.32406804 0.155205905 -0.269614577 0.0383047909 0.146373838 0.0883913264 -0.103738822 -0.00138159038 -0.0362891518 0.122437716 -0.0203812886 0.0212895945 0.236339018 0.00250590243 -0.329827636 0.0696147233 -0.346939623 0.0205068905 -0.101458535 -0.137092635 0.0528532751 0.0219948106 0.367766023 0.109181993 -0.22179015 -0.00226254063 0.199208289 -0.131211802 -0.168114483 0.270634919 -0.0959639326 -0.392907917 0.215754583 0.113789007 -0.0906257182 0.162727043 -0.269997627 -0.140235022 0.0860956907 0.118191175 -0.00608214503 -0.265032589 0.0430288911 -0.116282374 -0.181697071 -0.0815704018 -0.0916592851 0.040737588 -0.0856455863 0.00619879318 0.269056141 0.101893023 -0.153573871 -0.0153894322 -0.208750859 0.10035032 0.0237057507 -0.0127883293 0.170153007 -0.0626913905 0.0311695356 -0.294241458 -0.0990191102 0.417104632 -0.158860952 0.0785322189 -0.126673266 0.0833786204 0.295798212 0.100182004 -0.21758236 -0.227641329 -0.229300886 0.4067626 0.204415053 0.0683567747 0.224034339 -0.0619990677 -0.0504077002 0.0448285118 -0.0723418072 -0.154480502 -0.161375836 -0.0381371863 0.170918688 0.145390123 0.22083281 -0.0100150937 -0.216783509 -0.214317039 -0.0782670453 -0.0663322359 -0.0258975234 0.309659094 0.214324236 -0.038337905 0.25772506 0.190766066 -0.0438139737 0.135418862 -0.170960531 -0.161951408 -0.00709866127 0.0394736826 0.250253618 -0.223610625 -0.0327135734 -0.174200505 -0.214232817 -0.152244717 0.113575168 0.116642721 0.209633037 0.0562657341 0.0855487958 -0.0319377519 -0.334569871 -0.0983086973 -0.0797344372 -0.195244297 0.181952506 0.156349167 -0.0402624793 0.286284506 0.0898475796 -0.223460674 -0.1076537 0.238617137 -0.10092216 -0.00620868756 0.0626717955 0.0963825136 -0.359438181 -0.223359868 -0.0932702944 0.28086713 0.218942434 -0.0299476404 0.0479048863 -0.173877284 -0.279967427 -0.201264068 0.135226294 0.00656885421 0.0756225213 0.104211561 0.189320609 0.26091671 -0.133593947 -0.110046729 -0.244239494 -0.0158158336 0.00855423417 -0.0672214776 0.156795248 0.131206885 0.0330730565 -0.269926935 -0.0600098968 0.350337625 -0.327387273 -0.0259424131 0.0120073408 -0.0592145771 0.293660015 0.349220812 0.0372333974 -0.175131768 -0.323632866 -0.0530022457 0.183730602 0.225064948 0.201389953 0.0817186683 -0.192890212 -0.0398935601 -0.124129556 0.0232412033 -0.0453124233 0.0948493332 0.310754895 0.287998945 0.195614442 0.0966278166 -0.283459604 -0.190669268 -0.144909695 0.0366609581 -0.131038696 0.236380324 0.0228455421 -0.467004418 0.332769632 0.198311761 0.119551949 -0.149633005 -0.414761394 -0.258616 -0.0314965434 0.288737983 0.229286954 -0.279154718 -0.121324234 -0.0749853849 -0.100208834 0.106631838 0.384855658 -0.0679463148 0.250295818 -0.0220794398 0.139901042 -0.133190766 -0.0805878192 -0.120786421 -0.395513862 0.0720815137 0.0786929876 -0.0449848212 -0.0272557009 0.299520463 -0.00137394539 -0.0205474515 -0.145132452 0.228105575 -0.356781691 -0.121187225 -0.155314252 0.19118607 -0.102674238 -0.0261756089 -0.0755106434 0.056866318 -0.123260319 0.0921159163 0.242903039 0.235450417 -0.0871517584 -0.0731808022 0.297377646 0.14557232 -0.091339767 -0.0676020086 -0.155431554 -0.132162541 -0.154385716 -0.146610528 0.0569691174 0.149506167 0.0720009208 0.0837335289 -0.0314711481 0.168812022 0.0580024645 0.0743103251 0.140786961 -0.249486342 0.0260409657 -0.144304365 -0.287140608 0.273299307 0.433308333 0.242935672 -0.219073161 -0.307904691 -0.273120612 0.26678139 0.0753900781 -0.189249441 0.192448825 -0.221548423 -0.162134767 -0.112241283 -0.295081764 -0.10048981 -0.033703275 0.167896077 0.0652474836 0.13718392 0.259761542 -0.174577743 -0.20335041 -0.139379561 0.168879509 -0.0430327505 -0.371954471 0.0495561138 0.198103905 -0.00359143899 0.394407421 -0.0447025038 -0.0706354827 0.0286801942 0.161191165 0.0669907928 -0.0564548224 -0.113772839 0.168112248 -0.0951918811 -0.291096747 -0.339633793 0.127351627 0.0967669562 -0.0732778832 -0.221360773 -0.126524419 -0.149038464 -0.0348663405 0.309598058 -0.208283842 0.129424632 0.332968295 0.0574839041 -0.148181245 0.208528563 0.170376465 -0.347957224 0.133361831 -0.024819972 -0.0979704708 0.201316282 0.235557869 0.292878777 0.0141825471 -0.128370404 0.244759023 -0.0935179815 0.1249431 0.0935909078 0.229052797 0.0185242686 -0.123378448 -0.244165599 0.281073064 -0.179313987 -0.23285611 -0.159546345 -0.149847612 -0.209164143 0.0496521927 0.0485213585 -0.116186924 0.00207733316 0.301367819 -0.15721567 -0.199716479 0.09241274 0.111587025 -0.366203368 -0.0428730175 -0.148405284 -0.19269152 -0.0338482708 0.163510576 0.225404948 -0.0546889752 -0.164779156 0.0750803277 0.200388655 0.0087582469 -0.0608754158 0.172227249 -0.0859312564 -0.118784696 -0.311727017 0.0585491806 0.0655485839 -0.247596323 -0.0195897538 -0.184915632 -0.247400716 0.142508134 0.282507569 0.0313921273 0.252433717 0.178233653 -0.0856875703 0.0136422403 0.0287372358 0.0125189228 -0.241207972 0.0453792997 -0.241844833 -0.101048753 0.0801927224 -0.0111529995 0.280223995 -0.0760028884 -0.0331826508 -0.247508004 -0.13726522 0.12936689 -0.0944555327 0.383460313 -0.0835890248 0.0140863322 -0.268377483 -0.125551939 0.101712279 0.141698033 0.0851573125 0.311717242 -0.0899710283 0.13959752 0.0474646464 -0.159862369 -0.241418228 -0.106500097 -0.25101909 0.253558308 -0.0878853947 -0.0642368644 -0.0741222501 -0.0582709685 -0.027176315 0.0900738984 0.184974253 -0.187760264 0.0860480592 -0.00778461853 -0.0149822226 -0.0927708894 0.0353674516 0.0648535565 0.145121753 0.0677000284 -0.191748604 -0.0455575809 -0.252238214 0.177854106 -0.147819057 0.00663261954 -0.155523628 -0.161132246 -0.199245647 0.14371708 -0.0196278337 -0.0880539566 0.260146141 -0.137961715 -0.0132842455 -0.0485529043 0.251425356 -0.0532016084 -0.284470946 -0.04872749 -0.0248744059 -0.169026762 0.358466446 0.0790153593 0.258245677
tensor backtrace_actor.0.bias 1 32
-0.11827372 -0.029552063 0.146508679 -0.275514543 -0.0573024377 0.220181778 0.0405862145 0.301846117 -0.253764629 -0.28842622 0.0909402743 0.124985255 0.0252608713 -0.036785081 0.0718331859 0.0442448184 -0.31650874 0.197736651 0.103192069 0.0378897898 -0.101613909 -0.312447041 -0.269886404 0.211829528 0.0322541669 0.222170874 -0.00808792189 -0.192585483 0.0825139284 -0.175034136 -0.031555675 0.0497479104
tensor backtrace_actor.2.weight 2 32
0.0175897945 -0.2193515 -0.0384226851 -0.296758115 0.0202104412 0.225953355 0.267399132 0.149416193 -0.0874508694 -0.0635852963 0.105065301 0.169160217 -0.153532699 0.00356945954 0.0676906854 -0.201214835 0.0277244672 0.147904217 0.126592353 -0.226972073 -0.0324288979 -0.0128729437 -0.141129687 0.215086877 0.0149483038 -0.103220411 0.11370419 -0.103626832 -0.188322991 -0.197156653 -0.191382915 -0.0520094335 0.253921539 0.263852149 -0.247647479 0.260597736 0.00356704113 -0.0653645769 -0.151299521 -0.142045155 0.0587773658 0.156200066 -0.349081606 0.0189605895 0.148159459 0.271368593 -0.222397968 0.0995913669 0.163004667 -0.0728334561 -0.0992716327 0.0390472077 0.0572539382 0.161839947 0.0184421763 0.0474588871 0.226265103 -0.178451374 -0.173183754 0.0218084063 -0.0194800608 -0.100995734 0.171356261 0.0385943986
tensor backtrace_actor.2.bias 1 2
0.274312496 -0.22632058
end
