SMARTATPG_ACTOR_V2
embedding_dim 64
hidden_dim 32
tensor gate_encoder.0.weight 32 64
-0.0891755 0.0451379679 0.22632058 -0.228238121 -0.275840908 -0.0952432528 -0.0985463187 -0.154682964 0.19768481 -0.206193551 0.20989342 0.0195491239 0.0204177387 0.150018662 -0.108317986 -0.0955021903 0.141592741 0.216822252 -0.183089167 0.0423706099 -0.189311862 -0.0101916892 -0.094739601 -0.066517584 -0.0849251747 0.0876762345 0.0358751938 -0.0812604353 -0.144757539 -0.00581652205 0.248485938 -0.0394110009 0.0198139884 0.16598174 -0.248110443 0.114908971 0.144485906 -0.0475046225 -0.215869978 0.00862545427 0.247824594 -0.0527299307 0.0271388143 0.10386651 0.0155040976 -0.173831433 -0.181922197 0.147024363 -0.152262062 0.093891874 -0.0292891581 0.18691808 -0.133120567 -0.045235537 0.0213299021 -0.167981565 0.111119822 0.192986146 0.202876538 -0.0596603453 0.0880363435 -0.0265416633 0.111090079 -0.0978117585 -0.043364495 -0.0572966784 -0.0518470258 -0.0282577183 0.127164364 0.0722684711 -0.0507940315 -0.0372490175 -0.16210857 0.0402223989 -0.0373991914 -0.029009508 -0.144681618 -0.0694601014 -0.0800512955 -0.030638298 0.0532443672 -0.0634110272 0.172342166 -0.103415146 0.180684596 0.0879805684 0.151387304 0.0148502169 -0.0912051946 -0.116175212 0.100023188 -0.115873821 0.122887075 -0.12769869 -0.147147164 0.0546891652 0.0788754448 0.000165705773 0.0976047143 -0.191878527 -0.0760034323 -0.0846153498 0.113888554 0.0805536062 0.043308571 -0.0347341187 -0.161804333 -0.0326710865 0.14334695 0.0776003525 0.147802606 0.0269864313 -0.0846435204 0.0407348201 0.0210897811 -0.0947172493 -0.00529409526 0.128130138 -0.0970545858 0.0501795225 -0.0635970533 0.0270422921 0.101642244 0.0658447891 -0.106090203 0.0471780077 0.0408148579 0.0228604227 0.00913658459 -0.0776242316 -0.28444463 0.0731128827 0.124250278 0.134844959 0.114338584 0.13409476 -0.284676492 0.225490093 -0.205109313 -0.076485537 0.0721663162 -0.262811959 0.0542250052 0.0843192488 -0.0546166115 -0.208415523 0.304786801 0.0559504814 0.172352731 0.204292327 0.217736408 0.053916391 0.163166925 -0.191317871 0.098815605 0.0418055989 0.216563314 -0.236225113 -0.199156359 -0.0204365533 0.0973566696 -0.174753413 0.075789988 -0.12163993 -0.117979497 0.111370802 0.175543472 0.0819009766 -0.181539372 0.201943949 -0.280330062 -0.284224093 -0.0675813109 0.147651225 0.179247394 0.0504762419 0.11409197 0.00634340057 0.198242202 -0.206860155 0.194520071 0.0372455977 -0.11079412 0.10977225 -0.209889412 -0.21452193 -0.0596159883 0.0837614909 -0.142008916 0.129465893 -0.0243787672 0.108243287 0.129277334 -0.0617545433 -0.134531304 0.0876273364 0.325604498 0.279906392 0.287930489 -0.0209545344 -0.161360294 0.25149262 -0.128871933 -0.113617793 0.0827449635 -0.246294275 0.181589767 0.0492826961 0.142649621 -0.149617568 0.188752457 0.0570192523 0.165597931 0.0483721681 0.229054451 0.137228072 0.272638798 -0.260909557 0.0463663526 -0.106470317 0.0607531741 -0.200635046 -0.16349563 -0.0495887063 0.22920537 -0.23569113 0.230278984 -0.149244294 -0.216111138 0.174355671 0.185241118 -0.0191618428 -0.308226526 0.289714962 -0.150221258 -0.222059369 -0.130665913 0.0968786478 0.151060492 -0.0927773789 0.169361502 0.0158089064 0.286346644 -0.312133908 0.213013858 0.0457568988 -0.233756393 0.11451292 -0.279576004 -0.267845035 -0.123972632 0.232660964 -0.230864421 0.290153205 0.15292941 0.16029942 -0.0725052804 0.1896725 0.131595492 -0.0765958652 -0.102447271 -0.157071576 -0.0469745919 -0.114058547 0.169968233 0.0187330358 0.12473689 -0.00683971867 0.0180777013 0.108509868 0.0724164546 -0.101759709 -0.0484726988 0.132868469 -0.180231452 -0.134400845 -0.123870693 -0.150952548 -0.240064293 0.00835362449 -0.257466853 0.0936344638 0.0341417082 -0.156965658 -0.138470218 0.10752552 0.22310394 0.0780810639 0.0304510538 0.218216553 -0.046047911 0.231701404 0.0667107478 -0.0466358252 -0.116339445 0.0657878369 0.0770868659 -0.0778731555 0.0893167406 0.234583333 -0.0469675399 -0.137855977 -0.164195076 0.129901692 -0.161570311 -0.105257504 -0.0866641402 0.107411921 -0.0635993406 -0.129149526 0.0999487191 -0.137871489 0.111833394 0.052787222 0.0628066435 -0.149934471 0.213177919 -0.182878911 0.139221504 0.00969848316 0.0478720702 -0.0760413185 0.144275591 0.0444795266 -0.0166772287 -0.0130590303 -0.0266967639 -0.00656480296 -0.0258904528 -0.00623027002 0.00550459092 0.195268661 -0.111467928 0.151542008 -0.133122012 0.0799317732 0.0733545274 0.170680687 -0.107652284 -0.146641329 -0.00773361279 -0.0533144698 -0.111668371 0.0393789671 -0.21327652 0.114437573 0.017570205 0.00472306972 0.0458511449 0.0285758693 0.112897642 -0.0173451491 -0.0407477878 0.191832513 -0.194824547 -0.0326330848 -0.0603781454 0.10485103 -0.108017027 -0.00869506504 0.0189931244 -0.0655191019 0.109422728 -0.0331293009 0.117891535 0.00993165746 -0.0793563426 0.00203244109 0.00121124031 0.0962595344 0.0376461223 0.136692792 0.0642307699 -0.0565831922 0.0310678594 -0.111629888 0.170744136 0.168997586 0.224994734 -0.0729153082 0.0617619939 -0.103239171 0.0669457465 -0.0941453427 -0.139094949 0.185834289 0.149138793 -0.114682451 -0.190628931 -0.230271578 -0.143181756 0.0651314035 0.290957928 -0.128923833 0.0859278366 0.20660013 0.0921678245 0.212585077 0.0588974804 -0.192446813 -0.174061522 0.190617099 -0.339073479 -0.136614785 -0.220356822 -0.0515255481 -0.259586513 -0.251375943 -0.080133222 0.223802567 -0.0865817145 -0.122036815 -0.0392961875 0.312140614 0.245403036 0.0201591384 -0.166790143 0.122404605 -0.230726287 0.081552282 0.240069598 -0.0782373846 -0.14494276 -0.03916784 0.255697489 -0.0676657706 0.197263762 0.259987891 0.0493726581 -0.212378338 -0.182782263 -0.047192011 -0.169190601 -0.0482252426 -0.157138959 0.260373652 -0.217536092 0.0241599567 0.24362123 -0.176453635 0.144375816 0.148565561 0.237926409 -0.0706133246 0.217667267 -0.0746956989 0.0991404802 -0.0318758674 -0.0120172622 -0.101251476 -0.149590492 0.0609435327 0.163498625 0.0817717835 0.112028912 0.116320215 -0.0841980726 -0.0339214578 0.00818401296 -0.141842872 -0.0499444269 -0.0249704029 0.124423444 0.0851309001 -0.0631179586 -0.00967155397 0.169299304 0.111592859 0.112322047 0.0654907003 0.0736756772 -0.0134422528 0.0490105003 -0.0818351507 -0.00514042703 0.151744708 0.104563721 -0.0958019793 -0.0969222486 -0.0176880024 0.103591479 -0.153061777 0.150751173 0.0734006912 0.0225144513 -0.101790942 0.0724523813 0.12576139 -0.0675942823 0.0518411361 -0.170029417 0.0491453074 -0.150618821 0.0978613719 0.127245948 -0.111072473 0.0495512076 -0.0952077582 -0.096321173 -0.0812675282 0.0999405235 0.0320276581 0.0217527859 0.126499265 -0.200145826 -0.165511131 -0.0873327553 0.156727552 -0.115177736 0.0804711506 -0.049533926 -0.0211743265 0.0217886232 0.0331952125 0.132480279 -0.0389042981 -0.0772684142 -0.0408756137 -0.000287221104 -0.0622720048 -0.0576607026 -0.077583462 0.155945495 0.0185410492 -0.0553922728 0.0243581589 -0.212131456 -0.246411234 0.110399246 0.0566385128 -0.11054562 -0.0713525042 0.0269093066 -0.0239738803 -0.0792615935 -0.100362688 -0.0710553229 0.110473417 -0.0352600999 -0.0270786937 -0.196377903 0.0504900776 0.224057183 -0.178716496 -0.0528910048 0.0533905253 -0.103434741 0.0509457402 -0.0671734661 0.0226490553 -0.232417196 -0.0421757847 0.108281553 -0.00234729494 -0.00585162966 0.116014481 0.12138813 0.0373765789 -0.0208394192 -0.0898845717 0.0305727702 0.147054404 -0.065656364 0.115227915 0.0803856477 0.0956834406 -0.00421490101 -0.0788353831 0.0283022486 0.0496671274 0.176555917 0.0723178685 0.172311604 0.0296737608 -0.113477618 -0.00946555659 0.123993538 0.0809431076 0.213972256 -0.0739089772 -0.0666930899 -0.00419860845 -0.192063376 -0.103923559 0.0499959923 -0.104464918 0.209204018 0.206260666 -0.0313115008 0.00564310327 -0.102483913 -0.19888854 -0.105218865 0.217330739 -0.250027567 0.0364253856 -0.146044672 -0.0208472759 -0.0982210115 -0.014814415 -0.182371348 0.163233623 -0.19762449 0.010787189 -0.108380921 -0.0568065979 0.108168721 0.0128216194 -0.159075424 0.2393713 -0.010470395 -0.0328026116 0.129086196 -0.032823883 -0.0316132605 0.167019621 0.21303001 -0.203692943 0.0545688085 0.109928638 -0.0594930239 -0.0338037126 -0.198553845 0.00489024539 -0.109552212 0.0750898942 0.00176040246 0.187408641 -0.0276336242 -0.0407701135 -0.00514654024 -0.123375192 0.105732411 0.190099925 0.196683839 0.0181563031 0.214266509 -0.0681726113 0.131611437 -0.0873263776 -0.00198096456 -0.0337360352 -0.189278871 0.104900964 0.169447884 0.164319366 0.215150371 -0.0620501451 -0.0280226748 0.11150454 -0.114931956 -0.219824851 0.0132424058 -0.171508387 -0.0295541901 -0.0324641317 -0.00359794963 -0.274796695 0.194098085 0.164438441 0.23149164 0.123094991 0.0870963112 0.19873634 0.199048579 -0.166346237 0.0895783529 0.006547953 0.0521166138 -0.0760377049 -0.199712187 -0.0416069329 -0.0270149969 -0.0742892697 0.0303936675 -0.191737756 -0.00293779583 -0.0167070441 0.133386359 0.062819235 -0.102919765 0.131572068 -0.200469404 -0.222896799 -0.0988319218 0.0895097107 0.318096489 -0.182683781 0.0489590168 -0.0859297141 0.101324111 -0.1556281 -0.0243571121 -0.0193329733 -0.00462791044 0.0642451271 -0.228343457 -0.199875146 -0.243151575 0.236446917 -0.0794599131 0.14068298 -0.025839271 0.136236176 0.070969224 0.172076777 0.215676114 -0.143589571 -0.151251569 -0.11653211 -0.175834551 -0.0245678052 0.285277814 -0.00460150186 0.0453218035 0.0558757782 -0.13360928 0.206299573 -0.0143574793 0.0201741345 0.180887476 0.196818635 -0.169472307 -0.212819651 -0.314159125 -0.0918907151 -0.12340501 -0.108035021 -0.09462706 0.162506253 -0.125388145 -0.11381682 -0.133359253 0.0278454814 0.0576629788 0.0200361107 -0.0646504462 0.192774191 -0.173791319 0.111332268 0.149391413 -0.0341498144 -0.108669527 0.20017074 0.230099469 -0.238412187 0.21768032 0.156952634 0.14906165 -0.0141845616 -0.236419529 0.0885252655 -0.0613795556 0.139847636 0.097292833 0.0426169299 -0.00714479014 -0.00615172554 0.293576628 -0.146340832 0.138602182 0.301650375 0.161977917 -0.167941079 0.346263647 -0.232074589 -0.0444599576 -0.115769267 -0.0922691301 0.234600365 0.235453069 -0.17304574 -0.154753268 -0.174690723 -0.322924465 -0.0892814323 0.299595922 -0.0753321722 0.126710445 0.156254411 0.0257407743 0.33988741 -0.173950195 -0.168431491 -0.0732004344 0.12467695 -0.336554527 -0.0511922687 -0.326388568 0.0245508235 -0.247731894 -0.222261354 -0.346020669 0.355633885 -0.185844243 -0.0722946003 -0.288585573 0.208462462 0.25297004 0.0180626065 -0.19189401 0.15227285 -0.271134675 0.184466287 0.285698533 -0.147560835 -0.18018046 0.144226626 0.183895066 -0.226264 0.295810193 0.109046884 0.0254325308 -0.173852757 -0.196560159 -0.160277501 -0.162892699 0.123760633 -0.109838426 0.310669422 -0.142729178 0.0183662213 0.145372659 -0.132137746 0.208514675 0.138169378 0.205695778 -0.291023314 0.292675912 -0.324662775 -0.0269156266 -0.081383206 -0.0732828677 0.205254987 0.166756481 -0.11856313 -0.25432533 -0.0586130321 -0.0914459676 -0.0705420449 0.171545118 -0.0222128481 0.140456542 0.142578378 -0.0850728154 0.235181689 -0.0454291366 -0.063662 0.0933983326 0.19426401 -0.102563143 0.00252421177 -0.0839172974 0.00926665775 -0.181018665 -0.0685610697 -0.160096481 0.104871005 -0.0271098372 -0.111759737 -0.197905153 0.101196431 0.283210427 -0.132636994 -0.0622494109 0.0475187898 -0.165687129 0.0015304496 0.0791303143 -0.0775531828 -0.207610413 -0.0179168973 0.199326098 -0.242686793 -0.00297171483 0.246686161 0.119442388 0.00985656679 -0.142710268 0.124069266 -0.133978412 -0.0463908799 -0.00410183286 0.0571335852 -0.113446414 -0.122093968 0.0324620381 -0.142762855 0.00645592064 0.130114689 0.104120173 -0.140721157 0.257996261 -0.217012689 -0.00490108225 -0.000220109403 -0.0220032614 0.244358376 0.230974063 -0.117095999 -0.168287888 -0.245990247 -0.138020784 -0.0268025473 0.128865257 -0.0912473351 0.213992894 0.229425475 -0.0314239338 0.0842025355 -0.0240369588 -0.0184889436 -0.134203792 0.0912005678 -0.292687982 -0.234767169 -0.0744418055 -0.170991421 -0.153001517 -0.0371283367 -0.151904061 0.148366988 -0.233136162 -0.0579661988 -0.186340481 0.139720574 0.0935010016 -0.0368353724 -0.175857022 0.122935824 -0.281046212 0.052252952 0.084980756 -0.163670182 -0.201669529 0.00545911863 0.324501187 -0.206058875 0.289345235 0.100729711 0.0317740738 -0.192004904 -0.182651982 -0.124391414 -0.157615915 -0.101863675 -0.250248462 0.115388073 -0.135947123 0.106532998 0.118124813 -0.139727518 0.100598343 0.243697375 0.12811701 -0.233123317 0.153900504 -0.225690395 0.0603164062 -0.0979883894 -0.0206482075 0.0767607391 0.00598894944 0.0295996666 -0.109759808 -0.0684483498 -0.073404558 -0.127914712 0.184521616 -0.135284752 0.101142056 0.0644582063 0.0430382229 -0.025435403 -0.0775801316 0.0943555236 -0.0400483496 0.200838864 -0.228804693 -0.0169932507 0.0396420918 0.0320696048 -0.156629056 -0.0599320121 -0.0470796078 0.109668054 -0.0150181586 -0.0848532096 0.0349497609 0.0770074725 0.164902225 -0.0647554547 -0.0704443306 0.0571556464 -0.0457761809 0.066708833 -0.109189436 -0.00218451861 -0.0403356701 0.0418558195 0.108123071 -0.13459523 0.0348838344 -0.0170239098 0.0821226612 -0.13636452 -0.14024587 0.145008981 0.0539017357 0.103510208 -0.0960317999 0.209284857 0.0235162973 -0.0603858531 0.185535729 -0.0461163484 0.0924833342 0.13451542 -0.011319018 0.0744301528 0.147536129 -0.103299201 -0.0577630885 -0.134122178 -0.00993736461 0.161848456 0.245409593 -0.0915922597 -0.0572603345 -0.0609723367 -0.212428093 -0.110060953 0.166748896 -0.197706506 0.0726165399 0.201101631 0.0615250021 0.183530629 0.0741625503 0.0635967776 -0.170024171 0.246481195 -0.239083096 -0.185579434 -0.111201227 -0.161405638 -0.0226191171 -0.185440078 -0.0166992806 0.0784410238 -0.0924308524 0.0426652506 -0.0589950718 0.177538991 0.0730650872 -0.0268351138 0.0380003825 0.0991710126 -0.18027088 0.0795354173 -0.00755265309 -0.117525138 -0.213036865 -0.000901276595 0.145001426 0.0332570262 0.134359136 -0.00491705956 0.0615378767 0.0153411599 -0.0626520365 0.191085771 -0.154580042 -0.0914884135 -0.117187075 0.121126838 -0.0669067204 -0.18549107 0.166878879 -0.118051261 0.139624357 0.204142451 0.16943571 -0.016809687 0.140730008 -0.123079605 0.022936292 -0.0172468163 0.0407418646 -0.088532798 -0.154817492 0.133775935 0.157264158 0.188567162 0.261543006 0.0172965191 -0.0598644726 0.0313289575 -0.127992272 -0.0185334962 0.0772049129 -0.252931803 -0.0440673828 0.169072717 0.134845778 -0.215857863 0.124858402 0.135899559 0.0669105947 0.0437188894 0.27712056 0.0354570486 0.194443494 -0.057849247 0.157131627 0.0160633866 0.232216969 -0.0975147337 -0.280778646 -0.000929915463 0.153901279 -0.147621557 0.16118139 -0.20390439 -0.0427101068 0.00964848697 0.143718213 -0.11522118 -0.166029051 -0.0451036021 -0.213117421 -0.0681809038 0.18079111 0.108508691 0.130065411 0.0260706469 0.057443846 0.0371264219 0.134862974 -0.171816379 0.227030799 0.047630854 -0.267216414 0.290774167 -0.161032319 -0.279605418 -0.153227463 0.0866414458 -0.215006694 0.17772451 0.0717214197 0.0986969918 0.153792426 -0.153242782 -0.135586724 0.2767905 0.176664993 0.271864325 0.0558166243 0.112716839 -0.112530358 0.232952192 -0.240111381 0.0772260725 0.00280970847 -0.320031464 -0.119263791 0.168490455 0.195800453 -0.179178566 0.226108462 -0.00292702857 0.235418946 0.0738153085 0.196357608 0.0891910419 0.200127766 -0.204163894 -0.0120979268 0.0683804452 0.0989859849 -0.211577445 -0.199358389 -0.176780447 0.246097445 -0.23938182 0.138435423 -0.0841207355 -0.0928612798 -0.146597162 0.172011152 0.0925421491 -0.197658151 -0.131953925 -0.239435256 -0.126777738 -0.0276274867 0.100581676 0.176595241 -0.218301252 0.0642545298 0.120657995 0.251452565 -0.0895685628 0.154045597 0.105978593 -0.249489218 0.178443119 -0.097215116 -0.178686172 -0.1580607 0.0471967533 -0.307317913 0.088902615 -0.0435216203 0.253647655 0.0602930523 -0.178144783 -0.29508394 0.248344675 0.178839192 0.306591541 0.0637326315 0.0719018355 -0.0856229961 0.126436725 -0.0612883084 -0.167104408 0.0532434583 -0.102669001 -0.040963944 0.149612769 0.0311120376 -0.136046752 0.158704266 0.0567343757 0.090262562 0.0185255855 0.176745579 0.236733317 0.0636803508 -0.201728389 0.151615232 -0.0184761733 0.148394361 -0.103619114 -0.2426074 -0.0727141425 0.161488175 -0.11315576 0.217636049 -0.0783815831 -0.105620071 0.0241000783 0.137937889 0.0571761057 -0.230035052 0.0117476834 -0.083679229 -0.294274926 -0.07174512 0.21418795 0.146091729 -0.0403169282 0.288597375 0.0836604238 0.18048884 -0.151072651 0.251693398 -0.0398952104 -0.262277067 0.221383318 -0.0804092586 -0.18384935 -0.324584872 0.242313743 -0.110992953 0.0690515712 0.17791371 0.25693208 -0.0378310792 -0.0356363617 -0.156425908 0.0941635594 0.125135839 0.126486242 0.260330975 -0.00336691551 -0.230661958 0.16435191 -0.130528048 -0.162589371 -0.0629158542 -0.193530366 0.0624328107 0.0632503033 0.0311625656 -0.196067497 0.261199802 0.112924218 0.106924213 0.0976852477 0.12473578 0.0210879408 0.298945457 -0.0835120603 0.0860784054 -0.0474109799 0.218628988 -0.0981224775 -0.117224917 -0.0571381114 0.0839497 -0.14088738 0.22146599 -0.225716442 -0.178327873 0.0380833149 0.281172067 -0.0880428702 -0.202479601 0.236607641 -0.249873802 -0.170666963 -0.0643998086 0.157565758 0.267411023 -0.00454612076 0.213846669 0.0339117423 0.211400256 -0.0756770372 0.141893432 0.00652708299 -0.0956371501 0.144181222 -0.163477004 -0.309148818 -0.161537975 0.0871114358 -0.144592598 0.190690309 -0.0861350074 0.172662899 -0.0903511271 0.139257729 0.0999625549 -0.00869155955 -0.188289911 -0.120187484 -0.0297456719 -0.0226722639 0.0852616653 -0.0234211925 0.00428630318 0.0893485323 -0.107593186 -0.022783177 -0.0893966854 3.61697457e-05 0.0667866245 0.174559295 -0.112158507 -0.152376875 -0.151501983 -0.00563440751 -0.216290236 -0.125099361 -0.2085253 -0.0177171845 0.0256843753 0.00843882747 -0.0889873281 0.0353664905 0.0996223614 -0.016307259 -0.0462216325 0.0179381557 -0.0361770391 -0.0175082274 0.139311388 -0.0280554555 -0.240343019 0.00134749932 0.232194066 -0.0704656169 0.127709195 0.0733269751 0.0434524082 -0.0226647612 -0.153344095 0.161322802 0.01519123 -0.0719860271 0.0556311309 0.160681605 -0.16631861 0.063701354 0.0306815021 -0.0649689957 0.0826212913 0.140638351 0.0320395119 -0.193378344 0.258435428 -0.144500419 0.0367473438 0.068444781 -0.0922770351 0.102184661 0.341609716 -0.266361803 -0.10931778 -0.21765615 -0.170597523 -0.0187199041 0.127930328 -0.0778133199 0.0922656059 0.0719583854 0.0787982643 0.21355778 0.0648352802 -0.0499772243 -0.174885139 0.224764079 -0.290417731 -0.0303533692 -0.213489488 -0.119253166 -0.200911939 -0.11882139 -0.141675293 0.142711565 -0.146157667 -0.0289407577 -0.197538137 0.307470888 0.186917678 0.0707685351 -0.163533688 0.127814397 -0.32138893 0.166346267 0.143395171 0.00508406712 -0.262841851 0.0673050657 0.116055034 0.000579898304 0.166559294 0.163422629 0.0619993843 -0.0516127534 -0.262726933 0.0833677277 -0.255707353 -0.0182381775 -0.243859515 0.17603159 -0.10275311 -0.0536568798 0.209504455 -0.141779691 0.200259402 0.193504229 0.306800187 -0.253567338 0.383169144 -0.29637453 -0.0376083106 -0.208904505 -0.0252637137 0.0905729458 0.216322303 -0.0223260205 -0.060514722 -0.140012234 -0.176078051 -0.102935418 0.213123038 0.0107535338 0.0884584486 0.0781763196 0.0554346368 0.178024083 -0.0244107321 0.0250573382 -0.0865820795 0.141656414 -0.163660049 -0.234086171 -0.223102912 -0.16855514 -0.152106002 0.0211197454 -0.0455627441 0.169902295 -0.0435833335 -0.123636991 -0.192678049 0.0578522012 0.0413394943 0.0247614291 -0.0954525322 0.0917797983 -0.051857166 0.214888513 0.139091194 0.00538944779 -0.148442119 -0.0115382569 0.0875761732 -0.0314168409 0.126273155 0.182879135 -0.0239141528 -0.190200478 -0.28636989 0.083056286 -0.0844206363 0.0807332844 -0.108230658 0.205892324 -0.038314499 -0.148457453 0.227443799 -0.300703794 0.174995422 0.0809644014 0.212942049 -0.217457026 0.282008737 -0.164631754 -0.0377874747 -0.118259102 0.0915775374 -0.260661989 -0.236097276 0.241414279 0.311306715 0.0832122415 0.273340613 -0.0434635729 -0.153900385 0.224625722 -0.15037325 -0.210324332 0.0714202449 -0.109124906 0.0567091554 -0.0157638825 0.107542634 -0.275158048 0.081584096 0.148876607 0.224087209 -0.0874318033 0.0494823866 0.057161361 0.209830239 -0.0820756257 0.0915573761 -0.0117203696 0.0920877382 -0.214372277 -0.0377324969 0.118353009 0.00167695421 -0.262207896 0.147888064 -0.190439984 -0.237303555 0.162235171 0.274065852 -0.0260481499 -0.15537402 0.165503681 -0.274175227 -0.0330200158 0.0594644174 -0.003627775 0.328550696 0.127291113 0.0933244824 -0.0234617051 0.0736721233 -0.192285985 0.0542970859 -0.00485029258 -0.268957108 0.257004321 -0.082596615 -0.26988706 -0.264502525 0.0249949358 -0.214033678 0.131147504 0.146828473 0.143980488 0.0627118051 0.060955938 0.121699855 -0.119117573 -0.191935077 -0.00087621127 -0.208221003 0.00706572738 0.136434987 -0.134087428 0.0483009666 0.247923166 0.0401054844 0.167955443 -0.10328342 0.0039343778 -0.00215768232 0.192523018 -0.220282257 -0.215493426 -0.198673412 -0.0703364238 -0.0959442183 -0.194296345 -0.205922291 0.133358538 -0.0533391163 -0.117828116 -0.11528369 -0.0110431816 0.218951896 -0.020281285 -0.0157313272 0.291506767 -0.0547761805 -0.0267295036 0.0247912165 -0.12776801 -0.282617629 -0.0250143148 0.113562122 -0.0487448722 0.0430564396 0.0979823992 0.00826730952 -0.199519798 -0.202111766 -0.0767956525 -0.265525848 0.180034488 0.0725733191 0.237071037 -0.0111970799 0.101737022 0.179936692 -0.31044805 0.243957192 0.309238464 0.254079849 -0.0476536714 0.207946822 -0.188298866 0.119864911 -0.0714132786 -0.0233306102 0.075714238 0.171725541 0.0828565955 -0.197489426 0.153850213 -0.214073479 0.0368389525 0.0520858951 -0.0235903431 0.0845213607 -0.0240571406 -0.139915898 -0.00767767616 -0.137218282 0.108103603 0.112077668 0.160488769 -0.209707677 -0.122687802 -0.18094264 -0.0818011761 -0.0975162089 -0.0240854546 -0.155781448 0.0759901777 -0.137969419 -0.18557559 -0.13310568 0.0636218414 -0.0147103472 -0.0748733729 -0.0271507781 0.176215664 -0.140940353 0.071666941 0.111868292 -0.137718558 -0.120464176 0.170129523 0.0658001378 -0.121187508 0.0543234311 -0.0280014016 0.150456041 -0.0769066662 -0.0992246196 0.0441928059 -0.0959473774 0.143159866 -0.0527083464 0.148377866 0.0098523777 0.0356216058 0.0933348835 -0.0366335586 0.0318676941 0.209640443 0.195778385 -0.0792151988 0.205980316 -0.185814559 0.046887625 -0.0880857185 0.179068148 -0.0122983465 -0.0734168813 0.133313134 0.0980887935 0.154287577 0.237666115 -0.0306658 0.0223586392 0.163203955 -0.189781129 0.0471013822 0.087297 0.0193117168 0.0661277249 0.0224397294 0.00549695548 -0.0307033509 0.0669039115 -0.0527501255 0.121833235 0.189129338 -0.0167369973 0.0200489145 0.095706597 -0.0380435325 -0.0680377856 0.191324964 0.114781387 -0.0177182052 -0.03102253 -0.15972963 -0.0843985453 -0.0798566788 0.00850590691 -0.15035589 -0.0424522869 -0.0649122521 0.086647369 0.153788134 -0.122397222 0.0485694781 -0.0896556824 0.0780846998 -0.0760292262 0.0429265685 0.172834203 0.0207268856 0.0465937257 0.129082248 -0.0852659792 -0.11672131 -0.00551991491 0.0229123253 0.0313093625 0.0792896822 0.00819227751 -0.00985139702 -0.0347838923 0.187724888 -0.116574071 0.00887292624 -0.0474374332 0.106180497 0.199007809 -0.153071642 -0.282591015 0.182571873 0.160608903 0.15028055 0.124141313 0.147332907 -0.210584551 0.105997391 -0.293512881 -0.172285438 -0.14690268 -0.0647747815 -0.0617720447 0.0544620045 0.024405187 -0.144321889 0.318474472 0.141805097 0.323593855 0.139951378 0.0758067295 0.163110822 0.104673095 -0.272906393 -0.00950739719 0.103040606 0.0939761698 -0.236539423 -0.279744774 -0.138601944 0.133557007 -0.127823979 0.131937996 -0.230084464 -0.0795133859 -0.0898451582 0.167479455 -0.0245702304 -0.11055921 0.136121839 -0.300192416 -0.0520874783 0.0108406097 0.194936693 0.250491053 -0.22192727 0.22519429 0.129142687 0.165142998 -0.112918995 0.277342558 0.168328032 -0.218227133 0.301312923 -0.303850442 -0.277062207 -0.158088207 0.0584233105 -0.174873114 0.25085786 -0.0767208338 0.200927347 -0.0294710696 0.0213095397 -0.000783342926 -0.0108592752 -0.0981932059 0.0686852187 -0.173078671 0.0761343762 0.106869921 -0.0875185281 0.117292792 0.199015781 -0.10344813 -0.0190925878 -0.188455105 -0.0128812548 -0.00120726868 0.144141942 -0.0558813028 -0.00147948554 -0.0512841679 -0.150624067 -0.108390942 0.00755003793 -0.145991623 -0.0602233037 -0.154872864 -0.0586260483 -0.0600704253 0.092355594 0.0521947034 -0.0982267037 -0.0858838558 0.0587825812 -0.0650234818 0.0453233793 -0.0520730205 -0.0359369591 -0.130389944 0.0466189347 0.17052421 -0.0611057468 0.0405305251 0.171793699 0.103280485 -0.0761536732 -0.15244095 0.0666124672 -0.168846011 -0.0239109769 -0.00716774678 0.163441181 0.111886151 -0.034738224 0.0813445896 -0.102517784 0.00503664184 0.238241896 0.0441951975 0.0526646413 -0.00758957071 -0.0381760076 0.00629606051 -0.131670967 0.164937451 -0.218279988 -0.198269233 0.164910868 0.222804442 0.220309541 0.129110709 0.0952702165 -0.20432736 0.289770901 -0.240122229 -0.184054196 0.0272388849 -0.233582392 -0.0842624605 0.236183062 -0.00962797552 -0.194788948 0.217241183 0.0259117 0.122204982 -0.0429176576 0.241774157 0.198921382 0.317525595 -0.209614709 0.161135778 -0.123755515 0.242982417 -0.282046556 -0.183040112 -0.0905536562 0.0375956707 -0.30050832 0.132956073 -0.157730073 -0.136399254 0.14823249 0.224713847 0.0710259452 -0.264785111 0.18444182 -0.200129315 -0.256936193 0.068072848 0.1624531 0.338395238 -0.0793794245 0.145487309 -0.033107046 0.231063649 -0.139136866 0.22003594 -0.0230731815 -0.0893330052 0.155718118 -0.192545444 -0.175081566 -0.197926477 0.248748004 -0.212304458 0.0773067549 0.0942083821 0.226465121 -0.00704259239 -0.0501103289 -0.214871198 0.210312173 0.0502143353 0.193352818 0.175037652 0.0719216913 -0.199900657 0.140637726 -0.0240986161 -0.0510035381 0.0769694 -0.290224969 0.122974068 0.139463454 -0.0186280198 -0.0611457974 0.257736415 0.178529158 0.27016592 0.151432365 0.25484857 0.0144446231 0.188396797 -0.0721171349 0.16684112 0.000854890794 0.187328517 -0.0481353886 -0.136403635 0.0395293459 0.249325752 -0.0901631191 0.0706473514 -0.19646506 -0.152407601 0.00211535022 0.127427146 -0.0838960558 -0.260962039 0.106007516 -0.0463461131 -0.0556931719 0.0677182153 0.0588385686 0.294208527 0.0406652838 0.155694619 -0.0813639238 0.0469736122 -0.136823222 0.016770184 0.155599162 -0.248494893 0.281884044 -0.0784867108 -0.157126784 -0.180339411 0.0535642654 -0.262679726 0.101438738 -0.0189478006 0.129344717
tensor gate_encoder.0.bias 1 32
-0.0108294534 0.00317591662 -0.0629768148 0.0602016784 0.0998988077 -0.0291645918 -0.157764778 0.0372370295 0.0982904285 -0.0596921518 -0.0429754332 0.0930104405 0.00315918401 0.156811014 0.0158859715 -0.0933255032 0.0556918308 0.0464153439 0.024110876 0.110808253 -0.0182293504 0.066915229 0.0557509027 -0.11841657 0.0034840419 0.101683676 0.0250566546 0.143238559 -0.00615598867 -0.0836579353 -0.0817059204 -0.0228705667
tensor objective_value_embedding.weight 2 32
0.170162931 0.547019899 0.224598899 0.830266416 -1.48870111 0.167973682 -1.85052717 0.430198044 0.765482306 1.68143511 -0.197561949 0.0179695748 0.523127496 0.606002331 -0.100639693 1.0340631 -1.49192119 -0.864274919 1.3152777 -0.525441825 -0.108523905 0.376700908 0.311343879 -1.35253859 0.224697709 0.552553535 -0.3700445 1.34047639 1.25103581 -0.74701941 0.434716552 -0.997134328 0.697643876 -1.14804447 -0.128390118 -0.452796936 0.841846883 -0.43112722 -0.229975477 0.0020364637 -0.860536277 0.857885361 0.487808675 1.70389414 0.444729179 0.413883328 -0.370727837 -0.660963118 -1.00859213 -0.608816803 1.27100706 0.338124186 -0.156126916 1.18179023 -0.797177255 0.820789516 -1.55955386 -0.420101941 0.742132425 0.0973319188 -1.94403982 -0.271915823 0.0643097982 0.132809773
tensor backtrace_actor.0.weight 32 32
-0.103477046 -0.133296952 -0.155264765 0.133974358 0.153740019 0.0347988047 -0.00717990566 -0.00259855366 0.16003406 0.00226887176 -0.168007463 -0.0613510124 0.0840662271 -0.162556097 0.118555561 -0.00171610992 -0.0754002109 -0.194109187 -0.130691454 -0.150338694 0.00554097397 -0.00308374711 0.0753222704 0.0907622054 -0.159937203 -0.076307252 0.0344784074 0.0449699387 0.029043695 0.167726859 -0.0864221454 -0.0327863693 -0.209795982 -0.11283242 -0.116742544 0.0598875247 -0.0608719178 -0.155743718 0.137775511 -0.0868265182 -0.14624235 -0.0721687749 0.103896134 -0.106448248 -0.081160523 -0.0805414096 -0.167105883 0.0180354174 0.00842856057 0.150332272 -0.183024243 0.194974944 0.05231506 -0.0588732436 0.0466453694 0.042883724 0.0675738603 0.0937009603 0.0517628938 -0.0858520195 -0.0881003216 -0.0624383539 0.0110662924 0.173189253 0.128119543 0.00623225281 0.0138674062 -0.0240461752 0.0628641248 -0.187312424 -0.0227561016 -0.134386078 0.120316021 -0.208156914 0.0444988273 -0.0122458767 -0.0542791262 -0.156267166 -0.0654377639 0.0981405601 -0.0345979296 0.0268071666 0.0425896123 0.163996831 0.00925325323 0.134350345 0.116628654 -0.067407459 0.177769586 -0.176390141 -0.156253517 -0.142415121 0.0555247627 -0.126830712 -0.0473922789 0.0376655273 -0.0880452469 -0.038527444 -0.0275698416 0.0297972709 -0.067738384 -0.0693482086 0.0755018517 -0.171144024 -0.00752789155 -0.047987882 0.0183366295 -0.08269988 -0.106193803 0.00324656419 0.131554544 0.141713962 0.139073923 -0.0946972594 -0.0733533278 -0.040368069 -0.223745331 -0.102328755 -0.0193607714 -0.00189508835 -0.0147100799 0.0340400189 0.0235666875 -0.112978466 -0.0489199013 -0.0220425185 -0.180018038 -0.187244087 0.0560392849 -0.0305285081 -0.188045949 -0.252256393 0.245048493 0.0380434431 0.238214582 -0.191678077 0.0304029454 0.010653099 -0.137960419 -0.0819738805 0.169269338 0.141740963 0.144339293 -0.181955338 0.258771658 0.0268147271 -0.203080982 -0.0646940991 -0.134087205 0.00226003095 0.0996360928 0.236527652 -0.155360565 0.114825524 0.170023754 -0.183987141 -0.00546012167 0.0685170218 -0.0828549862 -0.241024911 -0.0400576107 -0.123011462 0.311166316 0.0693403035 0.0795848072 -0.135052055 -0.0375965536 -0.0223812629 -0.25516054 0.00224202126 0.265623659 0.19647707 -0.250509501 -0.119397648 0.0237955134 0.0590246618 -0.0775396749 0.170408756 0.182337314 0.253064901 0.229470745 -0.0359221809 0.0241294615 -0.128783479 -0.00588338217 -0.211686283 0.153751433 0.0918765366 -0.140633553 -0.192674369 0.294778109 -0.0831317902 -0.157833859 0.00694877468 -0.00235501118 0.193940192 -0.0704637989 0.132433459 -0.0483905114 -0.124752253 -0.00933453068 0.111198463 -0.00947153475 -0.0162506923 -0.0360086374 0.182096049 0.0127051733 0.0506015234 0.0817084089 -0.0199255347 0.151557103 0.166010126 0.0647924915 -0.00725747366 -0.199327677 -0.164295793 -0.135095656 0.0876718983 0.0643534511 -0.0350620523 -0.0938058794 0.0884325504 0.0977808908 0.183522224 -0.11877536 -0.129400447 0.0408498161 -0.0726040825 0.0833360478 -0.144983009 0.069198966 0.0206025727 -0.124451175 0.0357427001 0.120536573 0.162839755 -0.00602188567 0.0293127485 -0.237180769 -0.0949601084 -0.198385775 0.000137945084 0.18964234 0.0947279707 0.192087233 -0.0954171643 -0.125504851 0.114401497 0.139123425 -0.214633092 0.0487020239 0.094653599 0.128608525 -0.22268568 0.181349188 0.225989029 -0.0807595626 -0.0817061067 -0.0418348536 -0.166779637 0.0780646726 0.101220347 0.240976349 -0.166636452 0.00626882352 -0.0376446657 -0.225162312 0.200278506 0.159491584 -0.0350076072 0.250416964 -0.115098454 0.250186592 -0.173347399 0.0302052684 -0.0722954199 -0.122872218 0.039351102 0.0343875065 0.11200504 0.0637082681 0.209721327 0.0520197712 -0.223838508 -0.17165719 0.228185058 -0.339036971 0.0423541963 -0.127816394 0.0538564958 0.0982178897 -0.152519926 -0.13457948 -0.0970323607 0.0684743598 -0.136423975 0.150215074 0.0610446855 -0.198526055 -0.0156618003 0.0662542507 -0.135574907 0.235474482 -0.0694469437 0.0463807024 -0.12387646 0.124549665 -0.126692057 0.0428498946 -0.0533464737 0.0129831564 -0.0460534468 0.0513813235 -0.104590088 0.0217376538 -0.156344488 -0.170866162 -0.0628987551 -0.153272852 -0.162240639 -0.197388336 -0.0681748465 0.00883240625 0.220717758 0.0213307384 -0.13961342 -0.1052102 -0.0154274637 0.0126667889 0.0451025851 -0.0538042262 0.193221182 -0.249369591 0.116922736 -0.0131729869 -0.0710501671 -0.0763470531 0.0954024494 0.232599646 0.208277032 0.101460576 -0.0326772481 -0.0564670525 0.0737792179 -0.0862790421 -0.126000971 0.14497526 0.137937427 -0.00906954985 -0.000560991699 0.141983673 0.163884282 0.0388488881 0.0151088955 0.282653183 0.0812974349 -0.18799521 -0.0732872114 -0.270037621 0.152256995 -0.151165605 -0.155934498 0.203190714 -0.0552301779 -0.0261870623 0.118936837 -0.265189737 0.0381903127 -0.222990885 -0.00399810309 0.0294357985 0.233939588 0.00642949063 0.108007245 0.0561069883 -0.223567635 0.212765396 0.0734121576 0.0592338704 -0.00291500986 0.219755083 -0.175916091 0.0451459512 -0.0800316185 0.221292928 -0.185426593 -0.379041016 -0.158159956 0.185704902 0.225410804 -0.0179313309 -0.0378690362 -0.152143463 0.0663920343 -0.232982129 0.212080017 0.210869446 0.131337896 0.165919736 -0.0221112557 0.062231373 -0.249372244 -0.000367149565 0.0508083925 -0.111197025 0.158190772 0.1826711 0.201753676 -0.209961444 -0.0350243077 0.0463696159 0.129676595 -0.147863626 0.180983484 -0.300145715 -0.163556606 -0.066941008 0.131385118 -0.193144664 0.0354340635 -0.0487113521 -0.0546148829 0.161536872 -0.0217773952 -0.0381748043 0.111775897 0.0511107296 -0.0449250974 0.178540945 0.0552574322 0.199120671 -0.00974851009 0.140994877 0.0830638334 -0.126949459 -0.149872169 -0.0160192568 0.0865912661 0.0658203438 -0.0686283037 -0.00911628082 -0.0315161571 -0.1035401 -0.192414165 0.00479514804 -0.0630022958 -0.143667579 -0.00836294144 0.0960481614 0.185115725 -0.301971793 -0.0948433578 0.00537949102 0.186393186 0.124905311 0.185853571 0.212962702 0.226891711 0.0127686393 0.16076982 0.180586696 0.193516776 0.202147856 0.174249828 -0.0176159535 -0.236357272 0.0984064043 -0.124308616 -0.244900048 0.16413787 0.1541823 -0.203875527 0.102594614 0.196454495 -0.0914118886 0.194861621 0.048881799 -0.0293563399 -0.306300819 -0.284909397 -0.070100978 0.0568770394 -0.261610568 -0.196313262 0.135133862 -0.177109882 0.152072892 0.00499278633 0.072770603 0.152147233 -0.090668276 0.0550607741 0.203690723 0.176170915 0.216679275 0.00751482183 -0.0289666317 -0.0891781077 0.0815792903 0.010730831 -0.154376864 0.0227560513 -0.147733152 -8.67348535e-06 -0.198819935 0.191217765 -0.0175304618 -0.0070724464 -0.111306392 0.106286637 -0.2841506 0.112796798 -0.0461082533 0.0931872278 -0.14750208 -0.313361138 0.260816514 0.25757122 0.231500357 -0.324537277 -0.0513003878 0.017769983 -0.113634318 0.0893917084 0.266283542 -0.0579765402 0.227382198 0.148728579 0.313826501 -0.180341274 -0.0436238311 -0.291481167 -0.17577377 0.104378082 0.032451652 0.284289896 -0.0130310766 0.011711699 0.0758035406 -0.239201918 -0.240026921 0.297252864 -0.107892863 -0.16253382 -0.160512522 0.239725322 0.296669841 0.29155612 -0.219351977 -0.0221073441 0.0505862348 -0.0477161035 -0.169356838 0.116258591 0.0772897452 -0.24888733 -0.148180604 -0.196152106 -0.206258431 0.13299866 0.122602291 0.0872922987 -0.0786512494 0.195030108 0.270493537 -0.0825732872 -0.267067194 -0.197223514 0.0826964751 0.00836205203 -0.256529093 -0.146474287 0.25176537 0.0822703391 0.19287698 0.123125196 -0.218686998 -0.00022979494 -0.130549327 -0.123951696 -0.00667361822 0.0615091212 0.192075938 -0.120708063 -0.0686790347 -0.0974835679 0.109720223 -0.0134342331 -0.227275208 0.029636573 -0.143211827 0.00499107316 0.0375830233 -0.115593672 -0.0690684989 -0.0673748925 0.129317462 0.0722317323 -0.131373644 0.127834976 0.170394629 -0.0871978328 -0.140744597 0.0387440473 -0.149564251 -0.11918062 -0.0333068483 0.135415405 -0.148915932 0.15959695 -0.100616917 -0.0121310493 -0.00665320083 -0.0431123711 -0.172047868 0.0550875776 0.121300764 0.0151392939 -0.0858457237 -0.0205807462 0.00980580878 0.036776457 -0.186479703 -0.0145376706 0.101701505 0.0178610831 -0.0224912986 -0.0116037317 -0.0944512412 0.173238039 -0.0381348506 -0.104599826 0.133420169 -0.0821590275 -0.0453194156 -0.138177752 -0.0745074302 0.125271305 -0.00914996769 0.0313908979 -0.129659116 0.117092438 0.31185782 0.0924296603 -0.219512299 -0.189504087 -0.23685202 0.299498498 0.194965884 0.0759436563 0.223744422 -0.0677461699 -0.0881126225 0.0489885919 -0.101609364 -0.134703353 -0.165070549 0.0041861264 0.197594807 0.181445241 0.222781524 -0.0146887144 -0.227223307 -0.214654416 -0.0671635866 -0.0149133326 -0.00726802414 0.216325924 0.217644483 0.0819470659 0.250874132 0.17297788 0.00204930501 0.0328909233 -0.0754650235 -0.134579927 0.0909443498 -0.0376439802 0.161332071 -0.228387013 -0.100889258 -0.0463028885 -0.117151074 -0.0387951545 0.169160426 0.170953959 0.0990325809 -0.0365695879 -0.0337555036 -0.105733462 -0.207727045 0.0123618087 0.00749195181 -0.0739248544 0.0761346966 0.239951849 -0.139352486 0.208173573 0.192431509 -0.13444984 -0.21802859 0.0323212482 0.0142868552 0.0376760922 0.132334307 -0.0309536904 -0.319544852 -0.248165816 0.0340406671 0.167656064 0.175132141 -0.058435075 -0.0439719148 -0.0440275222 -0.17948544 -0.0690734237 0.240769967 0.101437926 -0.0112518249 -0.00817534793 0.081636481 0.172600463 -0.0163528565 -0.0049400907 -0.198768869 0.113793619 -0.106011152 0.0538296476 0.0306359697 0.0515028872 0.157623053 -0.207163572 -0.191309571 0.193643317 -0.25403738 0.0276435707 -0.02767005 0.0294354204 0.215812877 0.319787323 -0.0479161963 -0.113443293 -0.271452546 -0.0161986332 0.235369757 0.119296595 0.126288176 -0.0124057252 -0.2482436 -0.084342733 -0.0387875102 0.0987221152 0.0484084077 0.170850292 0.211447671 0.207581207 0.115731589 -0.00134443445 -0.201539934 -0.266982585 -0.0626949817 0.100235082 -0.214091808 0.15870294 0.11404559 -0.268800378 0.240589306 0.165133864 0.121055096 -0.208107159 -0.27901876 -0.162302181 -0.0358177572 0.14526014 0.103351943 -0.0551445633 -0.146449119 -0.0115276752 0.0429452136 0.194251701 0.295313686 -0.0899433941 0.126456141 -0.0838384405 0.0338924564 -0.144264877 0.00847928692 -0.0208951365 -0.269187987 0.142426431 -0.0184296854 -0.060609173 -0.0961158499 0.210205942 0.0537548587 0.134047881 -0.177431852 0.0533657521 -0.234666809 -0.0829843059 -0.0931794196 0.173636466 -0.160673618 -0.031716235 -0.00874051265 0.120979361 -0.142624304 -0.0261528231 0.173243806 0.237356991 -0.110783786 -0.0577372946 0.272171199 0.212905794 -0.072070621 -0.0842194781 -0.146337152 -0.141775876 -0.148569927 -0.117121153 -0.015817279 0.166477352 0.0632941052 0.125120565 -0.0443477631 0.156737238 0.11857935 0.109329671 0.101381898 -0.16307503 -0.000205700824 -0.0714713931 -0.306649268 0.275313854 0.394522578 0.216075912 -0.172226861 -0.216783807 -0.224470794 0.055449266 0.0666107833 -0.216659546 0.176890448 -0.277058601 -0.20111914 -0.0659840181 -0.276909381 -0.0891846344 0.0361021012 0.190827265 0.00124593545 0.163056269 0.274212152 -0.224773049 -0.193371311 -0.128665045 0.225995034 -0.0486760959 -0.289920479 0.00790674519 0.169697821 0.0722798705 0.338884443 -0.0176370312 -0.0763340667 0.0545700155 0.165822521 0.0722165778 -0.102573164 -0.123464093 0.110203765 -0.0591400638 -0.246663436 -0.285852224 0.134316191 0.0984240249 -0.0549121611 -0.197503686 -0.161118776 -0.120381258 -0.0767865181 0.293412268 -0.173577353 0.144378409 0.325338066 0.0647445843 -0.150016129 0.165327668 0.173855916 -0.29486686 0.129832789 -0.0150828445 -0.079217568 0.166520923 0.245486513 0.18588765 0.00735101197 -0.0963362753 0.247142136 -0.0732154772 0.0686799958 0.0898540616 0.17959635 0.0459317118 -0.0583914109 -0.18471235 0.279036999 -0.178619117 -0.22187151 -0.131438717 -0.170276001 -0.172372639 0.00982669089 0.0250143632 -0.0823387876 0.00104675186 0.289580047 -0.150024414 -0.197318792 0.0349899903 0.115816794 -0.29871881 -0.0529770181 -0.141661972 -0.168545485 -0.0464132279 0.161504567 0.107716709 -0.0745933801 -0.144754782 0.115541235 0.216033518 -0.0389845259 -0.0852579698 0.116087794 -0.0106275212 -0.0783241689 -0.281170636 0.0727316886 0.0557458885 -0.248015597 -0.0287121367 -0.23190552 -0.223536298 0.112499803 0.29408896 0.0454811193 0.263623208 0.21419701 -0.0914945453 0.0192528982 -0.0118207345 0.0245558675 -0.204613522 0.0298755262 -0.241748273 -0.0784338415 0.000736555143 0.0210066531 0.195111081 -0.0354856029 -0.0127602518 -0.0708138645 -0.0530685671 0.0936382711 -0.129905418 0.212894455 0.0707133785 0.0176003482 -0.172663748 -0.0526376478 0.158490166 0.0948906913 0.116279133 0.194571063 -0.0894205719 0.00103800849 0.0313725471 -0.0172865335 -0.18860057 0.0223245919 -0.174859986 0.194604456 -0.133178964 -0.0981862545 -0.105076291 -0.0371221602 0.0960891843 0.0929093361 0.0516571142 0.00218351395 0.121537969 -0.0733253062 0.0055533736 0.0536832511 0.0894422457 -0.0137887364 0.0792634189 0.0188176818 0.00163896347 0.00943450443 -0.251981497 0.21990332 -0.182863683 -0.0376826376 -0.237385482 -0.223738074 -0.187919363 0.113408715 0.0165285897 -0.0945515782 0.259364337 0.00979624223 -0.045324713 -0.0399390608 0.188101232 -0.0227845591 -0.299383998 -0.104526259 -0.00796239916 -0.122964717 0.212998614 0.177245289 0.232059792
tensor backtrace_actor.0.bias 1 32
-0.11230468 0.0916292965 0.0340569243 -0.162134513 -0.0520406552 0.112591676 -0.0604960918 0.174496114 -0.139373779 -0.183055013 -0.00952715892 -0.00429598195 0.11145445 0.0634662732 0.0163453426 0.144912362 -0.22419779 0.123048693 0.0208979324 0.179103747 -0.101769693 -0.196348965 -0.141678959 0.118112788 0.113183238 0.211280003 -0.0799724013 -0.161728323 0.11439807 -0.159259915 0.0827890784 0.0500592813
tensor backtrace_actor.2.weight 2 32
0.0755525529 -0.135369554 -0.147385225 -0.192155346 0.20177108 0.189623296 0.218063027 0.114383996 0.0878293961 -0.0735717639 0.0185114816 -0.0237256344 -0.146845862 0.0461710803 0.0942882448 -0.215274528 0.178937674 0.117925905 -0.0250417497 -0.0817962289 -0.218388841 0.130618215 0.0381980352 0.0780786052 0.0583529286 -0.0960135981 0.110473201 -0.123611949 -0.223590076 -0.215838507 -0.180454716 -0.0637844726 0.195958391 0.179869786 -0.138685778 0.15599528 -0.177993923 -0.029034147 -0.10196384 -0.107013166 -0.116502829 0.16618754 -0.262528419 0.211846426 0.141472578 0.22876741 -0.248997912 0.113650538 0.0117909033 -0.0428538956 0.0523626432 -0.106128491 0.243214175 0.0183486827 -0.16088593 0.184466869 0.182861641 -0.18565917 -0.169953972 0.0417930707 0.015787987 -0.0823140889 0.160427734 0.050369218
tensor backtrace_actor.2.bias 1 2
0.126743823 -0.0787506402
end
