SMARTATPG_ACTOR_V2
embedding_dim 64
hidden_dim 32
tensor gate_encoder.0.weight 32 64
-0.479969472 -0.305922955 0.228930205 -0.235442162 -0.277950883 0.44279325 -0.119750246 -0.251492471 0.296478063 -0.12836507 0.405064046 -0.130316511 -0.012831605 0.0774875283 0.0561941937 0.0416765809 0.22471334 -0.249558792 0.0324161053 0.1111283 -0.0303094219 0.188778624 0.0484151095 0.271890819 -0.212554306 -0.0318537131 -0.0220303349 -0.25908792 0.197017685 -0.0206991229 -0.0309714098 0.0135825258 0.47365132 -0.0417700335 -0.154362351 0.14409627 0.230931193 0.380749494 -0.248908713 -0.0190186705 0.0494706668 -0.154463544 -0.153271854 -0.0357579328 -0.0282307751 0.117182456 0.136556685 0.615984678 -0.439323694 -0.107887447 0.0189324375 -0.377762705 -0.0762588233 -0.195249945 0.0185744539 -0.113073826 -0.158114612 0.247565717 -0.0157053191 0.171393231 -0.0282040183 0.087150678 0.433324486 0.0668150336 -0.366249233 -0.18119289 0.065673776 -0.202342659 -0.00362290978 0.303451955 -0.203968167 -0.085214667 0.0052671493 0.0540336445 0.198171675 -0.0837063193 -0.163385421 -0.00428766897 0.0172008872 0.0328586586 0.122765437 -0.210805416 0.134046435 -0.0944224373 0.153072208 0.149705902 0.0911769792 0.137501106 -0.231251612 -0.0730787218 0.12018548 -0.222228572 0.21543242 0.0147692421 -0.245192826 0.115998648 0.305220693 -0.0091236243 0.00815053657 -0.0407281816 0.0863733217 0.144656435 0.0647385791 0.0401570685 0.0115527958 -0.0943844616 -0.14328821 -0.0822191909 0.0826573819 0.235213175 0.168919101 0.343675107 -0.360461622 -0.170354813 0.0717375278 -0.356452763 0.0431077145 0.0259206071 3.3752025e-05 -0.0427691266 -0.128188685 0.125571087 0.0706153288 0.151969269 -0.00710899709 0.107180633 0.282044679 -0.00050132972 0.390006572 0.230609983 -0.263729244 0.0206572749 0.144139871 -0.307752877 0.107282467 0.163569644 -0.246984348 0.104866475 -0.440613121 0.05749752 0.141504332 -0.191082492 -0.0902760252 -0.0381361768 -0.201374963 0.215400577 0.0266556535 -0.0471997671 -0.0123863639 -0.0804427788 0.0529402867 -0.217016727 0.23086153 -0.046506919 0.0991369337 0.144007117 -0.100100607 -0.111404091 0.0670747086 0.00180355867 -0.274945915 0.0184356272 -0.111361876 -0.0462497622 -0.134738997 -0.294527322 0.228452891 0.0876018479 -0.000798683206 0.280428439 -0.0674437806 -0.169129267 0.0427715145 -0.0881193578 -0.149569228 -0.363681823 0.346943587 0.119525962 0.212223306 0.410157621 0.105336286 0.108657949 -0.021350801 0.0188528411 0.0330759585 -0.256798655 0.174752593 -0.128839493 0.0532883964 -0.0501398593 -0.296722651 -0.0819596425 0.635820448 0.366541088 -0.0736365169 0.0930987746 0.403598845 -0.32436645 0.337094843 -0.00974180736 -0.160743669 0.0860693902 -0.421983659 0.00985324942 0.202523723 -0.182827637 -0.0315801539 -0.14758122 0.0533877909 0.314750224 -0.113159627 -0.0639934689 -0.0781073794 -0.318869144 0.0321173891 -0.219114676 0.460828274 -0.0281506702 -0.0694974512 0.150843367 -0.37889576 -0.0550482646 0.164908752 -0.0749781132 -0.26558432 0.0692755356 -0.013396102 -0.0982029513 -0.258377761 -0.286240816 0.149348214 0.0495051853 -0.0535052232 0.402555138 0.118557654 -0.135330647 -0.033978831 -0.211297721 -0.254199862 -0.590159655 0.460838318 0.203512356 0.253223658 0.342396915 -0.0586712323 0.230418116 -0.0364017449 0.0621159859 0.0731416941 -0.297549039 0.212365627 -0.0435861759 0.00116793567 0.182175308 -0.300511718 0.00810478814 0.304825276 0.252128035 -0.177644342 0.244573474 0.340776205 -0.273821533 0.329375088 0.0256109349 -0.0603413247 0.143364146 -0.359781384 -0.140640974 0.138285577 -0.18006447 0.00690029189 -0.0499432795 -0.0550803542 0.187684506 -0.0659801066 -0.0672001839 -0.00174693228 -0.252417356 -0.0786331668 -0.0113215782 0.0337079242 -0.0442724526 0.0346109346 0.0646149665 -0.188880205 -0.028410729 0.193624973 0.0873430818 -0.0868552774 0.065590173 0.0763389841 0.0502745099 -0.135618255 -0.242225736 0.23982729 0.0546558686 -0.0759921223 0.203500435 0.0166363008 0.0234537199 -0.0169815719 -0.0906866714 -0.095341377 -0.252894193 0.267999381 -0.0303730369 0.14595674 0.198690295 -0.0729523152 0.0706231073 0.00668291654 0.115168668 -0.00130351889 -0.279987693 0.00444295444 -0.0265716333 0.054050006 -0.110172398 -0.147583544 0.238496274 0.440076172 0.0241843183 -0.0641593635 0.211785376 0.316476613 -0.274397761 0.258558363 0.0710335299 -0.208077714 0.0523614921 -0.402431786 0.103466198 -0.00997508131 0.00301498477 -0.150073364 0.0601945035 0.0563468598 0.250389844 -0.0405623391 -0.0836289972 0.0636394173 -0.156187266 -0.0253964644 -0.050122641 0.143723592 0.0613034517 0.041879449 0.216537848 -0.0661324859 -0.0178093743 0.083634831 -0.00275557907 -0.232870743 0.109111018 -0.129636407 -0.11344029 -0.187148958 -0.123092122 0.236346886 -0.0250136927 -0.0913453996 0.152176306 0.101067819 -0.164355353 0.0818991959 0.0480308756 -0.0399641059 -0.39033559 0.447753817 0.132925332 0.146105543 0.38100794 0.00380074605 0.116736077 -0.0504586361 0.103744522 0.194070145 -0.152402759 0.191208884 -0.0296267644 -0.0244069304 0.0656616092 -0.221696019 -0.0589540415 -0.387851119 -0.109491237 0.013828611 -0.0806822032 -0.229422793 0.263867319 -0.0646915212 0.134798899 0.118040778 0.0537140965 0.212833434 0.182587385 -0.0397472568 0.209183738 0.0978925675 -0.0550491251 -0.0267100949 -0.189220861 0.00424655806 0.0133625865 0.0325936303 0.297261298 -0.052877903 -0.0217661541 -0.145703837 -0.00842706114 -0.0923393965 -0.182687283 0.327289551 0.0142470747 -0.00940136518 -0.139003024 0.147999793 -0.159799293 0.0310599655 -0.0482396409 0.204931721 0.166626304 -0.0432953015 0.0969095454 0.107235067 -0.193048239 -0.0476747714 0.231657654 0.015995767 -0.110262111 0.179443941 0.156962603 -0.412208617 0.0111006228 -0.215499148 -0.185752511 0.0674205273 0.0403597318 -0.0291381665 -0.0562871993 -0.19515878 0.169234008 -0.0459573157 0.145205021 -0.110330924 0.0382329412 0.411938131 0.174128428 -0.490936369 -0.254541993 0.0621935762 -0.0946986601 -0.112334773 0.398694277 -0.165854022 -0.0182147454 0.206998885 -0.0910067558 0.463639557 -0.10643547 -0.0878752545 0.0247407202 0.170365423 0.181890473 -0.0212497748 -0.117109925 0.0595793277 -0.012977602 0.0335944369 0.0592769869 -0.0119620012 0.131639317 -0.28264454 -0.0131506091 0.0675971657 -0.118842699 0.235548913 0.0476320311 -0.144863725 0.0729412138 0.414480388 -0.0512148477 0.0168681424 0.209935471 0.145790055 0.210925743 -0.206080511 0.0991256386 -0.0125412382 -0.0977114812 -0.145621911 0.0571686737 -0.103966981 0.150128752 0.0549764708 0.397714406 -0.39212513 -0.239937767 -0.0759075731 -0.472905308 0.154567227 -0.194381446 0.183579952 -0.0719054788 -0.202106521 0.0897034407 -0.0539957397 0.16476424 0.0501621179 -0.0268959291 0.244817048 -0.070476234 0.0734857917 -0.0287759975 0.0687873736 0.0360341184 0.0278477781 0.0172614604 0.13769038 -0.0877240673 -0.148922801 -0.0472359918 -0.0106854513 -0.141162634 0.0232706256 -0.111202449 -0.131628498 -0.0817813948 -0.00801265892 -0.0591894463 -0.049837634 0.0120621584 0.113814145 -0.0466263182 0.0112700937 -0.0359454714 0.0818954185 0.0547193885 0.123850197 -0.0265074652 -0.124981642 0.0415197872 0.0445342883 -0.0918682814 0.107484706 0.0136683844 -0.0797728449 0.00446718791 -0.210964605 0.00730648171 -0.0473843403 -0.11832346 -0.0573809557 0.085041225 -0.0673779622 -0.092969954 0.0632977709 0.0612058565 0.126462832 -0.107327059 0.191654503 0.100547634 -0.0391700417 0.0982408896 0.0715172291 0.0526457429 -0.15568164 0.0963640884 0.000730282802 -0.167858481 -0.00366766192 0.0973837525 0.0718107522 0.146255761 -0.106910869 -0.0629906878 0.410459816 0.18891044 0.0448147058 0.136168107 0.305455089 -0.289429605 0.056702137 -0.0861128047 -0.109799489 -0.097720921 -0.144722149 0.0628047362 0.146308362 -0.203902379 -0.0510810725 -0.186353877 -0.179108053 0.277714968 -0.205029711 0.0980784297 -0.110757507 -0.203111097 -0.0279678386 -0.0558301769 0.154333845 0.142337814 -0.0990461782 0.145565987 -0.197366506 -0.052442614 0.0969134197 0.0982462317 -0.278937101 0.192896977 0.0353124142 -0.132255122 -0.0339996517 -0.180359155 0.232754916 0.0667345375 0.0647083521 0.132401213 0.0676009208 -0.0934279263 -0.0886442959 0.0584060885 -0.197003365 -0.21161969 0.355571508 0.0578933656 0.177655414 0.257127732 -0.124985218 0.0358288176 -0.0306060407 0.0807192698 0.152527049 -0.149407908 0.183296978 0.0484449156 0.178988427 0.094896771 -0.219212398 -0.0771525204 0.23405984 0.228980795 -0.130265668 0.12581408 0.109207407 -0.188139439 0.179415718 -0.0267286263 -0.0192277562 -0.00131913263 -0.173722073 -0.114931963 0.0534020737 -0.109757438 -0.142074838 -0.139357716 -0.0858876631 0.119204327 -0.0606635846 0.0699619055 0.0559178852 -0.048455596 -0.0450837389 0.00334924296 0.127831057 -0.0460500382 0.0521539487 0.0683359355 -0.208790317 -0.0460853428 0.0684370399 -0.054695446 -0.336073279 0.0953728184 -0.0973177701 -0.172627985 -0.0558108874 -0.23865509 -0.0036363434 0.0669701248 0.0787257776 0.148587257 -0.046830982 -0.116269685 -0.00674665067 -0.13322182 0.0425703488 -0.379157245 0.175710812 0.0216112658 0.0532454178 0.228873193 -0.144869149 0.00210716599 0.0889239237 -0.0662841648 -0.0213576239 -0.11029496 -0.0638907999 0.0329480395 0.0588281266 -0.0278770234 -0.206351757 0.0288247392 0.117686622 0.102034524 0.1086891 0.129031748 0.0761681572 -0.145497262 -0.0294146594 -0.118027776 0.112893946 0.0351803228 -0.162211627 -0.218075722 0.0555845462 -0.0799266919 0.141588688 -0.0581463203 0.0512173809 0.16851677 -0.0867899731 -0.0275312047 -0.173578814 -0.187278405 -0.0511256233 0.0611741319 0.066046156 0.0898832232 0.0361502841 -0.172648594 -0.205304444 -0.0113519877 -0.0017778828 0.236717433 -0.135582864 0.172943354 -0.125873238 0.0445932262 0.0622373968 -0.00229885429 0.0645684451 -0.0319093056 -0.0117264325 0.0738478526 0.17242755 -0.163659051 0.129667655 0.159977123 -0.112523794 0.127555713 0.247768745 0.0147227552 0.264347196 0.0325532444 -0.0351262353 -0.0893564969 0.0989395529 0.00975780934 0.0124123013 -0.061938487 0.166144744 -0.136522248 0.211487144 -0.00482143369 -0.235519364 -0.132787496 0.327722728 0.255778819 -0.0827074498 0.120070659 0.197107732 -0.343087584 0.02951378 -0.00350151141 -0.0684521794 0.0910196453 -0.371339977 -0.0172941852 0.174101666 0.101647362 -0.118508279 -0.046666231 -0.148971051 0.101992391 -0.134788916 0.0623231828 -0.134356916 -0.0231961105 -0.0505847186 -0.252484798 0.146873519 0.151023537 0.0222531036 0.0752135962 -0.272547185 -0.0473945066 0.140648425 0.062756598 -0.292505473 -0.0236852672 -0.00605776114 -0.108718932 -0.0171046965 -0.302849323 0.158159316 0.0547839254 -0.047226131 0.108030371 0.13052839 -0.108815804 -0.0509934686 -0.119587779 -0.000157715578 -0.451965541 0.389387339 0.193482831 0.0441721901 0.438669831 -0.0437641963 0.126163512 -0.102507412 0.170247942 0.174123496 -0.24566713 0.0362141505 -0.194868118 0.0284409709 -0.0588177592 -0.214043349 0.0279317852 -0.368788868 -0.0265492965 0.150838748 -0.0391245447 -0.173611075 0.331599236 -0.0831857696 -0.142977878 0.220421001 0.0198086537 0.220602706 -0.0303961635 -0.0340519175 0.0871054828 0.137361377 0.0543617047 0.155693606 -0.141829997 0.0771265998 0.139506519 0.0459342711 0.136257172 -0.0658096373 0.211709544 -0.184794858 0.00764678 0.0581566542 -0.276471764 0.0690109432 0.112773031 0.053310778 -0.0204293597 0.267161429 -0.0694302917 -0.104131848 0.0352493376 0.0902933106 0.213405326 -0.1835621 -0.130247727 -0.0144657213 -0.199198678 -0.122250177 0.057182543 0.0846261382 0.26577127 0.0804405212 0.457538337 -0.272830993 -0.280761987 0.14034377 -0.381319076 -0.0320332125 -0.270942271 -0.00334200333 -0.0338560306 -0.187767133 0.044003278 -0.065410383 0.0315138735 0.167490169 -0.0668924898 0.167381793 0.0775239617 0.154057294 0.237845898 -0.0899664313 -0.00793170836 0.0689693615 -0.333583146 0.122797661 0.0919170156 -0.224526539 0.0667025894 -0.0842362866 0.16435577 -0.00980051327 -0.0549435243 0.0186422653 0.0770791844 -0.29433167 0.00647136336 -0.0572501346 -0.114023216 0.133154914 -0.146131918 0.0130244754 -0.0499417372 0.121676154 -0.0672437623 0.03293873 0.023492856 -0.0766404867 -0.10122107 -0.0343200378 -0.0434133075 -0.245419338 -0.0888780802 -0.0329334997 -0.177947029 -0.126771465 -0.279351622 0.270533353 -0.0512000136 0.101409502 0.0219561551 0.150159419 -0.0334649161 -0.00526740029 -0.185300857 -0.00307426485 -0.422613293 0.284107 0.0402418375 -0.176911622 0.153179049 0.0840664953 0.2152697 -0.293399483 0.100599028 -0.00106209901 -0.175243482 -0.0794366896 -0.148873165 -0.109252229 -0.0850319266 -0.0800325423 -0.0920146033 -0.085877493 0.0149285961 -0.0544357896 -0.0951494724 0.0557518676 -0.107017606 0.011219006 -0.132119313 0.124551728 -0.104106478 0.079410702 0.0392080285 0.0541290492 0.0196829997 0.0372134671 0.100482032 -0.103446335 -0.0297865551 -0.0721198767 -0.010276706 0.0805192962 0.0665128157 -0.106550142 -0.014768566 0.084406957 0.117203586 0.0238108039 -0.0421897471 0.143807381 0.116534472 0.0426813513 -0.0628379434 0.0605345666 -0.109613694 0.0141014531 0.075605087 -0.0469969697 0.0253409408 0.170634389 0.0134400595 0.0290718377 -0.0414541475 0.0259879921 -0.036072813 -0.0193289407 0.032055743 0.0113511859 0.165590465 0.159480214 0.0500633195 -0.0997753516 0.0125838974 0.0128943231 -0.0583096296 0.157315925 0.0317715444 0.0240782034 -0.00129194919 -0.107614242 0.179313302 0.118932106 -0.0164398737 -0.105912171 -0.14105545 -0.190767631 -0.123691358 0.1483078 -0.0866390839 -0.0705910921 0.404127836 -0.115633979 -0.0516979843 0.107706636 -0.047592517 0.14481397 0.14105086 -0.0244715922 0.158789366 0.0907975808 0.19734706 0.0225006621 -0.0796122923 0.0145691475 -0.0592179708 0.071991913 0.0565181412 0.178203717 -0.00332128978 -0.0741889402 -0.0813787207 -0.209831089 0.0493239574 0.233941525 0.0164244995 -0.192438677 -0.134036928 0.377107412 -0.13230519 -0.0280810781 0.024292592 0.0089617027 0.139122412 -0.140544027 0.0923176259 0.061350774 -0.0890677646 -0.0634363294 -0.0444449186 0.00185924093 0.130708277 0.254646957 0.354332209 -0.397503316 -0.116790824 -0.143673405 -0.191745982 0.0670580938 -0.151908293 0.0528955683 0.0206891391 -0.139825448 0.271562546 -0.0735945553 0.203601748 -0.0782744512 -0.0452631526 0.297026277 0.204505354 0.387079716 0.217521816 -0.172617331 0.150347903 0.20363982 -0.205633655 0.320174992 0.171907797 -0.0427832343 -0.0276102014 -0.332119048 0.0320236459 0.131785423 -0.248982474 -0.223660752 0.0568551198 0.122602746 0.184915364 -0.130623475 0.0502104498 -0.104585074 -0.121767186 0.137711301 -0.246736899 0.295646966 0.0794043094 0.122785367 0.261357039 -0.0940348506 -0.00679375604 -0.0346951112 0.0264276322 -0.216807187 0.0324751735 -0.00498533854 -0.158194155 -0.0748157725 -0.336970836 0.182858631 -0.108900912 -0.0128988884 0.0567596629 -0.00765306689 -0.00498681003 0.169163153 -0.0781729296 -0.175635576 -0.433734953 0.304857999 0.125968903 0.178703859 0.334352911 0.105045773 0.262182295 -0.157258853 0.254179627 0.0454660356 -0.336050808 0.0876318663 -0.0953244641 -0.0356258973 0.0665156096 -0.211189657 0.0413537882 0.552646995 0.2558375 -0.153321743 0.316280454 0.309416473 -0.41201961 0.167444721 0.153028324 -0.199859902 0.131600961 -0.507316291 -0.0375202298 0.255833209 -0.264221936 -0.1919415 -0.0397113562 0.0723999217 0.317827016 -0.0700310692 -0.11557468 0.0418991558 -0.27829808 0.055438064 -0.328957915 0.465316534 -0.0266146492 0.0729023889 0.294134468 -0.369730234 -0.101310998 0.133973584 -0.100048237 -0.293438882 -0.00713825133 -0.0114194211 -0.128606945 -0.13192904 -0.424984246 0.13036193 -0.019954564 0.0347657353 0.196320847 -0.00951456372 -0.156031609 -0.0799867883 -0.110914074 -0.141235203 -0.554515481 0.427756399 0.203960285 0.214432329 0.494989604 -0.151368812 0.245054975 -0.0457220189 0.16706638 0.254537016 -0.218864724 0.13346076 -0.186738402 -0.12810117 0.104730807 -0.48565796 0.0897785202 -0.541693687 -0.210604772 0.0315445587 -0.103571013 -0.225630462 0.436446726 -0.307339728 -0.0417990163 0.176976442 -0.043518886 0.579405665 -0.0280995183 -0.00344031211 0.234026462 0.0590639338 -0.0213958379 -0.0314890258 -0.163155675 0.042645514 -0.105479471 -0.0719493479 0.121363662 0.00250464864 0.272703081 -0.44859007 0.0184288602 0.0520478226 -0.218424618 0.142926261 0.112100437 -0.141453207 -0.0628742278 0.223575354 -0.00166579778 0.0286451057 0.160723254 0.263797104 0.258267492 -0.254961044 0.0371893458 0.00112061971 -0.286646038 0.0714436024 -0.0163881853 -0.0607895628 0.171956286 0.0299159586 0.417250872 -0.281835914 -0.0626745522 -0.106319271 -0.432601452 0.157396674 -0.258283526 -0.0719147623 -0.110094205 -0.0467327908 0.250042081 -0.195889756 0.131413653 0.0936984494 -0.189287633 0.400333911 0.106625758 -0.547004759 -0.0591819435 0.258970022 -0.291459024 -0.371541381 0.222729072 -0.187642634 -0.147296712 0.0546055548 -0.0345968641 0.523513138 0.0238921084 -0.23446849 0.186355665 0.0783328936 -0.0673317164 0.106134996 -0.20504415 0.132298663 0.0110276714 -0.0823851526 0.252716154 -0.0741184279 0.0365598798 -0.182281554 0.138352826 -0.0655524358 -0.260248363 0.248030275 0.0662612319 -0.0367145017 -0.137543008 0.166578382 0.0291246083 0.0601660237 0.00532235904 0.114967331 0.343559176 -0.192657694 -0.026849512 0.046182815 -0.122594677 -0.117848858 0.139605507 -0.0777796432 0.079270497 0.129974097 0.473205388 -0.338362962 -0.0373262428 -0.0842648894 -0.306853741 0.115051426 -0.226550564 0.0770281479 -0.212262899 -0.0493194349 0.183138058 -0.0585249178 -0.0552174114 0.0586272068 -0.000932600116 0.195945993 -0.00800323207 0.359554112 0.296645969 -0.0467589498 0.211151466 0.113950819 -0.445782512 0.216280714 0.00257340982 -0.0987505168 -0.0335242972 -0.423467457 -0.0242345482 0.0277835056 -0.174600482 -0.0882817954 -0.0703900456 0.0183340479 0.291542649 -0.0794260874 -0.0415277705 -0.116889119 -0.121649288 -0.167159542 -0.221707508 0.132031217 -0.0448536463 0.0353538804 0.205828339 -0.231021911 -0.025830213 0.139364511 0.0162160378 -0.279053807 0.0210561138 0.0193927959 -0.130764857 -0.0378415957 -0.209668711 -0.0629859194 -0.0515992418 0.121372961 0.194308773 0.138537496 -0.084677808 0.00559154153 -0.0119161261 -0.140797481 -0.157496437 0.478083074 -0.0226993412 0.147374377 0.405815303 -0.304944485 0.188377649 -0.00379929179 0.120304614 0.163130805 -0.135744512 0.0404152498 -0.216007099 0.181590423 0.0277604591 -0.321896046 0.078584075 -0.0289345831 -0.121243969 0.196340963 -0.144405648 0.0775893554 0.0112737278 0.0231621265 -0.0173901543 -0.0200058613 0.0992542207 -0.0663969591 0.0148563981 -0.0123262843 0.100026287 0.0254331194 0.176380619 -0.0400183089 -0.109190337 -0.0115185548 0.115235254 0.0121398754 0.0290895179 0.0232779253 0.0153032718 0.103101477 -0.0643949583 -0.113830566 0.00113241235 0.0598413013 0.143783286 -0.0823727548 -0.0240809694 0.163486794 -0.0629773811 -0.0736460239 -0.055488158 -0.0583879463 0.19607994 -0.104660437 0.171755552 0.00307406276 0.0295393243 -0.0954721868 0.0214211736 -0.0660851747 0.1419999 0.0269427691 0.220408663 -0.206151947 0.0597237647 -0.144404799 -0.0691226125 -0.0158188585 -0.0119631113 0.108900018 0.0640838891 0.0150218653 0.1179654 0.108839847 -0.0171666089 0.140933752 -0.0191572793 0.0873923451 -0.0310001429 0.399968594 0.220275342 -0.151797563 0.302038044 0.325525403 -0.391338676 0.249978691 0.0944395363 -0.171392515 0.159516037 -0.378611654 -0.0207846425 0.191349581 -0.0491970703 -0.132082954 0.0417217202 -0.0199804399 0.272835642 -0.03884295 -0.149676815 -0.0507076606 -0.308507323 0.0504330359 -0.112962984 0.366701633 -0.000737174123 0.0031590499 0.194057345 -0.368208408 -0.189006671 0.0419277959 -0.0808938369 -0.414639026 -0.0225949902 0.127810389 -0.0386531763 -0.0866108313 -0.314733952 0.236515388 0.0319287479 -0.00692383852 0.280201674 0.0432786271 0.00835084822 -0.022785943 -0.265944391 -0.188959986 -0.464057714 0.432640254 0.251822382 0.0545676537 0.444298357 -0.00302286446 0.169929504 0.0424625389 0.0322383642 0.10539829 -0.317357779 0.16165401 -0.162468374 0.0359704122 0.00374776893 -0.412642539 0.0300811082 0.478017956 0.0326808505 -0.224097252 0.204224303 0.317258954 -0.320798576 0.276053846 0.101986207 -0.102513015 0.162107125 -0.344278187 -0.1034979 0.092862539 -0.0711753294 -0.117648609 -0.117801599 0.0838913694 0.093183428 -0.160120144 0.00985578354 0.0401832908 -0.223612413 -0.0985655487 -0.224829584 0.332580626 0.0558884628 0.0329071879 0.227267519 -0.219669402 -0.0994903594 0.181328446 0.104515091 -0.338820219 -0.08466167 -0.0149784498 -0.122108787 -0.223470792 -0.247312203 0.306769818 0.0244114306 -0.00166048191 0.205528155 -0.0870325044 0.0585185438 0.0469115861 -0.202282116 0.0457572266 -0.36434111 0.322151691 0.0937922522 0.0850678906 0.337535888 -0.0613230206 0.215303913 -0.15413551 0.217380568 0.17048721 -0.311376452 -0.0570003279 -0.140033126 -0.0175424237 0.0135217775 -0.145029008 0.0385049656 -0.410355985 -0.257152736 0.183237433 -0.144869253 -0.281195521 0.400689274 -0.243954495 -0.0547036864 0.0797966793 -0.0803897828 0.34705916 0.0902720466 0.00668885419 0.179666802 0.163887233 0.110929117 0.047400251 -0.262462288 0.084074676 -0.0614332408 -0.00849877857 0.243590593 0.0504406765 0.0951849148 -0.254652262 0.0503270887 0.0582897663 -0.28948769 0.219930202 -0.0811239928 -0.110925011 0.013236302 0.324236333 0.108963244 0.0840609074 0.00859465357 0.113432199 0.296853483 -0.300540894 -0.120556951 -0.108345203 -0.121339984 -0.107356638 -0.0169832967 -0.118842632 0.0256805848 0.164083257 0.326611876 -0.471700758 -0.0191692691 -0.0422364436 -0.333291709 0.0917679816 -0.0858465955 0.00948861893 -0.211492419 0.0357954986 0.292903125 -0.0245269518 0.101674102 0.00844369549 0.0301775932 0.391588479 -0.0521374643 0.496284515 0.278390288 -0.0925866514 0.310098916 0.21933417 -0.243094221 0.116482556 0.186214328 -0.219250336 0.0123328585 -0.52273798 -0.096193485 -0.0106581459 -0.152196124 -0.218093559 0.0136605967 0.0309688766 0.303819329 -0.140990958 -0.0047811768 -0.0977530256 -0.212766334 -0.00963687431 -0.18108362 0.222451448 0.00332963257 -0.156310901 0.070864059 -0.316292733 -0.000861556677 0.0665678307 -0.0586326234 -0.376614481 0.112983286 -0.0699819997 -0.0592020899 -0.0930202082 -0.458944619 0.215172291 0.116428614 -0.0122799287 0.206182718 0.0918873399 -0.15291588 0.127399579 -0.107405312 -0.0862843022 -0.491054356 0.406136215 0.234324843 0.0917808041 0.504904687 -0.0611956753 0.254054278 0.0129459742 0.212922052 0.00710600941 -0.136217326 0.206624836 -0.0900815427 0.083169952 -0.0774498731 -0.358690679 -0.0172227733 0.0945504904 0.100924909 0.206607178 0.0398658514 -0.0992141217 0.00221110228 -0.0203011818 -0.219734266 0.197288349 -0.0209265929 -0.0271594822 0.00902312621 0.138396516 0.1080807 0.137421489 0.016497612 -0.0814729109 0.0182208624 -0.109270304 -0.111020349 -0.0360575952 0.076570496 -0.183976889 -0.000399683981 0.0315797068 0.145440042 0.0670359358 0.0335219279 0.00664979406 0.178404912 -0.00586928707 -0.0144446474 -0.0874282643 0.209762901 -0.143045217 -0.0688109472 -0.0406732298 0.0211215671 -0.215764821 0.0114574628 -0.0657315478 0.113237731 0.0378319398 0.00881582219 -0.135592923 0.038436655 0.00854425598 0.312232584 -0.00876831543 -0.000471106992 -0.0952996314 -0.0666638762 -0.136563405 -0.162419245 0.135593459 -0.0741814971 0.235378742 0.101443529 0.0997944474 0.0141065717 0.100212827 0.0364089571 -0.0279877819 -0.129479349 0.0878157541 -0.0422355644 -0.205206141 -0.0587253794 -0.0771689564 -0.069489412 0.0162351932 0.133563191 -0.150617242 0.0239783172 -0.126291692 -0.0121761411 -0.114885226 0.164535761 -0.0696415901 0.00905033108 -0.0979530215 0.0766047984 0.160899371 0.0017728142 0.256016076 -0.0311775003 -0.0196577366 -0.0952632353 0.0395184867 -0.177206874 0.114356667 0.0710910037 -0.107108124 -0.0772344097 -0.223416686 -0.0858983696 -0.0733879283 0.0475319475 0.00647530239 -0.149944782 0.0459381416 -0.180396855 0.172660202 -0.113978602 0.126582742 0.0539036021 -0.169317216 0.127819434 0.0122341011 -0.0345353037 0.113396376 -0.297748923 0.165782005 0.115790352 -0.0542073585 0.152946129 0.293562144 0.139353022 -0.14568232 0.216695905 -0.117458843 -0.236238584 -0.0693739355 -0.100227378 -0.0404941253 0.184565112 -0.142805234 -0.0346220247 -0.49887082 -0.219606429 -0.0058284956 -0.0998243019 -0.190873876 0.455469519 -0.205603287 0.0487080775 0.126786128 -0.0288161095 0.397104025 0.123919271 -0.12918666 -0.00812200923 -0.034041509 0.0686366856 0.0738069117 -0.227270946 0.154614747 0.0787951946 0.0948061645 0.0402034819 -0.0237404276 0.209690034 -0.299048394 -0.142546326 -0.0933425277 -0.174574599 0.217963144 0.0686835125 -0.204168901 -0.074238494 0.209313273 -0.0776319131 0.00293788617 0.12366502 0.0434421077 0.268562257 -0.0453900136 0.0131569337 0.0209908392 -0.120659366 -0.042326048 0.109119073 0.0623912886 0.0760722533 0.114866234 0.332109958 -0.402509272 -0.178886876 0.0104415771 -0.281397045 0.273454815 -0.100906752 -0.0682073981 -0.0274837073 -0.225294545 0.200629979 -0.160098881 0.202088848 -0.138256907 0.0506435968 0.24189508 -0.0919414088 0.598294675 0.188996762 -0.134722158 0.124616869 0.228625447 -0.408715367 0.140664503 0.143522099 -0.227205276 0.119452275 -0.450817883 -0.0504086725 0.141686097 -0.121061929 -0.241155148 0.0280571617 -0.158030659 0.288729519 -0.0691754296 -0.108838603 -0.108146563 -0.357130289 0.0597818084 -0.18044059 0.440131724 0.0156904068 0.0422244892 0.146986797 -0.210251287 -0.141451269 0.148649648 -0.115513496 -0.45596233 -0.0227421522 -0.0657570213 -0.13661851 -0.142637283 -0.293853998 0.140119001 0.089695774 0.0151787912 0.302649826 0.0598502085 -0.109048277 0.0915012509 -0.168998882 -0.00762157142 -0.529797733 0.415578544 0.124603264 0.134341776 0.507834077 -0.0413820893 0.152695417 0.0814675838 0.0797144547 0.148966938 -0.12614195 0.101886861 -0.0356193893 -0.0147570586 -0.0550709032 -0.325059891 0.0297386907 -0.449265927 -0.0588966832 0.0541706719 -0.0758610219 -0.357274503 0.278640062 -0.149451762 -0.000186749312 -0.0652047396 -0.0115041817 0.470569938 0.0993747264 -0.0131277591 0.0461201295 0.173673019 -0.0266919937 -0.0893887803 -0.0621815622 0.1926236 0.126638278 0.166273519 0.267288357 0.103372082 0.024792131 -0.215777457 0.0861535594 0.102484584 -0.175728977 0.179743737 0.0358426571 -0.0426423885 -0.00963673647 0.208283246 0.0151963197 -0.0604653135 -0.0246127881 0.0944264978 0.152848825 -0.191960186 -0.0696501955 -0.0520197153 -0.178959459 0.072946541 0.211709693 0.0920919478 -0.0731885284 0.207733065 0.343132883 -0.30471313 -0.122296087 -0.259507507 -0.216492042 0.0194213372 -0.0141372634 -0.226623461 0.0331335403 -0.0666499361 0.202385321 -0.0905918255 -0.104425378 -0.15913476 -0.117829345 0.215810955 -0.0668251961
tensor gate_encoder.0.bias 1 32
-0.101176679 -0.0708827749 -0.0249051079 0.166972086 0.153856859 0.00664384663 -0.0592513233 -0.0683562309 0.000463577249 -0.118189558 -0.0332725942 -0.0897464156 -0.049179595 0.0246571284 0.0229200609 -0.126455814 0.132852152 0.131700829 -0.0151026519 0.0481456593 -0.0218067653 0.0593883544 0.105800949 0.0190203767 0.115934618 -0.0316016711 0.0748419687 -0.0357556678 -0.06327454 -0.126826704 0.000379365287 -0.0436131954
tensor objective_value_embedding.weight 2 32
0.13384226 0.380729407 0.144512445 0.690202177 -1.29507744 0.235055491 -1.67748308 0.352177918 0.522714615 1.62981129 -0.175066441 -0.0303508285 0.571004093 0.482486784 -0.131588206 0.919872701 -1.37656415 -0.792021871 1.20229971 -0.632546365 -0.0858215168 0.431803048 0.326432914 -1.19400203 0.238718793 0.358083636 -0.215125829 1.18199277 1.02819586 -0.729852796 0.434537143 -0.980425 0.575295091 -1.0711087 -0.0637828112 -0.294032425 0.778317213 -0.39714089 -0.196845442 -0.00919503812 -0.737506926 0.814424753 0.441528112 1.47893143 0.409363061 0.317688197 -0.314320415 -0.545869231 -0.959287405 -0.578649938 1.21530557 0.202094227 -0.167802796 1.10814393 -0.655638993 0.776037753 -1.37118721 -0.40628475 0.677664936 0.0364452004 -1.83130467 -0.324862897 0.10901542 0.0864404738
tensor backtrace_actor.0.weight 32 32
-0.157928139 -0.0989507511 -0.00125863962 0.322287709 0.0341011733 0.063485913 -0.174862951 0.123957247 0.192076385 0.0976136029 -0.17085664 -0.0723325908 0.109877065 -0.145412162 0.0234210175 0.0545364395 -0.18403551 -0.240482599 -0.0419441685 -0.256424606 0.109250359 0.024495326 0.0960365161 -0.032019645 -0.122924581 -0.0309051089 -0.0138265109 0.183437407 0.0929659531 0.0520294979 0.0735707283 -0.159072563 -0.09193746 -0.153845474 -0.266028613 -0.0538580529 -0.00878225267 -0.235576183 0.157587156 -0.0652290657 -0.177797571 -0.0553165413 0.0867839232 -0.0503402762 -0.0421218947 0.00552732917 -0.15403837 -0.024342265 -0.0126441158 0.082528308 -0.1662644 0.291896492 0.00579500943 -0.0243924614 -0.0126746828 0.0751154497 -0.0155126266 0.107390888 0.0992502496 -0.0786932558 -0.15510723 -0.05573567 -0.0712104216 0.231530339 0.225371361 -0.0166596714 -0.141489148 -0.1700207 0.11464262 -0.253082901 0.0762199759 -0.137826651 0.115725927 -0.263528526 0.0677475259 0.0325665027 -0.0851983279 -0.102942303 -0.0400835052 0.0644949079 0.0251123868 0.0165690389 -0.00300518004 0.298426837 -0.115761518 0.132656366 0.0863046944 -0.0274732448 0.128667489 -0.182971328 -0.11989969 -0.192437112 0.00965618715 -0.0405233763 -0.196567729 0.12743248 -0.0453988649 -0.0631394908 -0.00981855299 -0.0411365293 -0.0189975351 -0.190972432 0.118471861 -0.15524818 -0.0513672084 -0.100252822 0.0830390006 -0.0593279935 -0.228611708 0.00272541796 0.0753941834 0.0838748664 0.139662132 -0.0641214177 -0.0655993149 0.128402501 -0.0922730789 -0.106112145 -0.122229286 0.0241668485 -0.0621789023 -0.0334228575 0.0366489701 -0.159352064 -0.0895644799 0.0182619411 -0.178885698 -0.0581348948 -0.0470414199 0.0309038144 0.0228086971 -0.0432009846 0.131334037 0.0527846664 0.0555429645 -0.02297334 0.0831771791 0.0473140553 -0.0366653204 -0.126538277 0.0741156712 0.116223484 0.0216030143 -0.143936083 0.152562961 0.0736471936 -0.105417207 -0.0846715346 -0.0652050897 -0.0136741139 0.0854497924 0.116666585 -0.0618975312 0.0243916698 0.103879385 -0.0310394857 0.0863951668 -0.0526540056 0.175099984 -0.250848651 -0.093790859 0.0371323638 0.333185673 0.175530478 -0.0584043488 0.141851187 -0.0882332399 -0.00743875653 -0.068728365 0.0709481761 0.062667124 0.0717943758 -0.101772636 -0.123860598 0.189114377 0.261298388 -0.0166701972 0.117512263 0.0781241953 -0.0454844534 0.104081154 -0.113830119 0.283783406 -0.23065488 0.12737672 -0.00911876094 0.0193842854 0.156726047 0.0135937352 -0.192700088 0.229772225 -0.310543448 -0.118780509 0.0164220706 -0.150685132 0.128808051 -0.0601540282 0.139345765 -0.00498490315 -0.113442369 -0.000393331109 0.0933002532 -0.0689120367 -0.0233830009 -0.0210422985 0.201353103 0.061418619 0.0690224543 0.12408001 -0.0334745608 0.10981416 0.143014476 -0.00838977844 -0.0260460749 -0.124332912 -0.149629742 -0.137615666 0.125182465 0.0567280725 -0.0573220439 -0.100926161 0.130845308 -0.00301959342 0.178439498 -0.0652857497 -0.0747958794 0.00559895812 -0.0475378148 0.0300445687 0.052013807 0.0558161363 -0.0165122319 -0.0353129134 0.0973198712 -0.0278591681 0.160256386 0.195372492 0.0869701356 -0.195334524 0.0217957068 -0.176256016 -0.0792782605 0.16235517 -0.111538321 -0.0309327114 -0.0567647293 0.0636301488 0.0826027319 0.164380565 -0.0508442707 0.0389437675 0.127178907 0.174747512 -0.24568367 0.15667516 0.0692809224 -0.123032972 -0.0299389996 0.0665974021 -0.0894369334 0.00796694029 0.0155121163 0.158627078 0.00353252119 0.0485757515 -0.0232881773 -0.127244711 0.178037837 -0.00130116532 -0.0152833629 0.118185386 -0.107629187 0.181098804 -0.141772479 0.106882475 0.0729455873 -0.0138342995 0.0238435343 -0.0377572663 0.0244973358 0.122503333 0.110146999 -0.0107772481 -0.133736849 -0.106840238 0.16607143 -0.186564803 0.109250307 -0.057219848 0.0504235737 0.0305026826 -0.223072618 -0.12153317 -0.203802764 0.0833794177 -0.0719067603 0.132517546 0.0406677537 -0.178770095 -0.00159477978 -0.00031598995 -0.094428882 0.183801591 -0.0953769758 0.0374059454 -0.146396294 0.12390431 0.0217088163 0.173800871 -0.0616935678 -0.0710641444 -0.0512002073 0.00715748128 -0.105005294 0.0104211643 -0.15443486 -0.194533408 -0.036785908 -0.187555224 -0.0841911659 -0.259043097 0.0110054296 0.00753062265 0.293352485 -0.0536682419 0.0563476682 -0.130057886 -0.0485123284 0.120823711 0.098278515 -0.179548129 0.125024706 -0.0979187265 0.106699869 0.0887162089 0.0503147691 -0.0415166803 0.0634038746 0.178262785 -0.0227196794 -0.0488813967 -0.0652638301 0.113784708 0.0310271569 0.00302952435 0.000772442436 0.0885462463 0.171348289 0.0774535164 -0.0191978812 0.11496637 -0.00260271109 0.162637487 -0.0505531505 0.0465519316 -0.112053797 -0.076027669 -0.0852777362 -0.126344085 0.0117141474 -0.210256457 -0.193837225 0.116803475 -0.0121058812 0.0822796002 0.15042606 -0.155642137 0.00554351276 -0.134487271 -0.0543009788 -0.0578478016 0.224684387 -0.0740733445 0.12172848 0.0812300891 -0.105839789 0.110736027 0.149733156 0.134742841 -0.120398551 0.116289608 -0.0652355477 -0.193702668 -0.0642173812 0.143849909 -0.0734467059 -0.254760116 -0.113724761 0.127126798 0.105547763 -0.0379470699 0.0736676976 -0.129675403 -0.0159597583 -0.131277233 0.0707657486 0.0246036127 0.0790100023 0.0385740437 -0.0371434279 0.0643191487 -0.185458347 -0.0270821285 0.222341985 0.155916139 0.0212876722 0.0579003729 0.119841248 -0.105649643 -0.122630917 -0.101187013 0.128713921 -0.067096889 0.213399991 -0.211594507 -0.0357829742 -0.0888431445 0.138281181 -0.0485208966 0.203977525 -0.141018063 -0.0631568581 -0.00515448814 0.0968138799 -0.0347991958 0.213479131 0.0650672764 -0.0262595322 0.197871014 0.0906545296 0.10476815 0.0175373964 0.00975546055 0.0266796537 -0.0148946038 -0.240195274 0.0987711921 0.136377692 0.0609958135 -0.168923244 -0.00969459862 0.00393696222 -0.128601909 -0.0628501549 0.0389631987 -0.190836012 0.0123967733 -0.109617673 -0.0180643611 0.168608934 -0.0635846332 0.0519259721 0.00768962502 0.172356755 0.0822946876 0.206696257 0.165990219 0.170340717 0.123426318 0.137364835 0.0804516748 0.0733503327 0.103791542 0.127610147 -0.0332729742 -0.129429877 0.132522479 -0.141784653 -0.136436298 0.146560356 0.112227865 -0.194703534 0.145626187 0.0942229703 -0.102225579 0.172612369 0.062254183 -0.0399814621 -0.0872160643 -0.268744022 -0.0932511315 0.1036008 -0.212594941 -0.230635807 0.132911503 -0.238677353 0.169112593 0.0385924466 0.0769428089 0.0875747651 -0.0543501303 -0.00973939896 0.0663753599 0.147479117 0.158447191 -0.0061929184 -0.00849923026 -0.0443627201 0.0438447371 0.155840918 0.0425560921 -0.053963691 -0.220512837 -0.0123044662 -0.162983388 0.139036104 -0.0834333226 -0.0301582683 -0.0891693309 0.146710128 -0.249120027 0.222867608 -0.178309694 0.196394488 0.160368428 0.0424744859 0.00871491712 0.254743367 -0.0960358158 0.00699182181 0.0389176197 0.163088173 -0.0374332033 0.0615950972 0.186871588 -0.0251078494 0.0114175603 0.224248648 0.076854758 -0.204860628 0.170509174 -0.376612186 -0.0429985486 0.157044798 0.0138150947 0.00150171551 0.115657315 -0.0254450757 -0.0526505746 0.0515036397 -0.0726454929 0.0419583842 0.225600377 -0.218544692 0.0504731387 0.0617951341 -0.0584685504 0.0267938599 -0.067189455 -0.0181820393 0.18668212 -0.158824533 -0.241510347 0.120612577 -9.63953353e-05 -0.0635668188 -0.0571086146 -0.0951804444 -0.00775169674 0.0861656144 0.202219769 0.0145850815 -0.144499183 0.222416028 0.0440197997 0.0164149217 -0.207934111 -0.0382543392 -0.138699219 0.0607759878 -0.0416057184 -0.214405075 0.0591407716 0.172907472 -0.0771591216 0.144137993 -0.0960792303 -0.0581231155 -0.289659917 -0.24236998 0.0532958619 -0.0469660684 0.222560942 -0.0940189511 -0.121883802 -0.101009354 0.121830545 0.0512491316 -0.215720862 0.102558769 -0.141228601 -0.0627456009 0.0252194628 -0.166214138 -0.0578141771 0.0493657365 0.0841153562 0.101565249 -0.21585691 0.165289506 0.073592037 -0.099253729 -0.0769241005 0.0314382166 -0.23811622 -0.0997221619 -0.118294224 0.211387426 -0.203419402 0.188407063 -0.0694605112 0.0564552434 -0.0420373902 0.0719321668 -0.200748265 0.0159619283 0.165442243 0.0492143184 -0.130873233 -0.0448156558 0.0898575485 0.0160707217 -0.132737994 0.0434248336 0.102365144 0.0211450197 -0.0208008885 -0.15156357 -0.207940534 0.177535579 0.0618276373 -0.121568471 0.183178261 -0.0353445597 -0.0626219437 -0.119222268 -0.0242118817 0.0958229154 0.00822338928 -0.065907985 -0.0346384719 0.0617643185 0.0725355744 -0.115435839 -0.0858994648 -0.213055015 -0.0577588677 0.144668207 0.135876819 -0.0357423425 0.144060194 -0.0468632728 -0.0666596517 0.00823606644 0.0458578505 -0.191372126 -0.0205587838 0.0338409245 0.0473383404 0.22737354 0.187095433 -0.0553686991 -0.222887367 -0.0790821984 -0.157109529 0.0209279712 0.0530957319 0.0561190285 0.108638532 0.245891914 -0.00470085582 0.261804402 -0.159031793 0.100623906 0.19645825 0.0559778698 -0.0185517836 -0.00572341867 0.0236534625 -0.113427036 -0.024212217 1.55986672e-05 -0.0386170931 -0.0804191381 0.072352156 0.13193135 0.0027491455 0.00189080497 -0.128374547 -0.0512195788 -0.110077821 0.0260618087 0.0747414231 -0.0748475939 0.0441716947 0.126947641 -0.0223266054 0.124980442 0.122011475 -0.0223359056 -0.103337623 -0.0875425562 0.249377564 0.0186949112 0.00365620502 0.0214824881 -0.0519214459 -0.0610622652 -0.0671924427 0.190768823 0.0413055159 0.0357634276 0.0229212735 0.0222849157 -0.0903640613 -0.0953528509 0.173644453 0.0883335546 -0.115791425 0.0320290513 -0.0176167563 0.195359781 0.0904522762 -0.0144205689 -0.141751558 0.127939939 -0.137810543 -0.0440167077 0.125107735 -0.0207337905 0.103383943 -0.0987107456 -0.0905283019 0.0680541918 -0.0168723725 -0.026098989 0.0469028056 -0.0241372827 0.0947197005 0.282312691 -0.00920938235 -0.0461276285 -0.244035825 -0.109896354 0.19614777 0.17830202 -0.00677677058 0.0358341299 -0.0753725171 -0.0252584685 0.0983487889 0.0927395374 0.0913308561 0.0568604991 0.156318322 0.0364625566 0.0342837721 0.0534265228 -0.115238257 -0.220072612 -0.137393698 0.238896176 -0.162969992 0.126362264 0.0536247604 -0.228281394 0.0936340392 0.0280961469 -0.0451987609 -0.0758045912 -0.004172293 0.0829747617 -0.193308339 0.177387893 -0.0771271586 0.0726080388 -0.0818909183 0.0278785303 0.0965435207 0.0539691076 0.223798558 -0.152494162 -0.0145703619 -0.0162985567 -0.0623871386 -0.123435073 0.0637717918 -0.0843161121 -0.0261601619 0.0595679842 -0.0437758677 -0.215157911 0.0581298284 0.193458915 -0.115324274 0.250769466 -0.0259474721 -0.0590742864 -0.00192150811 -0.151894376 -0.137314275 0.170575663 -0.121825263 -0.203839704 0.116594404 0.0169467516 0.0784047395 -0.125420436 0.120331556 -0.00119204004 0.00962788053 -0.104419895 -0.0146865966 0.0726064295 -0.107823476 -0.191286981 0.0240074769 0.04942514 -0.290934801 0.175259173 0.129529506 0.0477046557 -0.0622287914 0.242733747 -0.0212377422 -0.00149615423 0.0967476219 -0.105306879 0.0642651692 0.0433100499 -0.0841850266 0.199095473 -0.215026468 0.155106783 0.238516182 0.147331774 -0.117443301 -0.073996596 -0.203686282 -0.0535332225 0.0561643653 -0.12969844 0.0577745102 -0.115300365 -0.0107501652 0.00961038284 -0.151976168 -0.0509247258 0.0290865414 0.113655873 0.0348126367 -0.00834138039 0.00107346568 -0.0639554337 -0.0380766205 -0.0507332869 0.116042249 0.0575544573 -0.124113239 0.0167796481 0.0929301456 0.0365878418 0.240064055 -0.148137584 -0.0672249123 0.11062026 0.125397116 0.185282618 -0.244574934 0.0602338612 -0.0647511929 0.00355694699 -0.11433176 -0.069864884 -0.0445004813 0.117810711 0.207615644 -0.0739811435 -0.0599317402 0.039826829 -0.191287622 0.122852072 -0.0907051191 -0.144854933 0.133832633 0.151991248 0.0144780204 0.0320908055 0.195087373 -0.101292424 0.120130174 0.182995304 -0.00228150701 0.00299407006 0.216720581 -0.0866401494 0.145903081 -0.101967208 -0.00681222277 -0.205754638 0.0782579109 0.0672544613 0.20561491 0.05978157 -0.0337614045 -0.137431607 0.194267839 -0.130767196 -0.129832596 -0.00265802676 -0.0888784081 -0.154782176 0.00364156556 -0.0837103426 -0.0906379521 0.0305716693 0.168743864 -0.115253903 -0.185537785 0.0323345661 0.0487899445 -0.218297794 -0.0207803696 -0.113830432 -0.206054389 -0.0374370441 -0.0178414378 0.104704119 0.118373536 -0.193840399 -0.190497607 -0.0450207219 0.0106639415 -0.117429428 0.155343965 -0.070973672 -0.0670176521 -0.177630767 -0.0339506753 0.149924994 -0.10218551 0.158430204 -0.143511936 -0.211747289 0.110069446 0.13058351 0.0353986099 0.293616384 0.0698220879 -0.0208580028 0.0318860896 0.0380966365 -0.0964523703 -0.0967434645 0.120652661 -0.1561905 -0.171557486 -0.00540759927 -0.250857174 0.136737928 0.0277246106 -0.0319913812 -0.100509398 -0.117083646 0.119627774 -0.241555274 0.224813029 0.108153366 -0.0181378219 -0.189626291 -0.00405664835 0.1796453 0.0237799138 0.155308858 0.132705823 -0.136670843 -0.0138288578 0.0155307632 -0.0078487182 -0.0313360989 0.141632318 -0.174347237 0.0939928666 -0.126205653 -0.145968422 -0.14162305 -0.0293516833 0.0904649049 0.0563411638 0.0716518238 -0.00503034564 0.210581675 0.0863614306 -0.0308810677 -0.217880204 -0.0966761783 0.0110776769 0.0469607003 0.0286176708 0.00167345337 0.0228964053 -0.159126967 0.124756165 -0.106960647 0.101703882 -0.0768477693 -0.149894699 -0.175285384 0.0983265787 -0.129332319 -0.0948100835 0.2763412 -0.121942483 0.010382791 -0.0262099281 0.207364127 -0.119811945 -0.199703187 -0.0341370143 0.0718858242 -0.194391727 0.199692503 -0.04376157 0.178409994
tensor backtrace_actor.0.bias 1 32
-0.0318812169 0.126663789 -0.00100855017 -0.166458249 -0.0146699306 0.0572558716 -0.0855781436 0.180806905 -0.107188575 -0.175199091 -0.0380005613 -0.0350278318 0.0503191017 0.168020278 -0.00480796117 0.10105823 -0.0608742982 0.126941651 0.0467184857 0.179963753 -0.203390256 -0.15929608 -0.0894264951 0.134644866 0.133303612 0.0452749543 -0.00783100072 -0.0377116725 0.149624512 -0.0981606245 0.096212469 0.104167394
tensor backtrace_actor.2.weight 2 32
0.203060418 -0.165164009 -0.19958508 -0.162907958 0.0562275983 0.161679789 0.0430423021 0.0769240707 -0.0334537029 0.0017943636 -0.0534923635 0.0767216533 -0.0591681413 0.190403134 0.0423350111 -0.203149319 0.166595191 -0.00117472163 -0.0881195068 -0.0347475559 -0.115385346 0.0838030204 -0.0530800782 0.171003506 0.172295436 -0.205533057 0.0128480224 0.00756689673 -0.18556267 -0.226522207 -0.121958457 -0.0635969639 0.0684503689 0.20966424 -0.0864868909 0.126748443 -0.0324503556 -0.00109025231 0.0730572939 -0.069553338 0.00477996515 0.0908211395 -0.19052422 0.111398831 0.0537949093 0.084536761 -0.197045371 0.101526156 0.0241334792 0.0762463436 0.11544022 -0.153177842 0.140209243 0.0651636198 -0.0696076974 0.0915421844 0.0689194947 -0.0761398152 -0.0723291412 -0.0893858373 -0.022240296 -0.0716305971 0.101931475 0.0501815677
tensor backtrace_actor.2.bias 1 2
0.15236634 -0.104373164
end
