SMARTATPG_ACTOR_V2
embedding_dim 64
hidden_dim 32
tensor gate_encoder.0.weight 32 64
-0.0823165402 -0.0667262077 0.0538402051 -0.103994645 -0.120725013 0.0029398615 0.0692588463 -0.125337362 0.0505515374 -0.108438104 0.0793316066 -0.0716662109 0.0516479276 0.0302757993 -0.0299730785 -0.0377826244 0.107320763 0.0539585762 -0.000574425503 0.105490215 -0.018343715 0.0640365407 0.0569925271 0.0106799062 0.0620024502 -0.0642571747 0.0919295847 -0.0440680794 -0.0431111567 -0.113632977 0.110594481 -0.0248993542 0.0879159942 0.0132613657 -0.0936902314 0.00575100351 0.0756284893 -0.0176453739 -0.033743605 -0.0251935124 0.0878972858 0.027628677 -0.109799758 -0.0201811995 -0.0282012131 -0.0901383087 0.0210735686 0.0941047966 -0.0296081919 0.0740859434 0.00477145379 0.0598968603 -0.0775327161 0.00341893872 -0.11879658 0.00128709234 -0.0148436176 0.0156702641 0.0612598509 0.057230141 -0.0922495648 0.108127341 0.0846342742 -0.0250832029 -0.0722429827 0.00659550913 0.0123180253 -0.105869062 0.0987856835 0.011209432 -0.106528863 -0.0268078372 -0.109899558 0.0140008852 -0.00475473143 -0.0716980249 -0.1174476 -0.0140222404 -0.0231032446 -0.0415807664 0.034375634 0.00271555898 0.0760054737 -0.103052095 0.0927664042 0.0915153921 0.0719707087 0.0106985597 -0.126438439 -0.0444650464 0.0898079053 -0.0900597572 0.067917794 -0.0584209375 -0.122073933 0.0729067773 0.069818154 0.0215793625 0.0242793057 -0.109668009 0.00494933128 -0.0540622473 0.0785854012 0.0463708937 0.0330227055 0.00102352723 -0.0874466896 -0.0572935976 0.107047707 0.125394106 0.0925876349 0.0686391443 -0.115954839 -0.053021241 0.0182345305 -0.127257362 -0.0625385493 0.11213664 -0.0105405496 -0.0327364951 -0.0133826658 0.0630621165 0.118799709 0.0485991761 -0.0212931745 0.0610071123 0.0741670728 -0.0104197301 -0.0455197692 0.0346083976 -0.08799126 -0.106155954 -0.0733325481 0.00100749871 -0.0741880536 0.0625697002 -0.110360041 0.0877088457 -0.0298210904 0.0398470983 0.0577350147 -0.0893231928 -0.0142449066 -0.0077910074 -0.0615813658 -0.0184241775 0.0921641439 -0.048995398 -0.00535452273 0.0986501575 0.0587606318 -0.0520531572 -0.0164769981 -0.0176073313 0.0181379914 -0.0142568303 0.0715980381 -0.0855988339 -0.0376950987 -0.0278157741 0.00077886472 0.0033303923 -0.115616754 0.023387637 -0.00797446351 0.0817360878 -0.0279550962 0.111601345 0.0177066196 0.083936654 -0.118120581 -0.126075178 -0.0022115889 0.0253539681 -0.041351594 0.123799793 -0.0590052679 0.0106264027 0.107222289 -0.0404138044 0.113217592 -0.0479883254 0.078298755 -0.0888288021 -0.0539957844 -0.00413748156 0.111842856 -0.0655420348 0.062624 -0.0257754903 -0.00498239556 -0.0258192848 0.0926382169 0.0664430559 0.0752698854 -0.0997848585 0.1241882 0.115969062 0.0959499329 -0.0681695193 0.0264546722 0.0979105979 0.0644029379 0.0451579615 0.0358079597 -0.0590517223 0.0910220072 -0.091665104 0.103652924 0.0594450682 -0.0373013802 -0.0813205466 -0.0325530432 -0.05127763 0.0585175268 0.00969673041 0.0664745495 -0.0552867018 -0.117904805 -0.078917563 -0.110705048 0.0115385968 0.0124265468 -0.0918040499 0.0946432725 -0.0525275841 0.018214209 0.0166136641 -0.0243829433 0.0929026082 -0.0404088348 0.0563436784 -0.0757888407 0.120197996 0.0324924625 -0.0243683811 -0.0597447865 -0.0489085689 -0.0825674757 -0.10030704 -0.0273120031 0.0596656241 0.123197407 -0.116753563 0.0408577621 0.041104231 -0.0284679998 -0.0948445052 -0.104633272 -0.0359257199 0.067944482 0.0721271411 -0.000464184151 0.101442724 0.0816615745 0.0139906472 -0.0239113364 0.101024747 -0.0176252145 0.0598899163 0.0593747795 -0.0715856776 0.110669471 -0.0386914536 0.00598408189 0.110181607 -0.0129344352 -0.104891896 0.0317363925 -0.00418660091 0.11021772 -0.0446385257 -0.0277675595 -0.0122710438 0.00391515158 -0.0224084482 0.0237545334 -0.0549240187 -0.0888350382 0.0816089213 -0.0992384925 -0.030491285 0.0784439445 -0.0827999264 -0.0331389308 0.00647928473 0.0823820233 0.0710076839 0.070458062 0.0748339519 0.10392838 0.111046582 -0.00474455813 -0.00626813294 0.0437070355 0.0341178365 -0.0707250834 0.0262295771 -0.0269433279 0.121285483 -0.116973519 -0.0411331654 0.0207589455 0.0680045262 -0.0208738502 -0.118542239 -0.0223834086 -0.00691397209 -0.00810655858 -0.0598878115 -0.027401343 0.0416760519 -0.0269258209 -0.118844658 -0.0849786922 -0.0348494276 0.0397085324 -0.0472243987 0.103874594 0.102976739 0.058420144 -0.107958198 0.0613353737 0.0905196592 0.110467695 0.0135848215 0.0797160938 0.0276345462 -0.108608201 0.0300921369 -0.0693474263 0.120910764 -0.0800922066 0.108336955 -0.0643214807 0.0654896721 0.099062413 0.0725278482 0.00606242893 -0.0745391846 0.0617172867 -0.00177829841 -0.0297950674 0.0895978734 -0.110057898 0.0683482662 0.0353892148 0.0588919967 0.101467453 -0.0197232887 0.0199365094 -0.0305792242 -0.0326585323 0.0955138654 -0.122494832 -0.0484027453 -0.0610180013 0.119036354 0.0234856997 -0.0383000672 -0.0784039199 0.00870006997 0.0760053396 -0.107226327 0.0903070346 0.0904365033 0.0625788942 -0.0560391806 0.092951484 0.0547492132 0.054044921 0.0561228506 0.0836910456 -0.00960342027 -0.0410708152 0.00963605475 0.0987189561 0.0224970393 0.122423172 -0.00730831036 -0.0332429968 -0.0187492892 0.0297896117 -0.0575081408 -0.043275062 0.0687176436 -0.0454992577 0.0656760484 0.00568380114 -0.0864821225 0.0402802937 0.119427294 0.110156044 0.0138008986 -0.100972556 0.115782015 0.0949887857 0.0396750197 0.0603147782 -0.0997012556 -0.0943798572 -0.00922283996 -0.115648247 0.00844040792 -0.0354834571 0.0282380953 -0.116646953 -0.116449647 0.104783982 0.044412449 -0.00414100476 -0.102302738 0.101969332 0.11716526 0.09707129 -0.0208390001 -0.064181082 -0.0522524416 -0.0472954288 -0.0519698262 0.081209138 -0.0672008768 0.0838459879 0.0163466353 0.0546212308 0.0519826226 0.0407864265 0.0886943936 0.0399927162 -0.0932625756 0.0312556513 -0.106524035 -0.00540533802 0.00818398036 -0.0183034204 0.07892441 -0.0627613589 0.105852567 0.0503375679 0.0108653717 -0.0496953316 -0.0824717358 0.0901960731 0.0745368376 -0.00967217144 0.0913694352 0.11346858 0.11933843 -0.0665817782 -0.0607514046 -0.0404974259 0.00769501878 0.0239675473 0.0663452893 -0.00934909098 0.0490946099 0.0285589769 -0.101893805 0.118585847 -0.0853772536 -0.0352925882 0.0128831249 0.108694613 0.11754261 -0.121373065 0.0916699842 0.0530420952 0.0282503143 0.020019019 -0.0189856552 -0.00715688244 -0.0365302227 -0.0579269901 0.000145260041 0.0358958505 0.062256705 0.0753648803 -0.0357573181 -0.0366162397 0.0332033224 0.122094013 -0.0341993198 0.0494714677 0.116653457 0.00787292421 -0.0845603943 -0.0794813335 0.111071028 0.00615665549 0.0149801699 -0.107118413 0.0711968616 -0.108860113 0.00256741908 -0.0140950335 -0.00485754805 -0.0547823496 -0.0992978066 -0.118109427 -0.0471351631 0.0722620711 -0.0640057921 0.0862842575 0.0122423321 -0.097726576 -0.0246880949 -0.010367672 0.0644756705 -0.00285641244 -0.0235954169 -0.00622630538 -0.088891983 -0.0329826064 -0.0592129752 0.104277745 0.0102741932 -0.0105799492 0.0751734376 0.0813535303 -0.0983189642 -0.084918052 -0.0500424094 0.118634544 -0.105578348 0.0138795823 -0.0847861767 -0.108908378 -0.12009833 0.0707751736 -0.0495930575 -0.073460564 -0.0591507554 0.0813929141 -0.0252179969 -0.0083872769 0.00630881824 -0.0178002249 0.0646523461 0.0892148912 -0.077007845 -0.0784839019 0.0352085903 0.0802006721 -0.110072173 0.120627463 -0.00355572882 -0.0905761719 0.0356698819 -0.118903987 0.102650903 -0.125636846 -0.109623142 -0.06504374 0.070145525 -0.0523936637 -0.0426064767 0.113558829 0.103987239 0.105792753 0.0185420793 0.0839434862 0.0704992488 -0.0582566038 -0.0283737574 0.0879017115 0.0143007301 -0.0765196458 0.011483321 -0.0214141868 -0.102128111 0.0123352576 0.123187847 0.0940710083 0.116765946 -0.0894321874 0.00132022111 0.108664416 0.00778825535 0.104310699 0.0189259332 0.0760143846 0.0799859241 -0.0517221913 -0.0741961226 -0.0669040158 -0.057679221 0.113044545 0.10154286 0.0229329299 -0.0827949941 -0.00640993007 -0.12135151 -0.0952372551 0.0930941626 -0.110194147 0.122656219 -0.0377805643 0.0283768438 0.0375822969 0.0622804053 -0.0469265804 0.0823589414 -0.115763307 0.0329070017 0.0135083506 -0.121700384 -0.0399235711 0.030516265 -0.080903396 0.112109505 0.0903880373 -0.0959257707 0.0811813548 0.0193452351 0.118835382 0.101677619 0.070792608 -0.0928610116 -0.0198820699 -0.00798685104 -0.101655088 0.0630722418 -0.0299416762 -0.00617522746 0.000424021913 0.00344573963 0.02858188 0.0632995963 0.0139226513 -0.0368724503 -0.110615455 0.0474617779 0.010567206 0.0306218844 0.0303037092 0.100626893 0.0923330486 0.0538689978 0.117106557 -0.0513357148 -0.0434038788 0.0596966483 -0.0355595313 -0.0184198767 0.00448575662 0.0684694275 0.057312943 -0.115588315 0.107303567 0.00905432645 0.0194411725 -0.124853827 0.00339641608 -0.0451671407 -0.083349131 -0.0929595083 -0.0269981176 -0.111677617 0.0123874797 0.0867976695 0.0935917348 0.0348083191 -0.0488821454 0.119526222 0.0458068699 -0.0352972895 0.0581633523 -0.0578835346 -0.0506414287 0.0358848572 -0.0581966974 -0.0246149264 -0.0899056122 0.0692672208 -0.111678742 -0.102875978 0.053168755 -0.023653226 -0.0474958755 0.0630548447 0.0649471208 0.0471632928 -0.0819021612 -0.10325487 -0.0562430173 -0.00876263715 0.115831524 -0.0851659104 -0.0832796022 -0.0859738663 0.0503998958 -0.017740719 -0.077298075 -0.102871887 0.116026349 -0.110191651 -0.106103458 -0.00901510287 -0.109733813 0.110812217 0.0865845308 0.0142869474 0.0073143607 0.0356496051 0.0392527208 0.0381567106 0.00771039864 0.0261249058 0.0533989258 -0.0186217073 0.0304563064 0.0283106789 0.0517064072 0.0974376351 -0.117097944 -0.0554913729 -0.0949435532 0.0827474222 0.0701289475 0.057900276 0.0932640135 -0.00823068526 0.0763192028 -0.0528995618 -0.0905197784 -0.0086340541 0.0920065492 -0.00985550694 0.0922034979 -0.0159215555 -0.0250895377 -0.109753788 -0.000876978505 -0.118021101 -0.0995472521 0.0727595165 -0.0227028951 0.0161055494 0.027816439 -0.0683832467 0.0104605779 0.0529172271 0.121470675 0.0962986797 0.0714792088 -0.0898998007 0.061697416 0.0309251994 0.0781100467 0.0950631872 -0.0154013447 0.0640610158 0.113193288 0.111166127 0.118777595 -0.0948355943 0.07228145 -0.00913089979 0.072761476 0.068344824 -0.0632225424 0.0959658474 0.00450115325 -0.0481591597 0.106116906 -0.0518276952 -0.0897085592 -0.0604510307 -0.0580071136 0.0745274574 -0.00606337329 0.0389664955 0.0710562766 0.0198348053 -0.103855163 -0.0550788194 0.0948713422 0.109577529 -0.08871869 -0.0241355877 0.107497483 0.116133988 -0.0633248463 0.00544034364 -0.0619328953 -0.10104958 -0.104282677 0.0757012814 -0.10849449 0.0895815268 -0.0489908978 -0.0748653859 -0.117128797 0.121486485 -0.0116510596 -0.104117617 -0.0928627849 0.00354209822 0.050953187 0.0962709486 -0.0248925518 -0.0673182532 -0.0293633398 -0.00880285073 0.0929249078 -0.0532694235 0.0669437498 0.0589970499 -0.0718759522 -0.0536309816 0.0740243718 -0.104863942 -0.0272249971 -0.00889680814 0.0596127771 -0.124699838 0.049320031 0.0648649037 0.0778147429 0.0944023803 0.0465139672 -0.00169545214 -0.0767623857 0.097942993 0.0285251662 -0.110999502 -0.0145850629 -0.0961387753 0.0522963293 -0.121545836 0.0402788185 0.0946210474 -0.0990575776 0.111334287 0.0236881301 -0.00252546044 -0.0943881273 0.0453100577 0.0683446899 -0.0317903049 0.0205659624 0.0473269373 0.0187260248 0.0193343051 -0.0116879428 0.121206343 0.0698102638 0.0266909506 0.0631549507 0.0345507301 0.0877268389 0.107669614 0.066098161 0.090918161 -0.028209202 0.0204665475 0.00367109012 -0.0127556268 0.073687464 -0.0951924473 -0.0559152626 0.00751688424 0.114674278 -0.0921950042 0.0231491514 -0.102375634 -0.0326560661 -0.0890891925 0.00426048785 -0.016441429 -0.0251593646 -0.0972527713 0.018585695 -0.1116805 -0.105965815 0.106744453 0.0588850752 0.119688049 0.0603233688 0.0929647386 0.0083090961 -0.120415792 0.0449680947 -0.091474548 -0.048404783 -0.116846025 -0.112501174 0.0463755652 -0.11547862 -0.0624823309 -0.0681469217 -0.0375786424 0.0931998119 -0.0671642199 -0.0300932638 0.0537304282 0.0412402004 0.112255402 0.0299310107 0.0612436198 0.0331941657 -0.0815212354 0.0417024717 0.00722473999 -0.0417000875 0.0703344569 0.0226922501 0.100468636 -0.0198483299 -0.104073867 0.0177692529 0.119533226 -0.0676179975 -0.108310439 -0.0827082545 -0.111609213 0.107459396 -0.115557514 0.00695602829 0.0932557806 0.0446781442 -0.0483447835 -0.0872799009 -0.0836142749 -0.0189624112 -0.0598155074 -0.0808023661 -0.0437563695 -0.0367148779 -0.0583532639 -0.0824357942 -0.101174496 -0.0862442777 -0.0945463479 0.0280828122 -0.00790762249 0.10444729 -0.0619360879 0.113131776 -0.0862786099 0.00103160308 -0.0473206304 0.0342622884 -0.115353242 0.0136247911 -0.08157444 -0.098749429 -0.0798634812 0.0310777631 0.126082018 -0.0801900625 0.0577121191 -0.0633390397 0.0154230827 -0.0526229665 -0.0694710091 -0.0579118021 -0.0566073135 0.119132675 0.0624991842 -0.0358208418 0.0596020035 -0.0620168373 0.0474669263 0.0023852014 -0.0435767509 0.0215382539 -0.107645474 0.113054179 -0.112999856 0.03809065 -0.00519293547 0.07822074 -0.0504194424 0.0127286091 0.0831293836 -0.0286352225 0.0959925205 -0.121302135 0.0446773991 0.103160456 0.0811456144 -0.103596471 -0.0196573082 0.0313100629 0.06959299 0.0139553947 -0.0547863431 0.0825684965 0.0160619654 0.0835373998 -0.0748951808 -0.0578258038 -0.0325540677 0.00816699024 0.0722351223 -0.105200939 0.0150399227 0.0992000103 0.0107390732 0.0102442391 -0.0723577738 0.0147135295 -0.0938997045 0.064221926 -0.0683466271 0.00161667774 0.083468549 0.127894655 0.0550609455 -0.0978684053 0.114701502 0.051529035 -0.0300207753 0.114593767 0.0602971464 0.0187281929 -0.0115422783 -0.101850636 0.121708244 0.0513264053 -0.0237709694 -0.095068112 -0.11467845 0.0468620993 0.0720497966 0.115365513 0.0221324079 0.0891132951 0.0445330888 -0.0688145235 -0.0545677133 0.0612342246 -0.107532181 -0.0454476587 0.110441186 0.062876828 0.05899873 0.100240164 0.113049798 -0.108016357 0.123004422 -0.0990967229 -0.0941956863 0.00335533707 -0.0844888911 0.106946453 -0.101983123 0.108365692 -0.0329082496 -0.094161965 0.11352919 0.0489957258 0.0982762203 -0.0626777485 -0.057388287 0.119353279 -0.031939581 -0.0618231967 0.015785221 -0.0393652171 -0.109949149 -0.0598108806 0.00905830786 0.0148581574 0.0988786295 0.0301614869 -0.103465945 0.0367429294 0.110441752 0.10967546 0.121695019 -0.0491186939 -0.0924470797 -0.0513187647 0.0120157376 -0.0146422777 -0.106505834 0.0737090483 0.0355300829 0.0268510897 0.0347774364 0.0226464812 0.100792415 0.000842967362 -0.0239368863 0.00304386602 0.0824267864 0.0321644731 0.0447828844 0.0249189902 -0.019706564 -0.0168225057 0.0480022505 0.0823609978 0.0726425573 0.0984181762 -0.0790472701 0.0248358902 0.0468312092 0.0359780304 -0.100867644 -0.101662107 0.055004295 0.108143993 -0.0267059226 -0.0762518644 0.0616312809 -0.125877813 0.0791461021 0.119437836 -0.0685970262 0.031432122 0.115385577 0.0473882258 0.0774979144 0.0854981318 0.0534232818 -0.117198065 0.00581360515 0.0387531593 0.00857753307 -0.00196764222 -0.0745952949 0.0923975781 -0.0158066582 -0.0703307539 -0.110540576 0.0104154842 -0.124264508 -0.0491090342 0.0776731148 0.111654043 0.0322234854 -0.085378848 0.0319970772 -0.0531528667 0.0321056657 0.036612656 -0.0116527732 0.0982221887 0.0600004941 -0.100182712 0.100192532 0.000405155239 -0.0796717703 0.0150903268 -0.0377066135 -0.0117153479 0.0372095369 0.0377911925 -0.00722439261 0.0661706179 -0.00843987335 0.00961133838 0.114754416 0.0519223996 0.0491152108 -0.0714248568 0.07049606 0.00363124837 0.114154257 -0.114654206 0.00476537459 0.0800947249 -0.125429928 -0.0464118235 0.0133732539 0.0940611884 -0.0064970972 0.0465811752 -0.0822792575 0.0792567357 0.000294534315 0.0503753163 -0.0731786117 0.0978059173 -0.0376904458 0.0101591572 0.0406224616 -0.0755879059 -0.0128894513 -0.03730122 -0.059228953 0.0646684244 -0.110779695 -0.0014026534 0.0353275947 0.0649510846 -0.0525357723 -0.00591796776 -0.0411410257 -0.0293085147 -0.0725916624 -0.0877762362 -0.04220777 -0.109555341 0.0456709526 -0.0163464211 -0.121191807 -0.020039415 0.00992144458 0.100878894 0.0647905916 -0.0201034229 0.0275938306 -0.0925377533 0.0215270221 0.0760181546 0.0046212743 -0.000976493873 -0.0802886263 -0.106550306 0.00562942447 -0.0955402553 0.115463249 -0.0145244766 -0.0212976504 -0.103694312 0.0543355905 -0.0116431443 0.0976573527 -0.116435684 0.0246101338 0.073028326 -0.0327124298 0.115782768 -0.027544383 0.0733837038 0.114860117 -0.0571292117 -0.0350452065 -0.0588178374 0.0674028918 -0.0442763194 -0.0594544709 -0.0898288563 -0.0584239475 -0.00417093094 0.0802048743 -0.125361562 -0.00221762946 0.0523885936 -0.0332582705 -0.0462890789 0.103657603 -0.0453826301 -0.0397621356 -0.028156139 0.0602709018 0.027293371 0.0839752033 0.069456093 -0.0417758711 -0.0759009495 0.0306523703 0.00880749989 -0.113432653 0.102620333 -0.0841854215 -0.0625994056 0.07458435 -0.0805596858 -0.025839759 0.124144301 0.0357597135 0.018341057 0.0626364574 0.0841467157 -0.101470105 -0.0705693737 0.0182525162 0.0835734531 0.0480133519 -0.121617116 0.0796089843 0.0997897759 -0.0896933675 0.113943547 0.093284063 -0.0520422496 0.11303512 0.0516793802 -0.0951662585 -0.0785330385 -0.0399275124 0.0586395264 -0.0529746227 -0.0470283143 0.0122319786 0.0502327681 -0.0153546026 -0.106225848 -0.00152852433 -0.0454239063 -0.0561462604 0.0584857464 0.0145932408 0.0381914899 0.010791447 -0.0886078551 -0.00070898002 -0.0598721318 -0.115747854 0.102842793 0.109616205 -0.0241270978 -0.0633914694 0.0473661795 0.0490874723 0.0702348426 -0.0928191468 -0.051045157 0.0562082939 0.0281632263 -0.076231949 -0.0685763434 -0.0179607719 0.0579569563 -0.0285167955 0.0226545483 0.103587024 -0.069962725 0.0186157674 -0.0166915264 0.0231167283 0.0199392363 0.0358324349 0.0405176766 0.0585573912 0.124575779 0.121072061 0.0526903123 -0.0309267882 0.0927891433 -0.0715508461 0.0061187176 -0.0772686005 0.0355102904 -0.0812131763 0.0762500539 0.0162132978 -0.0829420313 0.0330765955 -0.0730412677 0.0691323876 -0.0228953976 0.0671723634 -0.0610392354 -0.0738579258 0.106679335 0.0246562492 -0.0393362269 0.0410493575 -0.0921220183 0.0160577949 -0.0867052078 -0.0824068934 -0.032433141 0.00832950324 0.0736835897 0.0571218431 0.0333315656 -0.0938355476 -0.0260382947 0.0743834898 -0.0967079103 -0.0855008364 -0.0789335147 -0.117615059 0.0562338904 0.0716008022 -0.00938451011 -0.0387445614 -0.00838826597 -0.0254792981 -0.0290959775 -0.10360641 0.0796814933 -0.086639598 0.122251287 -0.00835636351 -0.0906537995 -0.020563595 0.111591637 -0.00737691764 0.0461128764 -0.0120047173 -0.00266759307 0.0543905571 0.0146646891 0.0914237872 0.11545787 -0.0866073072 0.047417473 0.079182446 -0.125024706 0.119550042 -0.0622503608 0.0801343322 -0.00782183092 -0.0106230816 -0.10004317 -0.112257123 0.124911889 -0.0294224434 -0.0126952855 0.117908925 -0.00261929422 -0.0704045445 0.107215963 -0.0491775274 0.121563502 -0.0197969489 0.0510016643 0.0196299367 -0.0684513822 0.102306671 -0.122267865 -0.0121682128 0.061859034 0.00016067356 0.0703683048 0.10213542 -0.0951845944 0.00621588202 -0.0501839519 0.101940989 0.0080214506 -0.0615155399 -0.0100787692 0.0377359502 0.0659581721 -0.0783151239 -0.062053442 -0.0279923268 -0.00373651786 0.0992126539 -0.00142408919 0.0310924836 -0.00294265221 -0.0876627415 -0.106777772 -0.0150776673 -0.0371999331 0.0435615554 -0.00976901688 0.120099805 -0.0919430032 0.0946472362 -0.0423847474 -0.0190975387 0.0932715982 0.0801438391 -0.0222218428 0.0495775193 -0.0903913006 0.0659808144 -0.0954580903 -0.0217671096 0.0730803162 0.00414605299 -0.000906663481 0.0750232786 -0.016910214 -0.0455616675 0.123615503 -0.0731571913 0.126821682 -0.12267112 -0.0227758847 -0.0264401007 0.0304738823 0.00638562441 0.0733291283 0.106121369 0.107749954 -0.077482909 -0.0184283331 -0.0365673937 0.0519336723 0.0947678089 -0.0549676642 -0.0175417811 0.069618158 0.0744675174 0.0102343364 0.0611047633 -0.0508106537 -0.00522530684 -0.000572161342 -0.127645463 -0.0798672587 -0.0894663185 -0.00855769031 0.0977327675 0.107263677 0.0562365577 -0.0181106534 -0.0466089696 -0.114418395 -0.0260959193 -0.0923750773 0.0088952221 -0.0826753378 -0.0484394096 0.0864897296 0.114775829 0.0940894336 0.0271203034 0.0137925902 -0.0328895897 -0.0552032664 0.0652638301 0.0241102464 0.0807777196 -0.0786743462 -0.089696452 -0.10542345 0.00772787817 0.0584413745 0.0628586188 -0.0379696488 0.107557513 0.0139423283 -0.0684333891 0.112577133 -0.12711519 0.0401366651 -0.0976345539 0.0671458915 -0.105222724 0.122878291 -0.0313256793 -0.0818287581 -0.0324151404 0.0954587013 -0.121080421 -0.0399839543 0.0812028497 0.123470329 -0.0471270271 0.0793695077 0.0047034747 0.0341453329 0.116334029 0.015027564 -0.116832718 0.0206190068 0.0416026674 -0.0173087697 -0.11924126 0.112192065 -0.0934325755 -0.122751996 0.0339413658 0.0154463509 -0.0538826287 -0.117334858 -0.0461355299 0.0414434858 0.101990715 -0.034132123 0.0534340814 -0.0484529994 -0.0632549673 0.119451664 0.0891091898 -0.0974271148 -0.0948218331 -0.0362735316 -0.0428449623 -0.075535275 0.0883338079 0.042875275 0.0247258414 0.0146998987 0.0468003117 -0.107339889 0.11073219 0.0222630724 -0.0959671661 0.121218778 0.0939198583 -0.0495221093 -0.00179196056 -0.0270041563 -0.0424688235 -0.0795481503 0.0263745841 -0.0799227431 0.0729495138 0.0968733951 -0.0707827657 -0.103047371 -0.103482738 0.00422494765 -0.033260148 0.102603674 0.0505787432 0.0361384228 -0.0541201122 -0.0373204574 0.0160902105 0.000124252474 0.110755764 -0.0234576594 0.0604472458 -0.0257417746 -0.0369508415 -0.104442649 0.095811747 0.119407609 0.0248201396 0.0329600647 0.0822438002 -0.0309509952 -0.00100220495 -0.0234758705 -0.0993023738 -0.0378766917 0.0175275467 0.0468118116 -0.0757393166 -0.0234351419 0.0114462916 0.0579652674 -0.0923549682 0.027064953 -0.108332917 0.0334235579 0.0225218255 0.0868794322 0.119853951 0.0669966266 -0.0806960389 -0.0347127803 -0.0695827752 -0.0599033087 -0.0988500416 -0.104318127 0.0912364051 -0.0588727668 -0.0759909377 -0.0400328152 -0.0692646727 0.0298546311 -0.119699255 -0.0976930708 0.116775528 0.123415112 0.0512632094 0.0448729731 0.116924249 0.0127368467 -0.108308122 0.10694214 0.0730544329 0.0730025023 0.076037474 0.0196404513 -0.0171200167 0.0850967988 0.00415210705 -0.0225571711 0.0356622748 0.0728887394 0.124186888 -0.0679898039 0.106307857 -0.0983552858 0.107735768 -0.125336558 0.0116940895 -0.00902239326 -0.105810493 -0.125455096 0.0043079583 -0.0938013569 0.0470285416 0.0890279561 0.0198908299 -0.038532462 -0.0268967282 -0.0523362085 0.0099304989 0.00187867368 0.00860248599 -0.04017286 0.0165764056 -0.111929029 -0.113123029 -0.120891258 0.0190325137 -0.0850851238 -0.0737020224 -0.117488176 0.057160873 -0.0465716608 0.0290531386 0.118853375 -0.110327512 0.0369180739 0.110229164 -0.0442190915 -0.0304619633 0.0281048249 -0.0917283222 0.0692994222 0.0100552635 0.0619845614 -0.0399574675 0.0155457072 0.106885739 -0.0823571384 0.07399901 0.0214947816 0.089669615 -0.0135799935 0.0910432115 -0.101850241 0.0455770381 0.0988014266 -0.0421614759 0.0682158843 -0.0553735718 -0.0267866738 -0.0836033598 0.106265999 0.0609975234 0.0396794714 0.0748152286 -0.0217333529 0.105896704 0.114538893 -0.0920325667 0.113224156 0.0781775042 -0.089662157 0.0687837005 0.128232777 0.0884009302 0.0831040144 0.0273388345 -0.0619691163 0.0536151305 -0.0387388021 -0.121813565 0.0292128511 0.112175681 -0.115532488 -0.022008663 0.00719754351 0.0575146377 -0.00207380182 0.108814992 0.0609624945 0.0315901339 0.0254215114 -0.0951538682 -0.110724598 0.0426121391 -0.0860774219 -0.103208162 -0.061002478 -0.0330238156 -0.0490947738 0.101509571 -0.0755222738 0.0434254855 -0.00532589434 0.074430801 -0.0493457802 -0.0395265557 0.0391050354 0.106578283 -0.0199393686 0.10019628 -0.121963389 -0.0906249583 -0.0381773412 -0.0697056577 0.0625740811 -0.0258411653 0.108062573 0.103796519 0.0308638345 0.0793745965 -0.0151296947 -0.0654318631 -0.0380939245 0.0138446558 0.0563563406 -0.0228358936 -0.0628918931 -0.0121194143 -0.044944413 0.00958452187 -0.0808662847 0.037198782 -0.00226506568 -0.0621786304 -0.0930434316 -0.0670441017 -0.0704767928 0.120816566 -0.0137620298 -0.073523201 -0.105657272 0.0510138012 0.0993251801 0.00398851419 0.113925658 0.00103972934 -0.110677466 0.049706623 -0.106353104 -0.0681198537 -0.0326598026 -0.0121751614 -0.0577897243 -0.027123291 -0.10811054 -0.0413121991 0.0271348171 0.0608930551 -0.0976136625 -0.0376142003 0.0901687592 -0.113428712 -0.0514635369 -0.113096565 0.0989240929 0.00718151452 -0.106885068 0.113787547 0.0955658033 0.0553178899 0.0248225797 -0.0938155353 0.0214880202 0.0357247815 -0.00110309757 0.0462078974 0.115058079 0.00409444468 -0.0143484334 0.0918879583 -0.124175139 -0.0569633469 0.0323830359 -0.113641545 0.0584844835 0.0675108358 -0.0945275426 0.0308182221 -0.0391100347 -0.0144972736 -0.0792853385 0.0493771136 0.0286480803 0.0922590196 -0.0646538213 0.0951706693 0.0146041419 -0.0559598617 0.0269124508 0.0807442218 -0.0304859858 -0.08940579 -0.0912863016 -0.00505573815 -0.0245623384 0.00909780897 0.0720843896 0.0820643529 0.0256991815 -0.100437999 -0.048850663 0.08253856 -0.0386472866 -0.102087013 -0.10016945 -0.024231093 0.0105211325 0.0439226255 -0.0691403002 -0.0675803795 -0.0555257201 -0.0275578536 -0.0137784677 0.053688813 -0.0745188296 -0.00117023359 0.0251981076 -0.00844558701 0.0233635977 0.0458736792 0.0244593117 0.0486758947 0.0723942965 0.0163545404 0.00908208359 0.0333001241 -0.047578264 -0.0910035297 0.0384229198 0.0427271277 0.115910172 -0.00655953446 -0.0173311662 0.0266728047 -0.0834417269 0.0523876287 -0.0776854604 0.11433506 -0.117770314 0.0646922663 -0.0309050791 -0.115364291 0.0997148231 -0.0644731224 0.0156584736 -0.0347474553 0.00747270929 0.0290322695 -0.0759062394 0.0649560913 -0.0125073204 0.118865505 -0.0391556136 -0.0554027446 0.0179099329 -0.0350929648 -0.12751852 0.0856816322 -0.0838050246 0.0210522115 -0.0162763651 -0.115524076 -0.085385859 -0.11659655 0.0558390692 0.049950283 0.112758137 0.0039568292 0.0150664262 -0.0972512439 0.0589976348 -0.060380049 0.00842914358 -0.072442241 -0.115664542 -0.106502071 -0.0778487995 0.0108709401 0.0514584668 0.0728898421 -0.019053176 0.0768412203 -0.035818059 0.0385813266 -0.00776876835 -0.0554406494 0.0931383371 0.00999434199 0.0945921466 -0.0824232399 -0.0254783314 -0.0586413704 0.0780503154 0.0704340041 0.0493226573 -0.0494812764 0.115040585 -0.0553875044 0.00138086162 0.0666473433 -0.00118649274 0.0742473677 0.0265864953 -0.112098157 0.0250329748 0.0563618578 -0.0717261806 0.0654168501 -0.0468118414 0.0572488904 -0.109979369 0.0178786106 0.0113171702 0.0229179263 -0.0679023489 0.00412601978 0.114166252 0.0724910498 0.0800135806 -0.108227402 0.0774913877 -0.0217844266 -0.091968745 0.0976886898 0.0941878781 0.101853162 0.127232745 0.0592687316 0.0883035138 -0.0903044268 0.0195419025 0.0936500654 0.0881300941 -0.041552227 0.0205590278 0.103732966 0.034917701 0.0516323335 0.0868043527 0.0670604184 -0.102883346 -0.0616389662 -0.0400131606 -0.0318793207 -0.044982899 -0.0846249238 -0.05738049 0.00379924895 0.114287384 0.106341131 0.0958692133 -0.0547695942 0.0895876512 0.0855854377 0.0163273178 -0.0843327269 -0.0744936317 0.0407706685 -0.0920718387 0.0903850123 -0.101940982 0.103434943 0.0335752964 0.0338193253 0.00341390283 -0.0965451598 -0.0936863199 -0.032938499 -0.0272075068 -0.0134933693
tensor gate_encoder.0.bias 1 32
-0.0252620671 -0.034930639 -0.0683059767 0.124725811 0.115929089 -0.030893432 -0.108310096 -0.0189407356 -0.000657366531 -0.107670166 -0.0728123412 0.0411537029 -0.0822369829 0.101930961 -0.0100285383 -0.110373273 0.0967304856 0.0814107805 -0.079016082 0.086856097 0.019205993 0.0728312507 0.0987377539 -0.0931331962 0.0611606985 0.0461722426 0.0235655252 0.0686229467 -0.117008641 -0.117721789 -0.0653017089 -0.0421473347
tensor objective_value_embedding.weight 2 32
0.156581789 0.455209434 0.137643933 0.726018012 -1.395244 0.220004484 -1.73751342 0.42592445 0.624048054 1.65126324 -0.274849683 -0.0415755026 0.5458318 0.537235081 -0.0916081071 1.02582872 -1.41718292 -0.834071457 1.175313 -0.606544554 -0.0438920185 0.377403677 0.38065964 -1.28286719 0.223483548 0.433847934 -0.315949678 1.31255543 1.04307473 -0.735890508 0.412834466 -0.977139056 0.697460175 -1.10984159 -0.110323668 -0.381894082 0.826335967 -0.438496292 -0.221399024 0.00440549199 -0.825754166 0.850586474 0.494378358 1.65637898 0.409961373 0.373089492 -0.411404699 -0.618592918 -1.00439072 -0.614129007 1.22250724 0.244325638 -0.169710353 1.19627571 -0.698967636 0.808396399 -1.45387197 -0.405762792 0.697727382 0.0788815171 -1.94318104 -0.316413283 0.0804181919 0.100731365
tensor backtrace_actor.0.weight 32 32
-0.111515723 -0.146984681 -0.0869147852 0.157295138 0.154822111 -0.0183862094 -0.0272357613 0.0184816811 0.135769114 -0.0038183541 -0.0889953151 -0.0475764573 0.0340031683 -0.17498526 0.0396458395 -0.0371156931 -0.100666933 -0.171684533 -0.0970506445 -0.0719109103 0.0712992325 0.004051717 0.00872804504 0.0858816952 -0.16762796 -0.125205547 0.0432263911 0.0545749702 0.024543548 0.152318224 -0.00645557325 0.00290840119 -0.163289487 -0.123096108 -0.161269501 0.0626528189 -0.0744886473 -0.148195878 0.0953196511 -0.0439479575 -0.133413106 -0.0194102004 0.0771751478 -0.0736273751 -0.00234251423 -0.0265318751 -0.14677766 0.0276916735 -0.0357498638 0.0910459086 -0.142609939 0.175635755 -0.0295347143 -0.021330541 0.0613145046 0.0227977708 0.0403931029 0.143842265 0.069979772 -0.0284848548 -0.0929665491 -0.103694513 0.0115377689 0.142052785 0.162317425 0.0143998507 -0.0343893729 0.00205932045 0.0312311165 -0.168591455 -0.0566470549 -0.107451789 0.151754513 -0.158137098 -1.66545051e-05 0.00705366768 0.0188158248 -0.102118611 -0.0338511392 0.137070656 -0.0644511953 -0.0301027503 0.0668104887 0.102662273 -0.0762698427 0.162621662 0.154276446 -0.102512226 0.164855793 -0.122806273 -0.153499216 -0.101480722 0.0667103902 -0.15750885 -0.0737298205 -0.0221229251 -0.101562835 -0.0384422243 0.0780985653 0.0718545988 -0.0789014474 -0.117066741 0.04102524 -0.128701791 -0.0162905231 -0.047356829 0.0828758702 -0.0722009912 -0.170541108 -0.00423269626 0.0649639964 0.119818494 0.0974472314 -0.0780430585 -0.0221227612 0.00884465873 -0.14390032 -0.0910026953 -0.0634645745 -0.0246705636 -0.0130048022 -0.00346368784 0.0157000087 -0.094903335 -0.0372497998 -0.048441954 -0.0898046046 -0.158391193 -0.0185410567 0.02087388 -0.0439232774 -0.118474998 0.162721306 0.00995488744 0.101198912 -0.0388571657 0.065717347 0.0173483621 -0.0506937355 -0.125478268 0.0462732054 0.110663071 0.0409234762 -0.158877388 0.171028689 0.0738528818 -0.128899366 -0.0213938244 0.00202720123 -0.0226640329 0.0538489223 0.136344209 -0.092519857 0.029189704 0.105431795 -0.0779326111 0.062030457 -0.0155133605 0.0949961692 -0.180058971 0.0285220742 -0.059093453 0.16578339 0.0104441894 0.0508978814 -0.021254845 0.00173541624 -0.0806336552 -0.169235647 0.0384055339 0.132629454 0.154184014 -0.110634752 -0.065627493 0.129879609 0.160000309 -0.0116522862 0.0984766185 0.0917341933 0.121479258 0.0976240113 -0.0607096292 0.156800777 -0.129875943 0.0127043119 -0.0894459859 0.11788407 0.0887932777 -0.106038995 -0.15875423 0.164044872 -0.181593284 -0.160504445 0.0121824024 -0.0774227977 0.159025729 -0.0555813834 0.174303204 -0.0104567716 -0.166484714 -0.00112596876 0.0942665935 -0.0737378672 -0.0310378652 -0.00900729001 0.171090096 0.0851197988 0.0704500526 0.12265601 -0.0160754509 0.106318727 0.104195967 0.00400707312 -0.0238539074 -0.142571658 -0.142561257 -0.129600272 0.114946209 0.0641710684 -0.0661228299 -0.10007672 0.119804837 0.0163560454 0.171156213 -0.00741328998 -0.135416806 -0.113209359 -0.159205705 0.116702944 -0.0479858033 0.13101238 -0.0639179721 -0.0996444598 0.0420009643 0.00595995737 0.173824042 0.129665911 0.062995933 -0.148528516 -0.0462029912 -0.127018854 -0.0498206429 0.102837779 -0.000896475744 0.0574433729 -0.0979270265 -0.0209995154 0.165619478 0.0802264214 -0.122719094 0.0956651121 0.0547514819 0.0891004503 -0.173661679 0.0548868217 0.166932151 -0.149187595 -0.0448698103 0.118232094 -0.0312998891 -0.0116061745 0.0427063666 0.114108436 -0.0242849607 0.0295408573 0.0104289819 -0.124674328 0.178176358 0.0344445743 -0.0312463678 0.125358164 -0.107751936 0.144873351 -0.162219301 0.13035199 -0.0101536373 0.0269025955 0.0440419875 -0.0407838449 0.00874823146 0.113180429 0.122271739 -0.00568864914 -0.120355904 -0.105990008 0.124893256 -0.166252419 0.0681061223 -0.11637383 0.050844755 0.146444991 -0.120917067 -0.153121606 -0.131176919 0.0269117542 -0.0882984698 0.149813637 0.0877913237 -0.150210321 0.00121246546 0.0632204786 -0.112712838 0.172017038 -0.0791263729 0.00142103678 -0.14080739 0.171861783 -0.0770656541 0.0845060796 -0.0333554558 -0.0316819213 -0.0697580203 0.0430832952 -0.116264977 0.022435274 -0.116283424 -0.162690341 -0.101130374 -0.0797622278 -0.165281162 -0.164788917 -0.0415250026 -0.122942992 0.159433424 0.0220730565 -0.0602077879 -0.0527544916 -0.081115149 0.053560704 0.0510059558 -0.149341643 0.161865905 -0.147679299 0.137020439 0.0744470209 -0.0149909491 -0.00995123852 0.0601030439 0.14838171 0.118881024 -0.00550150359 -0.0622682609 0.0344104506 0.0952058136 -0.0771287903 -0.0470571034 0.134746969 0.113967314 -0.00451402366 0.0424875878 0.022372352 0.104833893 0.105373688 -0.0172454696 0.128211707 -0.0483961478 -0.108237736 -0.0218527168 -0.154625341 0.0191864893 -0.167168349 -0.180922478 0.110181682 -0.0327275358 0.100995548 0.13132374 -0.152484283 0.0383618139 -0.135682717 -0.0295105353 -0.0541030355 0.174900144 -0.136191413 0.109910183 0.123236053 -0.130437762 0.166454047 0.159019202 0.11148975 -0.0884857103 0.161562145 -0.0890912935 -0.12339703 -0.11481747 0.0854794234 -0.0871072188 -0.163938403 -0.0368557237 0.115047731 0.170970127 -0.074092716 0.0423513018 -0.13139382 0.016922038 -0.0912336856 0.0864224285 0.0750768632 0.0517348684 0.0241574869 -0.0332922116 0.0383709148 -0.171237051 0.0147757856 0.150723398 0.0776669234 0.0515715368 0.0774059221 0.11631877 -0.0812962949 -0.137241378 -0.0818055347 0.146465316 -0.0521824434 0.165142402 -0.13301073 -0.0933829993 -0.0634656698 0.104539111 -0.119993009 0.0623543635 -0.0402623042 -0.121779695 0.130645499 0.0137384562 -0.0707600117 0.114388891 0.130720749 -0.0112624075 0.127430379 0.0521484464 0.116221026 -0.0532602482 0.0958785936 0.10064847 -0.0692726821 -0.0745518506 0.0467365906 0.113577925 -0.00285780756 -0.0692700297 -0.0337774381 -0.0783229768 -0.0811303407 -0.174642891 -0.0101303635 -0.0939722732 -0.0573438294 0.0329719819 0.0478308797 0.139858708 -0.158293515 -0.0738366321 0.081641756 0.0973006189 0.157077923 0.178377673 0.126576692 0.139806852 0.139230266 0.162934408 0.0470960513 0.111080959 0.0881827474 0.0766209215 -0.0152079519 -0.140782207 0.116033867 -0.00595635502 -0.109850585 0.150855571 0.046708893 -0.141373843 0.0952974632 0.0582993478 -0.074917607 0.105207168 0.00865852088 0.00348657463 -0.16815047 -0.164999008 -0.151612133 0.115986928 -0.117940187 -0.132166222 0.0869225413 -0.169864416 0.119730018 0.0519350171 0.102743037 0.121651828 -0.042268239 -0.0157094337 0.109933831 0.121603779 0.150517896 0.0215311758 -0.0329379365 -0.0368785001 0.0756234154 0.0575180873 -0.00811216328 -0.0398692824 -0.171552792 -0.0473982394 -0.122411296 0.154933691 -0.0930644274 0.00779797928 -0.0475296527 0.0969622508 -0.168781623 0.14664188 -0.133708641 0.126184195 0.0470295437 -0.134272784 0.154898062 0.152431577 0.0528133102 -0.136799052 -0.0520633981 0.0621463321 0.0424456559 0.066925928 0.105638683 -0.0793937743 0.0574107878 0.116437986 0.162868813 -0.136759728 0.097971648 -0.170745924 -0.00126059575 0.111986682 -0.0942782238 0.14555113 0.0423317328 -0.143613592 0.0103125069 -0.0877936259 -0.164544806 0.150473565 0.100407057 -0.0379984826 -0.012456744 0.151035964 0.0759975985 0.164783731 -0.152219549 0.103063077 0.105401583 -0.127398938 -0.157271221 0.178830951 -0.097983554 -0.119594499 0.00449750666 -0.103299998 -0.0231745914 0.176780507 0.152947664 -0.00555407442 -0.107628755 0.0702400059 0.0814044848 0.0286523383 -0.117361479 -0.116064355 -0.0545738935 0.134982988 -0.123876482 -0.15511477 0.158588514 0.102351397 0.0128207849 0.0358509794 -0.173464984 -0.0233348943 -0.1713631 -0.128281653 -0.00462403707 0.0510968752 0.166342467 -0.094101198 -0.0743171498 -0.0662811399 0.108542189 0.0250798836 -0.17167303 0.0655028671 -0.134680033 -0.00592601858 0.00245532114 -0.154241532 -0.0322161578 -0.0609976165 0.0508062467 0.108340241 -0.137816578 0.121148556 0.135076135 -0.0633839443 -0.112464532 0.0736804232 -0.166792214 -0.147605598 -0.0328869373 0.128474057 -0.145343393 0.172701776 -0.172671214 -0.0336516537 -0.00480916258 -0.00594215188 -0.155976579 0.0300201401 0.139743939 0.0162963681 -0.141745672 -0.0335101523 0.0446087047 0.0413852781 -0.12872088 0.0135852965 0.12650229 0.0114842886 -0.0536813736 -0.0642816871 -0.152960092 0.162257001 0.00855258014 -0.0961482823 0.139760792 -0.0484622344 -0.0501830131 -0.148642451 -0.0723482743 0.141758397 -0.0722280592 0.00079091941 -0.0834795982 0.0886215642 0.177044496 -0.0200788081 -0.143424302 -0.139836311 -0.119828589 0.171502337 0.172425762 0.0132944649 0.147685885 -0.0571105555 -0.00513496576 0.0203078669 0.021640446 -0.155044034 -0.0601104237 0.0203331839 0.0967032835 0.139620557 0.0959826633 -0.0328181125 -0.161852971 -0.128925398 -0.104013368 0.0419152193 0.0366353691 0.115377627 0.164832652 0.181164727 0.0988119841 0.177724913 -0.0616538115 0.0563886762 0.082987912 -0.00798954163 0.0121983578 -0.102841631 0.049502302 -0.0991746485 -0.0945144296 -0.0102028288 -0.0197802465 -0.0512585305 0.0494505763 0.169107139 -0.0247487575 -0.0407350995 -0.128855705 -0.0914466977 -0.113925338 0.0801129341 0.153502524 -0.0638206974 -0.00222567515 0.148985237 -0.100709379 0.12449687 0.145038098 -0.0484994873 -0.162746102 -0.0630073249 0.180063903 0.0636247844 0.0760125071 0.000138000745 -0.167583689 -0.128560215 -0.0483348295 0.115491815 0.0650478601 0.0667896718 -0.0185415521 0.00869465154 -0.0979508013 -0.0815934315 0.141513824 0.120882757 -0.129337057 0.0104325432 -0.0128606837 0.164730385 0.0768953934 0.0431643166 -0.0574337468 0.127894968 -0.170461178 -0.036158476 0.0707249641 -0.00670052692 0.108646624 -0.117612347 -0.131485313 0.0982506499 -0.0950950906 0.0177674182 0.0900382325 -0.0655817538 0.0438849702 0.171745703 0.0738571733 -0.101971947 -0.141510099 -0.164739773 0.161259532 0.117890716 0.0631773174 0.0735687092 -0.110888839 -0.0247069523 0.0770793036 0.0307032838 0.141386569 0.0999583006 0.139558822 0.177214846 -0.0552914441 0.0607651584 -0.168024972 -0.141180187 -0.169021964 0.16105549 -0.104459472 0.049481269 0.0023317507 -0.168019548 0.0660111085 0.131682739 -0.00300403009 -0.121733308 -0.0844133347 -0.0604400486 -0.100140475 0.103208005 0.0551160872 0.0155713866 -0.130856484 -0.065440774 0.169665486 0.0858647823 0.155504733 -0.174560353 -0.0147715025 -0.0886048302 0.0169270486 -0.0589921474 0.0166638233 0.0843805671 -0.0844923258 0.045600269 -0.118047029 -0.128310323 0.0195145644 0.117197677 -0.057911247 0.147709519 -0.0861914456 0.0344786346 -0.0743889734 -0.0140372943 -0.159586668 0.154725879 -0.0437757559 -0.0196588729 0.032785289 0.056736432 -0.093394272 -0.0546052754 0.113996193 0.14961116 -0.0103922505 -0.0810032487 0.139287144 0.123285659 -0.162066892 -0.151325256 -0.115655862 -0.0434625521 -0.16472888 -0.0291121583 0.114325225 0.130134672 -0.0160104483 0.166559428 -0.0272100195 0.0466323756 0.11193613 0.0253056288 0.0853793323 -0.121312462 0.0787646696 0.0177106895 -0.155996889 0.171542838 0.167010322 0.0839159638 -0.101119138 -0.135747135 -0.165377676 -0.0241415203 0.0553915836 -0.167740658 0.0181180406 -0.132016838 -0.0658053607 0.0115635013 -0.127159387 -0.0629685745 0.0615516007 0.115132511 -0.0161399432 0.050706353 0.0865456015 -0.108647525 -0.0672370568 -0.0402513146 0.0891750678 0.0699460804 -0.153739527 -0.00673532998 0.0692531988 0.0851733536 0.166384503 -0.0957985893 0.00940166134 0.0839855894 0.00446252152 0.0285812952 -0.162452206 -0.0341694728 0.0646042898 -0.0535799116 -0.161171675 -0.176900536 0.0022499219 0.127611205 0.100568943 -0.0882365853 -0.0409071706 -0.0245636348 -0.0990981311 0.173406586 -0.168925092 0.0289896447 0.166609064 0.109794162 -0.0434711948 0.111729957 0.150599539 -0.147187069 0.14111729 0.0864561871 -0.0570289753 0.122026064 0.102974422 0.0594084114 0.0604660287 -0.056117665 0.119294316 -0.071526058 0.00378925214 0.171264261 0.136265814 0.0779721737 0.0219424162 -0.102665342 0.163720414 -0.172054484 -0.0926177725 -0.0476908423 -0.0643357038 -0.0853229091 -0.0141753098 -0.0680958331 -0.0758490786 -0.10408558 0.150092661 -0.126874059 -0.0986568928 -0.0261489153 0.118397497 -0.173807159 -0.0667901859 -0.0606651939 -0.129754037 -0.0840908289 0.0699687153 0.00363676832 0.0276033673 -0.150967166 -0.0531849451 0.0969162583 -0.0591337271 -0.00933171809 0.106663726 -0.0774884447 -0.0174602792 -0.161636844 -0.0610173047 0.107394069 -0.0814246088 0.088251777 -0.113521397 -0.143501818 0.104261868 0.163558125 0.0425981805 0.150147215 0.0564903468 -0.0321465656 0.114914566 -0.0157746058 -0.0307030436 -0.0528064258 0.0753078237 -0.131640896 -0.0980831683 -0.0336608663 -0.166837633 0.0485905334 -0.0365343988 -0.0157926865 0.00582100404 -0.0150303226 0.0755568072 -0.166255653 0.175706372 0.110862918 0.0114170657 -0.156490982 0.00568904588 0.169483379 0.0690478832 0.125680566 0.128854722 -0.107040234 -0.0369101875 0.0271339081 0.0233891308 -0.132205144 0.0837253258 -0.16188316 0.144356444 -0.158259168 -0.100374714 -0.129554391 -0.0400658995 0.127098948 0.101396337 0.0217866804 0.0808252543 0.133235857 0.0128953187 0.00455381675 -0.0961877927 0.0108690169 -0.038957946 0.141682178 -0.00340737728 -0.020570334 0.0611080267 -0.150664151 0.106305882 -0.142302185 0.116155669 -0.136029691 -0.123587243 -0.122261189 0.0965754017 -0.0967456326 -0.0889746919 0.164494142 -0.134592831 0.0032046889 0.0405101515 0.175768524 -0.0643660277 -0.168963 -0.0727928206 0.0813196525 -0.131516501 0.179087758 0.0228951294 0.116058342
tensor backtrace_actor.0.bias 1 32
-0.0962202772 0.137719572 0.0665464997 -0.134577632 -0.0266249608 0.0735494941 -0.0918745771 0.132655159 -0.0781242698 -0.147456616 -0.0552176647 -0.0480173044 0.0734024644 0.0993639305 -0.00954167545 0.118251204 -0.134683222 0.162330464 0.0580011085 0.162429437 -0.170602232 -0.139906898 -0.0812723562 0.102766037 0.0731586814 0.164854467 -0.0409298874 -0.109482259 0.152043611 -0.103794642 0.111034587 0.0989904627
tensor backtrace_actor.2.weight 2 32
0.116628334 -0.136256978 -0.108733132 -0.146988958 0.125115827 0.102152534 0.14670378 0.0561420657 0.023068171 -0.0445699096 -0.0689723566 0.0173637886 -0.0619404204 0.11642319 0.0190209392 -0.165090233 0.0963579044 0.0600980967 -0.048878096 -0.0286338851 -0.13025026 0.107082911 -0.00580540951 0.116874754 0.104227357 -0.113295943 0.0165420361 -0.0671730787 -0.16335088 -0.177038133 -0.141561314 -0.0385357924 0.154882684 0.18075721 -0.177338094 0.110828772 -0.101338744 0.0584369265 -0.0306041818 -0.0487714484 -0.0517416149 0.137185708 -0.175044298 0.170756862 0.0565672107 0.158516169 -0.173731178 0.0634662434 0.0943706706 0.0149735967 0.076198943 -0.159291059 0.155074596 0.0418838263 -0.116882257 0.145670861 0.136987433 -0.168376639 -0.0760229677 -0.014645814 -0.0444514863 -0.121114597 0.121534266 0.0251204204
tensor backtrace_actor.2.bias 1 2
0.105196558 -0.057203453
end
