SMARTATPG_ACTOR_V3
backend smartatpg
feature_schema SMARTATPG_FEATURES_V1
snapshot 3938d6e4b7faa76fb525fc7475b41bd22ef9c0663cf259091805d660cc0ddd36
embedding_dim 80
hidden_dim 32
tensor gate_encoder.0.weight 32 80
-0.0861504674 -0.0561580658 -0.176789165 -0.00737352995 -0.0985421389 -0.182925984 -0.0722015202 -0.22327143 0.00252914056 0.000500661088 0.0223799404 -0.0494836159 -0.049948819 0.118485004 0.0683000684 -0.15933308 -0.0880395696 0.0685425922 -0.0869755819 -0.104791321 -0.0304073188 0.0401818641 -0.0659099147 0.0841688067 -0.0604529418 -0.0422239713 -0.073683776 -0.049170807 -0.0632960424 -0.0921802297 0.0652293563 -0.0928150713 0.0587757453 -0.149600193 -0.0391471647 0.0400150195 0.0107593779 0.0717915446 -0.0429082215 -0.0770449117 -0.184879333 -0.109097011 0.0412273034 0.0422659107 -0.0899781957 -0.0619716942 -0.0582266115 0.111347213 0.0206097346 -0.0326260142 0.0618662611 0.0848218054 -0.0778515488 -0.0906755999 -0.0416860916 -0.17071119 -0.0416325666 -0.124486499 0.0362491086 -0.020244902 0.00474859169 0.0656841844 -0.0317685083 -0.122888446 -0.0368898883 -0.128998324 -0.0658058748 -0.186455473 -0.147253126 -0.0629524738 0.0479588509 -0.104639433 0.0880725384 -0.370295018 -0.0682035908 -0.0881450474 -0.277558982 0.0677068532 -0.145976782 -0.0724443644 0.100083724 0.0245163608 -0.246061444 -0.054452356 -0.237883165 -0.202154204 -0.0700711459 -0.0096394131 0.0107141333 0.0284500513 0.0826606676 0.0944604725 -0.126673192 -0.0523613766 0.0444077775 -0.033039894 -0.0331468657 -0.16012527 -0.0444170609 -0.091537185 -0.0944371819 0.00776736578 0.0865735486 -0.0279308464 -0.0566763654 -0.100833692 0.00905612018 0.0776424557 -0.165141463 0.0530788153 0.0850176662 0.0291038267 -0.0924580842 -0.0394385457 0.111893214 -0.0124942847 0.1514263 -0.00864835083 -0.076065369 -0.0420102738 -0.115245059 -0.0099135749 -0.114124402 -0.0575269908 -0.0937469006 0.0265799388 0.0778758749 -0.00319223665 0.033890374 -0.00491901627 -0.0872803628 0.0427786149 0.00860843156 -0.21852544 0.0848217458 -0.201799184 -0.0701795816 -0.0498040654 -0.00872527435 0.101539455 0.0592271015 0.0533085279 0.0105514731 -0.0694399998 0.0678922087 0.263885021 -0.271140277 -0.50401932 -0.101813786 -0.0570703782 -0.0561047643 -0.0152308568 0.0947424769 0.0280393101 -0.183332115 -0.289008439 -0.145072073 -0.0893625915 -0.178064674 -0.011319858 0.0779102966 -0.0111308284 0.0289205685 0.00944043323 0.0153572038 0.0521646664 0.104372129 0.152958408 0.119747043 -0.0811959729 -0.0569131486 0.0834851488 0.0755926743 0.0522711352 0.0392246097 0.0375829451 -0.0132576022 -0.107122004 0.0286158472 -0.0349665917 -0.0301616844 -0.0679221898 0.041540049 -0.0244014785 -0.0692504719 -0.174486324 0.0474142842 -0.0385789052 0.0474162474 0.113656603 -0.0188547652 -0.0516769849 0.0109537514 0.0910517126 -0.0412976295 0.118920147 -0.0551177152 0.0316720344 -0.134774387 0.00936961919 0.0789715275 -0.0746539906 0.0911827236 -0.053703621 -0.0654064864 0.106678486 0.0613395572 0.00558204111 -0.119014777 0.136879012 -0.0502898917 0.055931244 0.0493667945 -0.060204722 0.0456084982 -0.0436293297 0.081455186 -0.120272644 0.0600046851 0.0978460088 0.0978974923 -0.0797454268 -0.0297971703 -0.0168305226 0.0296258777 -0.326214522 0.190600157 0.301027179 -0.245747417 0.0186888725 -0.104779311 -0.0434660465 0.00715168566 -0.0994525775 -0.0186653119 0.101753995 -0.0438872576 0.127955332 -0.0584242642 0.00816443283 -0.100506514 -0.00764732203 -0.288694054 -0.0446415469 -0.0429624133 -0.282253325 -0.0748076439 -0.108174674 0.0331410393 -0.125856116 0.0554426275 -0.132975742 -0.137428299 -0.180702686 -0.0182500686 -0.346624911 0.0159271732 -0.146316364 -0.162608743 -0.090079844 0.0129259713 -0.145393685 0.0641588196 -0.17843008 -0.271050513 -0.00983004272 -0.0522399507 -0.0837697834 -0.365856409 -0.142918095 -0.0129031138 -0.00954480935 -0.209053516 -0.0834005773 0.0190468896 -0.158562109 -0.0858691856 -0.143963933 -0.185836747 -0.0632600412 -0.282983035 0.00171375775 -0.12161985 -0.0795097947 0.0377458297 0.0336721055 0.105028182 -0.0254891831 0.0386582799 -0.010018439 0.052011542 -0.0115963221 -0.00091061939 -0.163611665 -0.00635790592 -0.0926939249 -0.116436966 0.000843379123 0.0393308289 -0.141684324 0.0297455732 -0.130089417 -0.178185776 -0.242372885 0.0197552741 0.105617866 -0.156548202 -0.188893631 0.0992215127 -0.0714065507 0.0306132734 0.0832671225 -0.0837693661 -0.207015097 -0.0321238637 -0.126200452 -0.167547166 -0.0339624062 -0.177359477 -0.0698583201 -0.0299590286 -0.0791784003 -0.0496475585 0.0855577588 0.137747452 -0.0062782024 -0.0113491938 -0.00861585885 0.0539977625 -0.106924795 0.041671887 0.0129129793 -0.0122785736 0.147694111 -0.0704818144 0.0148047861 0.0648416206 -0.123013131 -0.0561433323 0.0729466677 -0.000477654947 0.00600033347 0.082644619 -0.0396049954 0.10452605 0.122647926 -0.0526821688 0.0494999923 0.13709335 -0.00373084913 -0.0143653592 0.0397987999 0.0230768379 0.0745798945 0.0946290195 0.0254566912 -0.0894011781 -0.0782302096 0.0174820479 0.0335877612 -0.0230442248 0.0513741225 0.0425137095 -0.0946132615 -0.043166548 0.0589725673 -0.00687497295 0.128155679 -0.111568421 0.00488925865 -0.0325023197 -0.00280290423 0.0236583874 -0.0281686448 -0.0863264203 0.0864810571 -0.011042824 -0.0112642562 -0.0857038945 0.0705549791 0.0933496878 -0.0755713955 -0.0667335019 0.0070500453 -0.0881483927 -0.282060713 0.343973994 0.149346516 -0.0649290085 -0.0653368831 -0.0703932494 -0.0963224694 -0.0599387921 0.115883723 0.0377958454 0.0149812615 -0.120829061 0.191649467 -0.0403263718 0.0620399788 -0.108657613 0.0688303709 -0.207549751 -0.00305689871 -0.126406983 -0.126599148 0.0866221637 -0.149533629 0.114692613 -0.0338647515 0.0481375977 0.0790997967 -0.138577417 0.169187069 -0.0396350101 -0.0859752297 -0.0384951346 -0.083455123 6.24012537e-05 0.0448341928 -0.0931089744 0.102690697 -0.0454551056 -0.120709449 -0.0890941843 -0.0416622795 0.102805823 0.0253230147 0.0206352454 -0.00225239247 0.111094117 0.0689394921 -0.0620933771 -0.102271684 -0.054746259 -0.035423398 -0.0421637557 -0.0259102304 -0.0825245529 0.0284343809 -0.140609294 0.00812660623 0.010404381 0.0155677283 0.0704729483 0.0928733274 -0.0759014264 0.122469418 0.0410366096 0.0782552361 0.0548523515 0.0159255955 0.0197309162 -0.00181456865 -0.0635046586 0.0224417318 0.059107583 0.0115180844 0.0519408099 0.048614759 -0.0589309633 0.0141075561 -0.0744846463 -0.0516500995 -0.0979392231 -0.206740573 0.116996706 -0.0847636238 -0.208034948 -0.0713863969 -0.0206521004 -0.0305797681 0.101366296 -0.2867544 0.126567721 -0.113001667 -0.119557358 0.0239302088 -0.0501735248 0.0396860018 -0.0319680348 0.0280450303 0.0369036235 0.0791741312 0.157740742 0.216409668 -0.0621823706 -0.022151703 -0.0133382743 -2.1221198e-05 -0.0119383624 -0.0727118552 0.0420452468 0.143669933 0.100083537 0.189321399 0.11869546 0.0617659129 -0.0556766093 -0.0934151262 -0.0223982427 -0.14483501 -0.0833644569 -0.0765110254 0.176580414 0.0980178565 -0.0555169024 0.0762371197 0.211036533 0.0278930999 -0.101074904 0.0561513156 0.0629757121 0.0329412445 -0.11754714 0.0970275477 -0.130828559 -0.0361697748 0.0922410041 -0.0120827686 0.104730487 -0.0772467256 0.174512848 0.00633365614 0.0686077103 0.0405956693 -0.0354147293 -0.0335461423 -0.0668463707 -0.0570894778 0.0398833454 -0.00852161366 0.00996517856 0.0135434447 -0.146357983 0.120469056 -0.0718122497 -0.0551150888 0.0696303546 -0.0454998799 0.0789878517 -0.0458665043 0.157201514 0.217554554 0.0229329169 -0.244184464 0.13399826 0.424624741 0.209091619 -0.101899162 -0.0882625431 -0.110079527 -4.95389104e-05 0.0117779579 0.133353248 0.205875114 0.228929743 0.0550432689 0.134391069 0.170273721 0.0880909786 -0.154099062 -0.0492129587 -0.0306486133 0.0896833614 0.0585749373 0.036011681 -0.00653197709 -0.0975801721 0.000850589713 0.0394113399 -0.0466600396 -0.00999839697 -0.0137506351 0.0567708127 -0.10297253 -0.0237592701 0.0506872386 -0.0329189636 -0.0747497901 -0.0727402568 0.0583222248 -0.00457059592 0.0109276278 -0.0285073891 0.118007839 -0.0905104801 -0.0413942263 -0.114304401 -0.0619311295 -0.0117527163 -0.0737198219 -0.0548042282 -0.01352356 -0.0292560253 -0.0486034267 0.0383465029 -0.0236346945 -0.149469212 -0.115015402 -0.00447401963 0.0898774117 -0.109800756 0.109085649 0.0416734591 0.0459978655 -0.0576920249 -0.0874190181 0.0572366044 -0.13353461 0.0646490008 0.0201087575 0.0481690168 -0.133682951 -0.107159115 -0.00157761737 -0.0983470529 0.118296914 0.0755050108 0.0703292266 -0.0223108698 -0.104456127 -0.0880675614 -0.0882135853 0.0390754789 0.269379556 -0.148692459 -0.264157265 -0.0857430547 -0.044208616 0.0580976158 -0.0929450169 0.0529267192 -0.158389062 -0.0229450315 -0.248292685 -0.0221448168 -0.0918828994 0.00791036244 -0.141429439 -0.0321654975 0.135924101 -0.229605898 0.0594583191 -0.0603675134 -0.23222068 0.0636151806 -0.0213060118 0.0144715765 0.0920831785 0.0320586339 0.0860164613 0.00517207338 -0.168054029 0.102860309 -0.200919077 0.0277485568 -0.166101947 -0.0541423 0.107658379 -0.0541542582 -0.0306546427 0.0162878968 0.0686597973 -0.22118625 0.0142794494 -0.0286799576 -0.0276085343 -0.102335319 0.0154340481 -0.000154269597 0.00669164862 -0.192843914 -0.089465484 0.0467171893 0.0733087957 -0.0021288218 -0.0273765046 -0.140513808 0.043113187 -0.265669554 -0.052991733 -0.104164459 0.032644894 -0.0480088927 0.119347841 0.0769521222 0.0246576201 0.055251915 0.0339629315 0.0860977247 -0.014302793 -0.020607939 -0.16978322 0.0241120476 -0.259417683 -0.0126927374 -0.0882773176 0.0312986411 0.0525397211 -0.12086536 -0.0592558682 -0.158199415 -0.116648749 -0.0819674209 0.33271426 -0.36974594 -0.539264858 0.0290185343 0.066851154 0.101894677 -0.0550416149 0.0763460398 -0.0530092493 -0.205814064 -0.208982781 0.111291476 -0.14566049 -0.0472696312 -0.0564938635 -0.0258229077 -0.0267681237 -0.229902267 -0.0108309379 -0.21568045 -0.312406451 0.0393597558 0.0752343237 -0.108695336 0.147765696 -0.0091451481 0.0626534447 0.0539514087 -0.284389168 0.0475400835 -0.265576988 -0.130251572 -0.15682067 0.0357836112 -0.09076377 0.0542472526 0.118603431 0.108233921 0.0588630661 -0.3121261 -0.20870395 -0.0875326023 0.0728231743 -0.193713799 -0.0570550971 -0.0824050382 -0.0180691741 -0.221104696 -0.0900164917 0.0900586247 0.0421178862 -0.0338619724 -0.0645963848 -0.113457106 -0.116330422 -0.149607137 -0.0789146349 -0.139360398 -0.0334592387 -0.0758030117 -0.0945934653 -0.0859492421 0.0949372873 0.0141697843 0.0347064659 0.0643588975 0.0993564129 0.0457097143 -0.298165917 0.0220530387 -0.0828698054 -0.0924322456 0.112079069 0.0228076782 -0.0534616187 -0.00995536149 -0.0351146497 -0.156885907 -0.192003518 -0.0681357533 0.362468481 -0.34919849 -0.365368545 0.114694566 0.0472126603 0.0149689317 0.00550276041 0.0373325497 -0.0825903118 -0.259193957 -0.222036794 -0.127157032 -0.280420125 -0.166478842 -0.0686633438 0.00848416518 -0.0382272638 -0.194249392 0.0165432189 -0.203287944 -0.270134777 -0.0408209488 0.172929779 -0.0374609381 0.0916731954 -0.020286167 -0.0372642241 0.063729167 -0.224619135 0.0584032945 -0.175438508 -0.129156053 -0.108803771 -0.0658360645 -0.101018786 0.044782564 0.101119332 -0.0376726612 0.0883645862 -0.146308452 -0.184782043 -0.0285315681 -0.0437359102 -0.217859074 -0.0632194355 -0.0752171502 0.0391250513 -0.235816658 0.0670399964 0.0227747671 -0.0939213187 0.0659270883 -0.128966182 -0.133791491 0.045798637 -0.16774936 0.05036401 -0.273029834 -0.03105524 -0.0703479722 0.120860361 -0.0866273269 -0.0902809948 0.0881891996 -0.0466855168 0.0867784321 0.0712556019 0.0314547345 -0.180507526 -0.0709680989 -0.205861226 0.0993798524 -0.0331333652 -0.0934235081 0.118150599 -0.027902687 0.112802923 -0.0816773027 -0.296893954 0.0389565676 0.28568995 -0.275254875 -0.487451762 -0.00848122779 -0.0834836662 -0.0781179219 0.0126747042 0.0875359476 -0.135971934 -0.151221067 -0.355907351 -0.118635535 -0.168525398 -0.162025422 -0.131399229 -0.0145782428 0.0753422081 -0.19071193 -0.0230878722 -0.104877859 -0.13351582 -0.105651967 0.0123592215 -0.0568825491 -0.090295352 -0.0512067564 -0.0796143189 0.100450292 -0.188565597 0.0247547459 -0.0934014991 -0.0633984953 -0.126616418 -0.0506739393 -0.00165702146 0.0942174867 0.0143934302 -0.0951329023 0.0213860571 -0.204072237 -0.203165248 0.0981124789 -0.0694167763 -0.245912343 -0.060614083 0.0643430501 -0.00288990675 -0.214272976 0.118113562 -0.0251056831 0.0991562828 0.125078067 0.106787354 -0.266234308 0.0491327681 -0.0937627703 0.0648242235 -0.105552949 0.007075042 0.0558467321 0.0126503436 -0.0329768136 0.0198793169 0.129138574 -0.0936466977 -0.0876636356 0.153636396 -0.0164599866 -0.123863518 -0.040995352 -0.0732507482 -0.0810129344 0.110604621 -0.0305963121 -0.0662534237 0.0759913549 -0.0421898738 -0.126299575 -0.226457357 0.0943051428 0.325954676 -0.334117115 -0.539152622 0.145358264 -0.0351569951 -0.0152951106 -0.0440874249 -0.0309023336 -0.106456906 -0.101232953 -0.234991297 0.0314489119 -0.126739383 -0.167902768 -0.18851839 0.0528570116 -0.0885805935 -0.295216531 0.0418453142 -0.0458760522 -0.176100567 -0.00992083736 -0.0149504542 0.0575887896 0.0175626855 -0.0252261925 0.0116848433 0.10618531 -0.14648892 0.0926155522 -0.0986751094 -0.0856822953 -0.0502611734 0.0612931885 0.0144419214 0.0187378302 0.0961247161 0.0879470557 -0.0405096635 -0.186569825 -0.0931853503 0.0560212173 -0.0375837274 -0.206590518 -0.0154128214 -0.0139079541 -0.0130161867 -0.175849482 -0.0464619808 -0.0129454844 0.0130486749 0.035596028 -0.0895431712 -0.187292144 0.0098586306 -0.185530618 0.0851168707 -0.0967084989 0.037495371 0.0679194406 -0.0614616163 0.0837407187 0.0790916681 -0.0323865451 0.12149962 -0.0280872304 -0.0245170891 0.0636410341 -0.211922988 -0.0481668301 -0.0620105565 0.11408174 -0.0648237243 -0.032816954 0.091987811 0.123697653 0.0531720743 -0.150588945 -0.182830572 -0.0519971251 0.129775122 -0.257971197 -0.278956801 0.00796806533 -0.104854099 -0.0375262722 0.0272711515 0.0745345056 -0.0116399825 -0.147310272 -0.244887888 0.00183972181 -0.212036043 -0.143066734 -0.000662903418 0.029619908 0.0272582788 -0.29701516 0.0712308064 -0.147075325 -0.0155989649 -0.0684461147 0.0831897929 0.0520465188 0.161609754 0.0345839374 -0.0337348916 -0.0639378056 -0.0175541863 -0.0150638027 0.0375954248 -0.0634011552 -0.0621706955 0.0477399267 -0.0412045978 -0.0847094357 0.0925680995 -0.0715355873 -0.0410342403 -0.21034801 -0.17925474 0.0657253191 -0.0347881764 -0.19624725 0.0767429918 0.0453191698 0.0956478119 -0.0659514442 0.0524666943 -0.0489889346 -0.00484568626 0.120665811 0.0869063064 -0.0977322832 0.000316733902 -0.189506873 -0.0206023753 -0.185376257 -0.0443539657 -0.0208141338 -0.025446346 0.0150353368 -0.0268701985 0.0794570372 0.185178876 0.0710077137 -0.0149728181 0.0842185393 -0.0564613678 -0.048209656 0.00832960382 0.131365046 0.0100628622 -0.0735104978 -0.0784025118 -0.0126572959 -0.0312469341 0.036424987 -0.02619485 0.0654992759 0.162297323 -0.141152382 -0.659676611 -0.0653214604 -0.0106253251 -0.0820762739 -0.0513351522 0.100970149 -0.0301101543 -0.186046511 -0.285699964 -0.202447623 -0.0959004387 -0.0927031487 -0.0882527009 0.0803956836 -0.0992702916 -0.0337435678 -0.132524639 0.152368322 0.0845718607 0.0153056486 0.0187791828 -0.00454455428 -0.221201614 -0.095126003 -0.0329549201 0.00738291582 0.0514103062 -0.11588037 0.0698411092 0.0424131267 0.0965675861 -0.0768754259 0.0859560594 0.0101556573 -0.201577336 -0.0774713904 -0.0215449482 -0.0072941673 0.0986265913 -0.177125901 -0.0654464513 -0.0910123289 -0.0842385367 0.0767944828 -0.0070619504 -0.0686273426 -0.0580570213 -0.0759301707 -0.0818733647 -0.0278852321 -0.133564055 0.0875118747 -0.0673672706 0.0418242849 0.0212094393 0.0415630862 -0.03052078 0.0654466376 -0.088414222 0.044450067 0.00918202475 -0.213997588 -0.0155755607 0.106841631 -0.131378159 0.0812855214 -0.0542787462 -0.149871856 -0.00542118493 0.0177486409 0.00205956819 -0.0441350453 0.0293342378 -0.0162626673 -0.147546023 -0.0133981863 -0.0476590469 0.00502830744 -0.101362579 0.0527423956 0.453252107 -0.133514747 0.00755044818 0.0973615348 -0.0138468742 0.0865046829 0.113964438 0.112608537 0.271663129 0.116095848 -0.054261703 -0.0384621173 0.132180557 0.0544312522 -0.0160147268 -0.164817199 0.0822631344 -0.0872983709 -0.147718251 0.0220752675 -0.0673942715 0.0177355707 0.149010569 0.0673065558 -0.0337464809 -0.0306866877 -0.0937036797 0.0689229444 -0.117131665 -0.0739032105 -0.0543404073 0.0247349665 0.0530981421 -0.0623199791 -0.0583182611 0.0165317692 0.0186233781 -0.0559368394 0.100062184 -0.0274313334 -0.0483821258 0.0330767408 0.117432907 0.00315010292 -0.0584109426 0.00513219601 -0.0418083519 0.103980571 0.055748459 0.104058854 -0.0263652205 0.0283346381 0.0967310369 -0.15389137 -0.0892314911 0.0575274713 -0.0569709688 0.100812644 0.0322380066 -0.0841368064 0.0987139121 0.0334140323 0.0257400628 -0.0330223925 -0.116287239 -0.0405150875 -0.0330596715 0.125482485 0.0312213041 0.0592415668 -0.0548099987 -0.0825578198 -0.0286202077 0.0231836885 -0.00718898606 0.0419571362 -0.0942197666 0.0417188853 -0.138266593 0.193511933 -0.453721195 -0.15309234 0.0530162752 0.023034811 0.104788437 0.0625776201 -0.186639264 -0.237507552 -0.240996495 -0.235617608 -0.131839976 -0.0584600344 -0.0816099122 -0.0253233407 -0.0477100015 -0.0265784394 -0.164168 0.1125696 0.0914727896 -0.0928386077 -0.0752503797 -0.0517874844 0.0618122593 0.135255918 0.0313445516 0.0576467924 -0.0210784078 -0.00767160859 -0.0916525796 0.107391544 0.0705297366 -0.097393021 -0.00811294839 -0.148024797 -0.0947819352 -0.0119573353 -0.0456662439 -0.101564534 0.0347044282 0.080691196 0.0755649135 0.0704279765 -0.0800178424 0.0961927697 -0.0839223042 0.0612409338 -0.0599632598 -0.0647689849 0.105916291 -0.052641049 -0.0987255424 0.00721917721 0.100037873 0.0236438494 -0.0842453465 -0.0778523833 0.0690475702 -0.0960979462 -0.0950093493 -0.0159993824 0.0636726841 -0.038472645 -0.0836187303 0.0445230305 -0.00738754077 0.0303596947 -0.0231660772 -0.0198254213 -0.022677904 -0.0268669557 0.0611950718 0.0798022598 -0.106274895 0.0644863024 0.060407903 0.0560297742 0.0344370753 -0.0231500193 0.222194672 -0.342746943 0.294670612 0.379306912 0.0706895888 0.0879942924 -0.0658126026 0.0747580081 0.244169846 -0.101163082 0.173671141 0.256819844 -0.0762609988 0.105021589 0.0150477011 0.0133759929 -0.0783609375 0.135473445 0.0190396719 0.0202338789 -0.0258961711 -0.0328071378 0.0132533917 -0.152038753 -0.00479534036 0.0315034203 0.000604067463 -0.0314159058 -0.00205031829 -0.0230832249 0.0328279473 0.0314276665 0.104489774 0.0388751514 0.00460349582 -0.0499286279 0.127832249 0.0606391914 0.0118617471 0.214437097 0.136310682 -0.0515733995 0.040590968 -0.0864790753 0.0353294984 -0.0910466164 -0.0867556706 0.024167601 -0.0615377314 0.137540027 -0.000809656631 0.046283599 0.149401799 -0.0553945564 -0.0663488731 0.0608490072 0.101634845 0.0598587841 -0.0453031063 -0.000227009732 0.00733933831 -0.044447735 0.0479690917 0.143144727 0.0612797104 0.0556864403 0.145185769 -0.0731364191 0.0203683246 -0.0203671474 0.0602900721 -0.0764076263 -0.0543133579 -0.0604589172 0.0281375702 0.0300980546 0.00541310757 0.0600458086 -0.0960138738 0.0250826627 0.297703773 -0.290611118 -0.108655006 0.348175049 0.0401389748 -0.0898015052 0.0820394307 -0.0673413277 0.0676274896 0.0508575551 -0.0481785461 0.151061028 0.0213617329 0.00425882544 0.0893481821 0.0522373877 -0.183611706 -0.123501904 -0.0848553702 -0.0682281554 -0.0546273105 -0.00738232955 -0.0761180073 0.072873123 -0.107198149 -0.0509754717 -0.0226780679 0.0888637304 -0.122519732 0.0572608821 -0.0370129682 -0.0840137154 0.0912671611 -0.111205325 -0.0621960163 0.0413945764 -0.0138138914 0.10946925 -0.104581863 0.00185773289 -0.060200002 -0.0936123431 0.0761659816 0.142567515 -0.0432693362 -0.0825950205 0.130760238 0.108493552 0.0380781181 -0.0253146458 -0.0741185546 0.0470196009 0.00809919834 0.00528936693 -0.00217326451 -0.0224147663 0.108994804 0.0343941301 -0.0619448014 0.0106579009 -0.0612028353 -0.0610654391 -0.00773900561 -0.106017746 -0.0106152175 0.0488195494 -0.0175046567 0.0879871324 0.0809789151 -0.0344805978 0.0873737484 0.100566685 0.0634495392 0.0578224324 -0.0122631667 -0.0300879143 0.0934059471 -0.0040906705 0.135226503 -0.0332439989 -0.354959726 0.121054076 0.321116149 0.0461672693 -0.0774432048 -0.0998949558 0.0616378039 0.00764489919 0.112510458 0.219970867 0.103119783 -0.0982289612 0.0405530147 0.0981381312 0.139998198 -0.0142687783 0.18623811 -0.240531757 0.0251098629 0.0530898347 -0.14614889 0.0319491848 -0.0148779172 0.0437129326 0.180586025 -0.00717920903 0.0293882582 0.0509287752 -0.137339383 0.0753104463 -0.126834393 0.0219815429 0.0808921754 0.178365782 0.0637832955 -0.0752167925 0.20821996 -0.0367186666 0.000742195116 -0.215257093 0.0186445694 0.107097439 0.0907944515 -0.166266829 0.00748782372 -0.0341978148 0.0822264478 -0.197856396 -0.0677984729 0.0793245137 0.0560581237 0.148848474 0.0245411061 -0.249571055 -0.0141029404 -0.0779707283 -0.0791781545 -0.122746088 0.0123123508 -0.00686395727 -0.0705505311 -0.0304551236 0.0514849573 -0.0406832807 0.0279027522 -0.0494675227 0.1716896 0.0674848482 -0.0654361472 -0.000899385137 -0.128106847 0.0155792302 0.0411719903 -0.0782048106 0.144891009 -0.0122265527 0.168644398 -0.171815589 -0.107230857 0.0858600438 -0.251610607 0.0471010916 -0.345258206 -0.151082695 0.0927723944 -0.0258323923 0.0576505512 5.40614128e-05 0.0286607947 -0.08831276 -0.0635979697 -0.21598044 -0.0426653251 -0.17387867 -0.0599432588 0.00839991961 -0.0541665591 0.182612121 0.145986348 0.00444132602 0.167508796 0.109293118 0.0455677249 -0.0345041491 -0.0358999409 -0.165569037 -0.0618598051 -0.113211468 0.172614738 0.103755414 -0.00365418242 -0.0173205137 0.0940309986 0.067038931 -0.0166831929 0.0684199929 0.00965952221 -0.125696331 0.0781038404 0.10395281 -0.039622765 0.0158887729 0.00681420555 -0.0973640382 -0.0760429725 0.0220261551 0.103160419 0.0887091309 0.00757035986 -0.0697176456 0.0966266766 -0.073353231 0.100069001 0.0553381816 -0.115262449 0.134545594 -0.0101536624 0.100964405 -0.034476079 0.0120080225 0.0621911064 -0.112036668 0.0928438902 0.149874792 -0.0174475797 0.0311006587 0.0900352076 -0.0310093295 -0.0775216967 0.0384910777 0.12921907 -0.0112526808 -0.0382079706 0.00730748801 -0.0573711433 0.0754581317 -0.10223522 0.119681455 0.158298954 0.070002079 0.214951932 -0.0932707116 -0.0323925875 0.0646227971 0.0257778168 -0.0167197511 0.0150196403 -0.0983555242 -0.0139680542 -0.028723646 0.0745847374 -0.0323174298 0.034486562 0.00742854597 0.0785386562 0.0520790666 0.0329718478 -0.0918321013 -0.156521887 0.11466115 0.0301925223 -0.00681994529 -0.00457595056 -0.0249806512 -0.14155075 0.0190901328 -0.040215537 0.0803789347 -0.0264662001 0.0912107155 -0.0981481224 0.0436752327 0.00985084008 -0.0862090662 0.0183058176 -0.0638702586 0.0287593417 0.143556431 0.0142049035 -0.0677783415 -0.222448662 -0.017934069 0.0597594231 -0.0591012165 -0.0991924182 -0.104041465 0.128705382 0.022625383 0.0671200305 -0.134863794 0.00434442842 -0.153839961 -0.0166295078 -0.0655873641 0.0152619993 0.0996482968 0.0216800775 -0.0838049874 -0.0825049132 0.069770515 -0.023003567 0.012495636 0.111967996 -0.0839949548 -0.0577357784 -0.0620947666 -0.136821553 -0.0343033373 -0.0451448187 -0.0964592025 0.0874165669 -0.122950137 -0.0169740766 0.0573875457 -0.128309563 -0.00372027676 -0.0536478125 -0.134901434 0.0822290555 0.0242912322 -0.0626936555 0.368230611 -0.154379219 -0.326101035 -0.0232559517 0.0214767307 0.00781533122 0.0816231072 -0.31624648 0.0177183412 -0.00760766445 -0.306262761 0.126207501 -0.0610091388 0.00689135306 0.0905128717 0.0278965775 -0.0378936753 -0.0611038357 0.0744155049 -0.110947952 -0.153477237 -0.158573285 -0.121820875 0.0523608364 -0.0296024848 0.000251524645 0.0462618209 0.00880750548 -0.0104903579 -0.143873006 -0.0101675726 -0.140676796 -0.09398745 -0.0584605746 0.0660455972 -0.110030845 0.0015464907 -0.0859541446 0.0238018446 0.0669330433 -0.0425926 -0.0304512996 -0.121676616 -0.0804032758 -0.089685373 -0.0181441829 -0.072890915 -0.0628104582 -0.0223011971 -0.00882120337 -0.104413047 0.103604712 -0.03824725 -0.00932572782 -0.0598800816 -0.0948424935 -0.0533578098 -0.0899205059 -0.092386283 -0.00821102038 -0.0554704033 -0.0343817845 0.0662121028 -0.112516083 0.0982379094 -0.00785041973 0.00917332806 -0.0175037701 -0.117715813 -0.0200541001 0.0718530938 -0.118216574 -0.0994089544 -0.020463679 -0.00328572234 -0.0359553918 0.0714414567 -0.0549841039 0.0795465112 0.00178377121 -0.216276795 0.0928353965 0.218766898 0.0356943309 -0.10157834 0.10739851 -0.0967397019 0.169646189 0.11599268 0.108481273 0.0145701244 0.0033999302 -0.0467132069 0.0788616687 0.0791626796 0.0801616535 -0.00733978022 0.0800705925 -0.00244235224 -0.0330372453 0.0911276191 -0.00826980453 0.0135928579 0.000286880415 -0.131932259 0.0364657864 -0.0890225917 -0.0607799254 0.0863802359 0.0331473872 -0.0263408087 0.118369035 0.031364914 -0.0311410856 -0.161390901 0.0799054727 -0.0429680906 -0.0223745797 0.175111756 0.134799615 0.0595555194 0.096299462 -0.0926173925 0.0328631215 -0.00470764935 -0.0380997807 -0.0705771819 -0.0217895005 0.0226177108 -0.0314778462 0.0776413605 0.0911885425 -0.0532422438 -0.102912463 0.0704538301 0.0181119293 -0.0234093163 -0.00436632847 0.0788651183 -0.0437254459 0.00445123157 0.0826073885 0.010070568 0.0586756952 -0.12776427 0.0818360448 0.0968991742 -0.0652944297 -0.0838257894 0.0649499893 -0.0918103755 0.0409148224 -0.105396211 -0.0460149571 -0.00117842702 0.113692835 0.0128848068 -0.0562139116 -0.100254267 0.378204018 -0.382032752 -0.220514461 0.2663261 -0.101510435 -0.00318712741 -0.0158888176 -0.0320834741 0.235099196 -0.0780023411 0.0278972853 0.150757536 -0.0736657381 0.0769345313 -0.0903884619 0.0648809448 -0.0877982453 -0.254946589 -0.0872582942 -0.174795225 -0.0634743795 0.0809613168 0.0129070627 -0.0648185983 0.0999444798 0.0968586579 -0.0211053528 0.0183375385 -0.0361550637 0.008935472 -0.0729281157 0.00273361057 -0.0198123939 0.0631020442 0.0900104046 0.0713562295 -0.0142087098 -0.0355213694 0.0674050078 -0.202649966 -0.0905853137 -0.105445571 0.122521833 -0.0878468528 0.0979377329 -0.0616708957 -0.108869314 -0.0047887587 0.074105002 0.0238505248 0.029989088 0.00718091568 -0.0125938486 -0.201984242 -0.0858509466 -0.154037803 0.0383945554 -0.19083789 -0.0351792686 0.0393859856 -0.0895673782 -0.00258970773 0.0176544338 0.0482607447 -0.10566178 -0.0344538651 -0.0565577038 -0.0224257186 -0.213290572 -0.0218052957 -0.0261272397 -0.0590243414 -0.00706003094 0.0292367898 0.081738174 -0.036481861 -0.0898696482 -0.158352226 -0.0766750947 0.0924556702 0.237800658 -0.40239194 -0.308073938 0.0961953104 0.105840653 -0.0225260183 -0.0234740227 0.00955908746 0.100168534 -0.247672081 -0.208864048 -0.0585460775 -0.234094307 -0.125656486 -0.125616208 0.0937688425 -0.0518690459 0.0589051135 -0.0647229105 0.00520163774 -0.0128468135 0.09046942 -0.109457709 0.0189535487 -0.163255244 0.0462624915 0.0525302216 -0.0501888804 -0.0629296973 0.135813415 -0.030799387 -0.131836519 -0.0171613414 -0.0163830444 0.0111325225 0.0271857865 0.0113874068 -0.0411870331 -0.123415686 -0.0948230773 -0.0327993035 0.012213002 0.0599234514 -0.0420784466 -0.0327215679 -0.00798432529 -0.0803485438 -0.159503654 -0.0298571736 -0.164040759 -0.0559459515 0.0737603009 0.0257023498 -0.0027184675 0.0516693555 -0.0691974238 0.0242280569 0.0373005532 -0.0852444544 0.0976894498 -0.0167471133 -0.0958894491 -0.00238075689 0.0877045617 -0.158891797 -0.0506444052 0.0484654531 0.121573783 -0.0448402315 -0.0907237753 0.00317495177 0.016836917 0.0338634774 0.0205841456 -0.0552978739 -0.0689838156 -0.0838751793 -0.0183466151 -0.0320057087 0.0895661712 -0.262451679 0.127850875 0.659125865 -0.00844425801 0.0431166738 -0.0430117846 -0.0118667111 -0.0804484561 0.181461737 0.118473828 0.153024375 0.133489802 0.160899371 0.116521671 0.0166982356 0.0846979767 -0.174469188 0.121830463 -0.00698943296 0.0827222988 0.284857988 0.0033022298 0.0359161906 0.091272451 -0.107143812 -0.125571877 -0.0417760834 0.0551782772 0.273200423 0.0814591497 0.240009904 0.0704824626 0.116585374 -0.0319154002 0.0726309791 0.109306112 -0.14393647 -0.0634861067 0.0534602404 0.203070253 0.273370713 -0.114284925 -0.0401480123 0.172510654 -0.11649368 0.081115678 0.084718354 0.250624686 0.115077756 -0.0335283577 0.00829107873 -0.131097585 -0.0485901646 0.198887646 -0.0143796466 0.285984755 0.0145395435 0.256001323 -0.0565515719 -0.0566775203 -0.054009553 0.092152521 -0.0126063572 0.0514657162 -0.00464390405 -0.0013223982 0.00879919436 0.0245112684 0.213943481 -0.0703679025 0.230254218 0.0176531747 0.065230675 0.0564203747 0.0604163297 -0.00107928168 -0.00169193791 0.236407429 0.236394927 0.0709260255 -0.153924569 0.298174769 0.244655937 0.0959649608 0.0942391604 -0.0146079287 0.0944179744 -0.0803717375 0.0860705897 0.0837558955 0.292691618 0.0165979136 0.0607225746 0.0376636945 -0.0031932299 0.0709596947 -0.0133007634 -0.0658356696 0.0403190702 0.117351353 0.0597789735 0.0104015693 -0.00484049786 -0.092742525 -0.047761295 -0.0749792978 0.0187312253 -0.113617659 0.00552204764 0.0269632954 -0.0225359015 -0.0160875618 -0.0142157245 0.0579148009 -0.0598799437 -0.00261627836 -0.00818814524 0.0236215983 0.00619958341 0.0198046695 -0.0461076833 -0.133903667 0.00940818992 -0.00946571678 0.0564636067 -0.0669528916 -0.0536260083 0.0279404577 0.0895995498 -0.0402320251 0.0594941191 0.114058755 0.027733501 0.0646838769 -0.0688303113 0.0828713477 -0.0452115573 0.119142704 0.0810614675 0.0419280976 -0.0206473917 -0.090161927 0.0803357661 -0.0149171837 0.0133973137 0.0306695327 -0.0134444209 -0.0461694412 0.0639515817 -0.0225484725 0.141812474 0.0510004461 0.0954430401 0.0341971777 -0.0389765985 -0.0752981454 -0.0700948462 0.14042528 0.117777117 -0.0850037932 0.404910713 -0.381347328 0.00953992922 0.176052094 0.00374714285 -0.0439904779 0.0174521655 -0.074114494 0.12572135 0.0171383619 -0.100753814 0.113218568 -0.0921702981 0.00871241745 -0.0414597429 0.0600206107 -0.164793327 -0.0738946944 -0.0143780438 -0.042658072 -0.1733464 0.00968249235 -0.0722697899 -0.016435707 -0.0911363289 0.0859949738 -0.0665281788 0.0345150903 -0.137934938 0.0670925826 -0.00279145292 -0.201706052 -0.0508064628 -0.0977669731 0.0740309954 0.0148823205 -0.113027856 0.015901776 -0.125271887 -0.26529187 -0.24714829 0.0365675166 -0.104585744 -0.0242387168 0.0327963904 0.0434872769 -0.00573815126 -0.038256593 0.0765429735 0.084128283 0.10035789 -0.150295958 0.0678283945 -0.0447988473 0.182535529 -0.0187803023 -0.0262795165 0.015814472 0.0656892806 0.054284595 0.0269808546 0.0864956975 0.0547430366 -0.130887389 0.0491244718 0.0344551429 -0.0660883635 0.0379364863 -0.0595495515 -0.0260305945 -0.0341558829 -0.0506951585 0.0189468749 0.100297958 -0.0570954569 -0.0396048576 -0.066670768 -0.180224597 -0.088398248 -0.0788491741 -0.391754955 0.19635734 0.0188666973 -0.122885861 -0.0847330242 0.00144615769 -0.0164826885 -0.0551850386 -0.130156219 -0.102431409 -0.0788810477 -0.151777983 0.0771942586 -0.147305399 -0.177544028 0.0815245733 0.0139076719 -0.240914375 0.139181063 -0.133977085 -0.177258745 -0.0334566161 0.132197335 0.0125590842 0.118133977 0.059179768 0.0628997087 -0.0447811596 -0.262556762 -0.0803667605 -0.142403513 -0.152943969 -0.0315806307 -0.0425413474 0.08197207 0.0113410847 0.140667945 -0.0374956913 0.0316178463 -0.160979122 -0.183380499 0.0479399897 0.0984365866 -0.159410283 -0.0685217977 -0.0354255103 -0.075313434 -0.155520707 0.0885905102 0.0669775009 0.0754383281 0.147172958 0.0283264928 -0.2684488 -0.0605949461 -0.151134133 0.0676547065 -0.219870225 -0.022590654 -0.0574131161 0.115498289 0.100079142 0.0404126793 -0.00411702879 0.100807771 -0.0254261252 0.171464816 0.0663979575 -0.233767509 0.072744444 -0.182082012 0.125663176 -0.0604236312 -0.00214800774 0.0930559114 0.019187957 0.0134170316 -0.0965064615 -0.152803063 0.0683352798 0.202100888 -0.261025846 -0.435391188 0.118129089 0.0523214042 -0.0828258246 0.0469475687 0.0419379175 0.0550562143 -0.215972096 -0.202077463 -0.0691029951 -0.214483514 -0.20903717 -0.052877415 -0.084318772 0.187222749 0.0856049359 0.0167953074 -0.0565926544 -0.0349860601 -0.144645482 -0.047534965 -0.0561112165 0.0355408303 -0.0472425036 -0.00777971046 -0.0835517347 0.0634125546 0.0962643847 0.118038669 0.120332651 0.125634655 0.0635028705 0.0606773496 0.0345542133 0.0973329023 -0.0799015611 -0.0552535914 0.170873806 0.0527412631 0.0499806292 -0.0751643479 0.0424173065 0.0437791124 0.0404363908 -0.0679528043 0.0434622392 0.00798894372 0.00609340053 -0.0609804913 0.134337351 -0.00793002918 0.0520917624 -0.0136162322 -0.115296967 0.0423782654 -0.0516972058 -0.0491382331 0.08744023 -0.0788587183 -0.0910470709 -0.0429401994 0.0521053188 -0.0780936852 -0.092136845 0.118918195 -0.0186933354 0.0538281612 0.00707652885 0.0265960116 0.0446702503 -0.0562156141 -0.0958605558 0.0137976641 -0.0743194818 0.0795037672 -0.0453729853 -0.0231936481 0.0268266201 0.260612518 -0.186218798 -0.404701829 0.257341266 -0.106716923 -0.0957750753 0.1116018 -0.0632489994 -0.05316329 -0.167817518 -0.278592616 -0.0101750614 -0.0410977677 -0.124579608 -0.113633342 -0.094608672 0.122491352 -0.201630652 0.0114872111 -0.0651163384 -0.0507888682 -0.0676889718 -0.0483295843 0.0623197779 0.100565627 -0.0122015774 0.0186363179 -0.110905975 -0.0965261012 -0.056262821 -0.0338728316 0.0711417049 -0.022992745 0.0812309161 -0.00613163691 -0.00608501723 -0.0099067064 0.043462567 -0.0247520898 -0.194214568 0.0309630744 0.0696632862 0.0146013321 -0.0772845224 -0.0983046517 -0.0298782922 0.0695476532 -0.0968306884 0.0772671476 0.0938646421 0.0112989517 -0.00563772209 -0.0291707162 -0.157000765 0.124629825 -0.116858006 0.0638310462 -0.181486368 -0.0554732606 0.0946080238 -0.0864120722 0.0450071953 -0.00454293424 -0.0298043713 0.0598072372 0.0117801176 -0.0563177168 0.00390208955 -0.210152805 0.00703314599 -0.120464914 -0.073971428 -0.0256967582 -0.0259175096 0.0820108056 -0.0757193267 0.028524423 -0.111600526 0.0292745195 0.0848539323 0.26376605 -0.268528074 -0.198552027 0.229465321 0.083045423 -0.0966126323 -0.0730485916 -0.0493283123 -0.151231855 -0.00573596917 -0.107830748 0.0643043369 -0.0628711134 -0.124153294 -0.0169686638
tensor gate_encoder.0.bias 1 32
-0.0686474964 -0.100469671 0.0455912501 -0.12867175 0.0441529229 -0.00286832615 0.143384263 -0.0680216923 -0.0667652786 -0.22975795 -0.164486304 -0.244750544 -0.185578674 -0.0530947819 0.0469000936 0.0242240559 0.0224509183 -0.0555551089 0.1181949 -0.0544206351 -0.0181589089 0.0729437247 -0.0430853106 0.0710394681 -0.0401174836 0.107611418 0.178645939 0.0903002098 -0.0692757368 -0.0425435714 -0.102431878 0.0437121578
tensor objective_value_embedding.weight 2 32
1.44030046 0.525025725 -1.50571156 0.5572294 1.13615263 0.920027614 0.0451058671 -0.806547225 -0.779942811 0.125623256 -0.461551487 -0.593874991 -0.158809438 -0.0844291523 -1.34573305 -0.40392077 -0.631489038 0.782837093 -1.12642908 1.47909629 1.09001374 -0.400159031 0.470517695 0.423370242 0.480148911 -0.548543274 -0.539654791 -0.309513241 -0.861092925 0.110486776 1.24584711 0.388913602 2.14552855 0.636423469 0.606244028 2.95983839 0.114712879 1.36129987 0.632232845 0.0711133257 1.02418101 1.26364899 0.803840518 1.1500988 0.684595168 -0.0531079918 -1.00700843 0.753778398 -0.0683384165 -0.902066708 0.379165977 0.799824119 -1.26451778 0.479119986 0.903745353 -0.264520556 0.618365645 0.244551569 -1.23889685 -0.63803333 2.26496625 0.231048197 -0.858164966 1.10897636
tensor backtrace_actor.0.weight 32 32
0.0041504642 0.197491959 -0.0101828808 -0.0120035028 -0.154773071 -0.0355718024 -0.27215144 0.102268405 -0.00454092165 0.0663632825 0.134511471 -0.102852836 0.104431786 0.264623731 0.209288567 0.129113093 0.15479596 0.0318190232 -0.100546047 -0.0167588145 0.144984171 -0.156866923 -0.170464933 -0.021098474 0.185185879 -0.156446725 0.068096593 -0.138095006 -0.120021753 0.0830393434 -0.0607634187 -0.0270674955 0.0494257212 0.105545454 -0.0506287925 0.0888279155 0.325277567 0.185586438 0.142845958 -0.208947197 -0.237155199 -0.280841321 0.101997539 -0.036337886 0.0489857569 0.0654938743 -0.0400894023 -0.0682687759 -0.389711738 0.107346684 -0.151519552 0.323509037 0.254747987 0.06664747 -0.211935773 -0.194580808 -0.0513447262 0.160559997 0.187143251 -0.377863169 0.0205178913 0.130128294 0.1593128 -0.172318071 0.00464916416 -0.01052377 0.061991863 0.27542004 0.15862003 0.00844565034 0.228625566 -0.127847463 0.0268350132 0.197289616 -0.148121998 -0.101556227 0.0342083871 -0.20976083 0.0110837389 0.0152906291 0.0194958001 -0.141087756 0.054190971 0.0293507688 0.113124199 -0.1351358 0.329733461 0.117326535 -0.00365618919 0.190262347 -0.20041737 0.0718553215 0.126041174 -0.292523801 -0.121704474 0.180799335 -0.105113663 0.120756492 -0.333072424 -0.00303852162 0.190254286 0.184941575 0.143812194 -0.220830679 0.091112189 0.0891564116 0.0149502717 -0.0188924409 -0.146162242 -0.033169996 -0.239866436 -0.293756872 -0.0928880945 0.173336044 0.0456777327 -0.0589351468 0.116578035 -0.170667052 0.123672396 0.212273046 -0.0840997472 0.0497066267 -0.196954846 0.0513314232 -0.126684815 -0.0920042619 0.0716883317 0.104172342 0.193111718 0.00469118915 0.0989567563 -0.195997402 0.336977243 0.192471504 -0.167751506 -0.300472975 -0.180234537 -0.268279016 -0.166032821 -0.259710163 0.0451348647 -0.0175205898 -0.0695158541 0.028150145 -0.340002745 -0.057069093 -0.0661365986 0.257577866 -0.0371331647 -0.134448156 -0.22701183 -0.0288095828 0.144847721 0.12340726 0.171140417 -0.175253749 0.0322914757 -0.0235039275 -0.0201320816 0.0437100381 0.142437011 0.0327541195 -0.0536399521 -0.0600387119 0.168336198 0.173236176 -0.0396595262 -0.0635816306 -0.0774385035 0.0306910053 0.0083957389 -0.0529617555 -0.245036364 0.0583222322 -0.201626539 -0.169583723 0.130115509 0.276220083 -0.253563195 0.190097645 0.161447883 0.00382433832 0.0232497547 0.00466836244 -0.161971182 -0.179194033 -0.105913348 0.225194588 0.0376051888 0.0865695775 0.0796746835 -0.0503010079 -0.0731837749 0.0486926362 -0.184251338 -0.410821468 -0.00311552873 -0.163298324 -0.42979151 -0.182073116 0.0853557438 0.169412509 0.115014598 -0.118555456 -0.00610299595 0.310049593 0.191854954 -0.132832587 0.0813135654 0.0108737983 -0.170187086 -0.0386652388 0.087390855 -0.140825614 -0.387343735 0.295759022 0.163439095 -0.110378467 0.0993752182 0.24083674 -0.272934049 0.232790023 0.296942532 -0.248980179 0.144847348 0.0136953481 0.0747335479 0.142658681 0.202659726 0.0279141683 0.142046288 0.0823112875 -0.0656751618 -0.143060207 -0.0859458148 -0.0173593611 -0.112607628 -0.364528775 -0.0893877 -0.207878351 0.112507239 -0.171519324 -0.0774370804 -0.0469475165 0.141267017 -0.0885409042 0.154977053 0.0311670601 -0.16832462 -0.0258985106 0.0699742585 -0.0405152664 0.146522984 -0.359800458 -0.0435644537 -0.0568921454 0.299846649 -0.0379403085 0.0772769675 0.267325312 -0.164576039 0.238881081 0.281156957 -0.087841481 -0.12620905 -0.0100824889 0.0613501146 -0.0361966975 0.10921704 -0.153729185 -0.134017989 0.188927338 0.164026305 -0.103670932 0.237308174 0.109992065 -0.117521822 0.329526156 0.131421164 -0.24416925 0.01814528 0.293427467 -0.0927960128 -0.205319107 0.203178674 -0.280678838 -0.261109442 0.214681074 -0.0433376543 -0.276560873 0.126266643 -0.0281709898 0.157595307 0.192500755 0.112235114 -0.261715025 -0.0984623209 -0.200488791 -0.303614289 -0.220315322 -0.10863439 -0.435318381 0.0357325114 -0.142450869 -0.0842242241 -0.0951530486 0.224055037 -0.147248372 -0.0179052893 0.167125493 0.0383876041 -0.146958917 -0.375752181 0.312401921 0.0756491125 -0.0292563606 0.188353956 -0.447918057 -0.170459017 -0.01174103 -0.0273200329 -0.358440101 -0.020689318 0.130777061 0.0221744534 -0.0233108662 0.30796352 -0.0126924971 -0.0653354228 -0.114731014 -0.0787214786 -0.239796788 -0.164749861 -0.427053124 -0.180197954 -0.18861635 0.150219634 -0.199997783 -0.034716282 0.00182392856 0.0635374933 0.16678977 0.054972671 -0.263126969 -0.12484087 0.243366584 0.0619161464 -0.276013166 0.0744933411 -0.409511238 -0.165494487 -0.164930061 -0.055315394 -0.140372828 0.0916951746 0.0173268039 0.212662935 0.246561214 0.286791414 -0.236922562 -0.0859237686 -0.0592957288 -0.244123191 -0.234113693 -0.318353146 -0.383357048 0.0485124625 -0.0716135576 -0.0600507371 -0.187391773 0.209478185 0.0698011592 -0.206724882 0.0765771344 0.0998239964 -0.17324394 -0.414294422 0.243344039 0.123195812 -0.324687809 -0.0846400931 -0.190242112 -0.0911886394 -0.0340813585 -0.0225495752 0.281817764 -0.0248329099 0.0468364507 -0.098113291 -0.0295015723 -0.229600623 0.129760474 -0.0705275163 -0.122960724 0.329320312 0.09800715 0.010269057 0.367515266 0.237934694 0.0824944973 0.146591142 0.137857094 -0.0881125629 0.109012164 0.0823111385 0.015218324 -0.257465422 0.101864666 0.121682838 0.042893067 0.0789795965 -0.0884094611 -0.213723451 0.136251256 0.00592005067 0.108189933 0.250736654 0.0985796079 -0.0632043779 -0.0355748422 -0.00685988693 -0.0439172201 0.212405562 -0.071111612 0.0559917577 0.161859602 0.0687679574 -0.125228465 -0.244677961 -0.0391611718 -0.10568317 -0.19591786 0.0891593471 -0.108910114 -0.124695905 0.10878583 0.24834013 -0.0747764111 0.0189649127 0.213677377 -0.0982317403 0.166963339 0.0870127156 0.094487831 -0.186489686 0.0272391997 -0.00430428516 0.18431747 0.0640448555 0.12917909 -0.140253648 0.00965866353 0.189088091 -0.0674257278 -0.0140760746 -0.227242827 0.0643874556 0.0727756619 -0.195739329 0.058308769 -0.0303737316 -0.0973251313 -0.281370759 -0.267591178 0.0291355383 0.11709708 -0.292161524 0.0366295725 0.276371062 -0.134570405 0.18717061 0.0479356274 0.0326198563 -0.155813172 -0.0316453725 0.169020981 -0.0229246207 0.0170271657 0.231687605 0.118197531 -0.0348840356 0.130440384 -0.105913721 -0.14399749 0.362583607 0.154856101 0.0748632178 -0.132932827 -0.0821250826 0.0315738507 -0.155071318 -0.0159471724 -0.193041027 -0.0677410215 -0.0474687368 0.144709066 -0.383094013 0.016610913 -0.0474406034 0.349107832 0.0416936763 -0.0196383651 -0.159284711 -0.0350736715 0.0732281208 -0.00857400242 0.175873891 -0.294730842 -0.0850614831 -0.0457461961 0.15492332 -0.190131456 -0.0966451168 0.183530688 0.129521102 -0.154971376 0.348528802 0.16037108 -0.0418349504 -0.309615612 -0.173342645 -0.200079545 -0.127227873 -0.258031756 0.0729441494 0.0259119365 -0.156043872 -0.118288904 -0.0890789479 0.16878961 0.0070296037 0.298252255 0.026481811 -0.0504086949 -0.183742821 -0.00915539637 0.178556576 0.0762074664 -0.0927697942 -0.3387281 0.0856605992 0.069676362 -0.0483637825 -0.146184638 0.225489289 0.0916789845 -0.02780254 0.0892747194 0.125082031 0.271839023 0.390001446 0.162083775 0.121803947 -0.0677134544 -0.235129967 0.105030999 -0.121680215 -0.0838990882 -0.00246738992 0.138723776 0.135003939 -0.0815660134 0.24215062 0.00458008097 -0.116547458 0.0164744556 0.121789865 -0.0835779384 0.0917060897 0.218293533 0.0127867283 -0.0793339014 0.147235721 -0.237741664 -0.0463123284 -0.0211751051 0.0668046325 -0.0478372946 -0.20117794 -0.122390397 0.128818676 0.23802273 0.085890837 -0.127187431 0.0158008039 -0.00330196857 0.113381043 0.0804575682 0.0285102576 -0.00994430296 -0.35164097 -0.209957495 -0.0033471589 0.234211907 -0.284373611 0.131637394 0.137141243 -0.239576876 -0.0653380901 0.385446697 0.139209703 -0.234371528 -0.157161251 0.154542685 -0.162991762 -0.000198691792 0.259543121 0.23676537 -0.197596416 0.1087377 0.123288646 -0.22430405 0.0280628372 -0.218003675 -0.150258809 -0.114373162 0.164899483 -0.0803633928 0.158799097 -0.0355138071 -0.0218525324 0.052302666 0.0500828587 0.0659817308 -0.0918135196 -0.00817449484 -0.0290768407 0.0621403381 0.0912805498 -0.000818959554 -0.34786135 -0.107095949 -0.0686876699 -0.119068101 0.0605299436 0.0520726591 0.0410260148 0.168698102 0.00581286335 -0.112333111 0.230369836 -0.217106193 0.179626897 0.238249063 0.126834318 0.164724573 0.416466504 -0.0763339549 0.0524734594 0.063995108 0.0830456614 -0.112269938 -0.00703259185 -0.37809211 -0.151934236 -0.0867239237 0.0606358759 -0.301793426 0.0193469375 0.0311867632 -0.206997827 0.329673618 0.241942182 -0.142416865 0.041782625 0.226928115 0.0615063943 0.00227602688 0.230050579 -0.0427048504 -0.184472203 0.16492267 0.142738074 -0.100999549 0.102364734 -0.116037942 0.381643564 0.110483296 0.116046794 -0.297477245 0.0377243981 -0.25235182 -0.147819966 -0.30300349 -0.13505739 0.00952784251 0.0473484173 0.128969386 -0.292070121 -0.0564318635 -0.201338619 0.364622086 0.230431706 0.124061525 0.0598930158 -0.219180465 -0.0460593812 -0.0324867144 -0.0460687913 -0.306161672 -0.177294806 0.0809830204 0.0238325149 -0.114442125 0.0486653186 -0.0175439194 0.0664778724 0.167281449 -0.196587026 -0.0801999569 0.0799221322 0.0852323249 0.202823088 -0.00141883735 -0.0264572725 0.0575902089 0.0668668151 -0.164127722 0.0535527617 -0.179341778 0.209639654 0.157357723 -0.0709783509 -0.285379291 -0.0567881912 0.187142417 0.0260203686 0.108050764 0.0868016332 0.201172546 -0.105783768 0.0169308539 0.0714626089 0.0796385556 -0.0315169767 0.182413563 -0.229052767 -0.101037703 0.273120612 -0.0944060981 -0.149408013 -0.208506703 0.0837662593 -0.0957279727 -0.0568516105 0.0751171485 0.105954133 -0.136901304 0.202973455 0.0893198028 0.25022912 -0.00336705218 0.152288288 -0.21208109 0.0791199654 0.118160941 -0.137927219 0.221878111 -0.195103079 -0.170909211 -0.0585789308 0.0383940153 -0.0870612338 0.0220010541 0.214040101 -0.064098835 -0.177193373 0.0155328 0.0644057766 -0.251571506 0.156166285 0.0750871152 0.0743580461 0.039249666 0.242048725 -0.104156137 -0.175071657 -0.179845706 -0.0559623167 -0.121331915 -0.0131512126 -0.191779941 -0.0995758623 -0.135293096 0.0409972332 0.00664701918 0.0852105543 -0.105698012 -0.00911137927 0.175428182 0.0652592927 0.0141465487 -0.0255044382 0.00182854268 -0.15141277 0.035781458 0.0721597522 -0.380319357 -0.0718302503 -0.00539761782 0.0628578141 0.142003193 -0.0795693994 -0.0845542476 -0.153663918 -0.17874366 -0.180398285 0.244264051 0.174946889 0.154341921 0.304376721 0.174898565 0.162908539 0.289181143 0.0751888379 0.151621327 0.0401172377 -0.0646549612 -0.163912445 0.139740452 0.156018168 0.130411893 -0.0538395494 0.261663377 0.220802203 -0.177493721 0.105610825 0.131824926 -0.116928697 0.205351025 0.189220205 0.0653823093 -0.112322763 -0.0382506922 0.35829553 -0.118456513 -0.112101316 -0.0405268334 0.059557613 0.275403738 -0.0569228977 -0.0850909576 0.184596494 0.0288637057 -0.00532440795 -0.0358614028 0.389711052 0.272587121 0.0147975935 -0.21934171 0.280085593 -0.0754254982 -0.149283409 0.298662961 0.104009293 -0.423743665 -0.193775713 0.142080382 -0.0339786746 -0.052770026 0.175374866 -0.0760717615 0.0143196937 -0.252772331 -0.132718742 0.328512013 0.0439373329 0.0955155045 -0.183374196 -0.0147019997 -0.221449867 0.258114338 0.0142433392 0.24190402 0.246480629 0.0711864978 0.249145165 0.282631665 -0.0311053358 0.135852128 0.00656861905 0.0809482485 -0.0344462395 0.108281188 0.145154864 -0.0248732083 -0.113438442 0.134557709 0.168599144 0.1060763 0.105638802 -0.108069919 -0.0394952334 0.367064893 -0.0216579754 -0.167739272 -0.104575105 0.175449103 -0.18868947 0.01316885 -0.0237709153 -0.111486472 -0.129979417 -0.0587049052 -0.0147054605 0.00530846184 -0.114066996 0.0629635081 0.0573962517 0.0322649516 -0.232331425 0.106828623 -0.0204874687 -0.0732885376 -0.045498915 0.193382159 0.29563725 -0.01751641 -0.108234376 0.135549158 0.225819707 -0.0865152925 0.0218598247 0.217285693 -0.0169362444 -0.107898213 0.091266945 -0.145404622 0.221489683 -0.049215205 -0.10847871 0.0337242261 0.0845608041 0.0680555403 0.148813948 -0.165445313 0.0494949073 0.0999583453 -0.259888887 -0.176172033 -0.116823882 -0.38251102 0.00589416223 0.0661215633 0.119566999 -0.190573871 0.0681502372 -0.16268599 0.00470130472 0.15195173 -0.0167608801 0.106380217 -0.112133838 0.0927708074 0.037214838 -0.176888347 -0.128905922 -0.145396635 -0.194001108 0.00386531418 -0.260514259 0.0369290151 0.129306912 -0.074235484 -0.0998693705 0.0424061753 -0.0366737843 0.0701399297 -0.0275229085 0.00839484297 -0.0743633807 -0.127113357 0.275385439 0.0570360422 0.113460474 0.149952352 0.181223318 -0.298493594 0.00118571345 -0.216943681 -0.266979098 0.135129571 0.0577848181 -0.144409761 0.169171512 0.0436526164 0.17178303 0.03904761 0.21771659 -0.00585503271 -0.250645995 -0.184871957 -0.152105555 -0.122499309 0.364114106 -0.112559758 0.0789298639 -0.10158436 -0.122205317 0.222564951 -0.0589223728 -0.156135529 0.118179627 0.0252131242 0.123731978 -0.113868378 0.30901137 0.0639514327 0.0971892998 -0.330712765 0.352835774 0.130299762 -0.280499816 0.258226514 -0.0379501842 -0.431152105 -0.153701827 0.254334658 0.028169401 0.033083979 0.182281449 0.0407715477 -0.294769078 -0.210882962
tensor backtrace_actor.0.bias 1 32
-0.120177902 -0.159213409 0.153845504 0.23035197 0.115871802 0.10502217 0.0952004641 -0.102632411 -0.0208145063 0.238757983 -0.00319726532 -0.0214124806 -0.087268889 0.0423291102 0.229516461 -0.1357501 -0.069929406 0.224945992 0.293979615 -0.204835117 0.0118819308 0.192463145 -0.0937284455 -0.144249231 0.174016029 0.101771854 -0.0822156519 -0.063528873 0.0504559651 0.106926814 -0.214045957 -0.298274755
tensor backtrace_actor.2.weight 2 32
0.0593400896 0.0943147242 -0.103652619 -0.158201516 0.142489076 0.0709786862 0.400876254 -0.0855244845 -0.291671813 -0.358612061 -0.0685759485 -0.194623247 0.208884507 -0.0585458688 -0.170108691 0.104228012 0.0310697574 -0.198369473 -0.295371592 0.315907985 -0.297411978 0.148352221 -0.143936813 0.0769037604 -0.139495656 0.11327716 0.0755038634 0.214966133 -0.0647612214 -0.0443540178 0.141765833 0.0789343566 -0.249335095 -0.183714911 0.213265255 -0.012153808 -0.0435402729 0.139619693 -0.299383968 0.308990389 0.216103777 0.411340296 0.359469622 0.235306591 -0.0416195467 -0.0107122017 -0.0131222913 0.0351743661 -0.182103068 0.252259493 0.247408628 -0.270665586 0.248079389 -0.0820268989 0.0418302938 -0.130032539 0.29282105 -0.377776802 -0.242561817 -0.31225577 -0.106972843 0.238715276 0.0211391672 -0.328066885
tensor backtrace_actor.2.bias 1 2
-0.108447887 0.0982953981
end
