SMARTATPG_ACTOR_V3
backend smartatpg
feature_schema SMARTATPG_FEATURES_V1
snapshot feb4b0f9238e9f3098b7e34d0bffd42ef3e5ee44971d006d20c65f06b590cee7
embedding_dim 80
hidden_dim 32
tensor gate_encoder.0.weight 32 80
-0.0562565885 -0.099295795 -0.154305354 -0.0138408374 -0.0686430633 -0.140334487 -0.0720225126 -0.176276222 0.00322495122 -0.0512357876 0.0230612177 -0.0710498467 -0.0221079569 0.117511094 0.0726905465 -0.141222969 -0.0400309935 0.0869518295 -0.115048118 -0.104791321 -0.0293515213 -0.00162052072 -0.0700839683 0.0644392669 -0.00948021468 -0.00519186258 -0.0617975481 -0.0465860888 -0.0636474565 -0.0922610387 0.0501897782 -0.0928294435 0.0823038518 -0.149653405 -0.0608085655 0.0305084791 -0.0201015547 0.0891186595 -0.00082932855 -0.0486315638 -0.138530016 -0.109097011 0.0179724675 0.0370862782 -0.0911702812 -0.0619716942 -0.0582266115 0.111347213 -0.0305428673 -0.0326260142 0.060809575 0.0389181413 -0.0778515488 -0.0767513663 -0.041642651 -0.14380452 -0.0407953113 -0.121837035 0.0326723382 -0.0383321047 -0.00764229707 0.0451067798 0.0080644805 -0.118484445 -0.0368898883 -0.180979714 -0.00727540767 -0.0468424149 -0.164249733 -0.0629524738 0.0479588509 -0.104639433 0.0880725384 -0.158649772 -0.00879220944 0.0683874637 -0.143521532 0.12187624 -0.0826391801 -0.00910606701 0.074509427 0.0191739947 -0.095265381 -0.0396740399 -0.112343781 -0.0510448404 -0.0701334998 -0.0369532742 0.0107249888 0.00152766379 0.0826306567 0.117842019 -0.112658091 0.0934088454 0.0504556075 0.0603235289 -0.0140836434 -0.104387864 -0.0344066285 -0.091537185 -0.0683883801 -0.0135335615 0.093816638 0.0104275122 0.0726853609 0.0260949396 0.0231263023 0.0710860044 -0.0101827504 0.0532599427 0.0842179805 0.026003547 0.0125119295 -0.0394401476 0.134176582 0.00923984591 0.172910079 0.00107861951 0.045095019 -0.0446046181 0.0211139414 -0.0099135749 0.0217734389 -0.0495675877 -0.106815286 0.0265799388 0.0778758749 -0.00319214328 0.0541941598 -0.00491901627 -0.0871398747 0.0635394007 0.00860843156 -0.0890243948 0.0848680213 -0.0771573409 -0.0673430264 -0.0444831923 -0.0125678778 0.120312236 0.0443967283 0.0745524988 0.0747606531 0.0564323775 0.0678922087 0.362306297 -0.200319171 -0.38945207 0.000371634873 -0.0570703782 -0.0561047643 -0.0152308568 0.0947424769 0.124386281 0.00769993057 -0.148321971 0.0242893547 0.0700591654 -0.021045981 0.145699158 0.0897017643 -0.0122294119 0.0446196459 0.0217622779 0.0763918608 0.0726874545 0.104572155 0.113734387 0.120112851 -0.0867059678 -0.0553829595 0.0828310922 0.0978234336 0.0776022002 0.0333344601 0.088712357 -0.0109848818 -0.0544999503 0.0236818809 -0.0349665917 0.00346898078 -0.0722073689 0.0252523888 -0.0320614129 -0.00196377654 -0.10761793 0.0422986411 -0.0438144431 0.0580672324 0.113767833 -0.0262337457 -0.0515285246 0.0737502053 0.0911006927 -0.0645498708 0.111400865 -0.0565188564 0.0394340642 -0.0962496623 -0.0148586705 0.107924968 -0.0746539906 0.109271027 -0.0566590242 -0.0788817108 0.106678486 0.0613395572 0.00558191352 -0.11891634 0.136879012 -0.0505309924 0.0561317205 0.0493667945 -0.0636918768 0.0457350202 -0.00765927928 0.0816082433 -0.122111082 0.0612865351 0.101490684 0.0671469569 -0.0793205872 0.0330011696 0.0221458357 0.0296258777 -0.295934528 0.25666523 0.17580837 -0.192332104 0.0186888725 -0.104779311 -0.0434660465 0.00715168566 -0.141562223 -0.0144427149 0.0779910535 -0.0717631057 0.166030318 -0.0581821837 0.00840637647 -0.061736688 -0.0184095185 -0.11092563 -0.0311442539 0.0443344377 -0.0973535925 -0.0748136863 -0.110069409 0.0330637917 -0.113794208 0.0556187965 -0.136032999 -0.12709941 0.000127726802 6.55509066e-05 -0.156346619 0.119516939 -0.00874583423 -0.180344537 -0.090079844 0.0665866509 -0.152836531 0.0680751279 -0.167101189 -0.0243181605 0.175165296 -0.0535883904 -0.082733281 -0.19419083 -0.142802939 -0.0106282039 -0.0113785574 -0.0407180414 -0.0834159628 0.00340272952 -0.150081471 -0.0908676907 -0.130189493 0.0364549495 -0.0305494536 -0.0886471048 0.00171375775 0.027033858 -0.0680151656 0.0324640051 0.0336721055 0.105028182 -0.0254890081 0.0222574528 -0.010018439 0.0519367829 -0.0278245825 -0.00091061939 0.0354124084 -0.00640882086 0.0460544117 -0.112991869 0.0117668305 0.0337014124 -0.149209961 0.0263287071 -0.126225442 -0.026946513 -0.0861311406 0.0197552741 0.14461036 -0.0796606019 -0.130517736 0.0557428747 -0.0714065507 0.0306132734 0.0832671225 -0.0837693661 -0.0245067831 0.0155537697 -0.0157721359 -0.09644676 0.033449769 -0.0934990942 0.0140032982 -0.022686122 -0.0800287649 -0.08762566 0.0804100558 0.0510781072 -0.0508179776 -0.0110925389 0.0183405001 0.0553083085 -0.0767620876 0.0431845561 0.00548414467 -0.0554123595 0.10290534 -0.0817505866 0.0340313502 0.0746588781 -0.101194441 -0.046534054 0.0729466677 -0.0343844444 -0.00414506812 0.0670683384 -0.0443052165 0.105295725 0.109268688 -0.0606293157 0.0528475679 0.0636315942 -0.00355557981 -0.0246928371 0.040660888 -0.014276755 0.0745834261 0.0941294581 0.0189947467 -0.0875962749 -0.0722649917 0.0249024872 0.0668172091 -0.048269406 0.0513741225 -0.0489521064 -0.0980938971 -0.0503870547 0.0589725673 -0.00687497295 0.128155544 -0.115701884 0.00488925865 -0.0329767726 0.000440268137 0.0236583874 -0.0601513609 -0.0861974061 0.0695440471 -0.0116461897 -0.0178206135 -0.0833907723 0.0722096339 0.0977631658 -0.0862265974 -0.0400006957 -0.0373559035 -0.0881483927 -0.342261851 0.349265754 0.0766130462 -0.0780805126 -0.0653368831 -0.0703932494 -0.0963224694 -0.0599387921 0.041271951 -0.0548585579 -0.0348731354 -0.186899841 0.123190485 -0.0947450772 0.00762118679 -0.0768153071 0.00559862377 -0.17938602 -0.0120201372 -0.0883250758 -0.0897654742 0.0874222368 -0.152008057 0.116296977 -0.109979838 0.0491341241 0.0646688417 -0.0851115957 0.181157187 -0.034190692 -0.0214756113 -0.0164371021 -0.0122776544 -0.0107387612 0.0448341928 -0.0990195423 0.0379675031 -0.0526543185 -0.126247004 -0.00620800303 0.0254001729 0.0877984166 0.0263791792 0.037968982 -0.00214603799 0.0949886814 0.0702464283 -0.0345888697 -0.102279551 -0.0737758279 -0.0418194085 -0.0519953221 -0.0164438281 -0.010003862 0.0972971767 -0.0849732459 0.00812660623 0.0148933101 0.0128553035 0.0734257549 0.0928733274 -0.0759014264 0.122469366 0.024923021 0.0782552361 0.0545633696 -0.000248724769 0.0197309162 0.0225751493 -0.0634303093 0.0612012446 0.0591285601 0.00553344237 0.0538240597 0.0444148518 -0.0582722165 -0.00443029031 3.47244059e-05 -0.0287899654 -0.0979392231 -0.244012177 0.216164008 0.00196870021 -0.25013864 -0.0713863969 -0.0206521004 -0.0305797681 0.101366296 -0.105433732 0.126806527 0.0132094724 -0.0373498201 0.0618950278 -0.00116424856 0.0886948779 -0.0114108035 0.0137470346 -0.0900991932 0.0611215681 0.0952493101 0.0889513269 -0.0622209646 0.0226129573 -0.0132134771 0.0407058671 -0.0116822002 -0.0993160456 0.0541407764 0.00557133183 0.0930950865 0.102761649 0.0994516239 0.0328671038 -0.0536953919 -0.0934151262 -0.0211340375 -0.112893797 -0.0854823366 -0.113613568 0.0631455779 0.0344126783 -0.070666641 0.0811836421 0.0824357495 0.0275221244 -0.100037552 0.060897842 -0.0242057201 0.0328948759 -0.127891168 0.067614615 -0.13614507 -0.0456537381 -0.00830485858 0.0319772772 -0.00976460986 -0.0772467256 0.0735419914 0.00106135511 0.0814341083 0.0405956693 -0.0354147293 -0.033546254 -0.0874716192 -0.0570894778 0.0396530069 -0.0272443499 0.00996517856 -0.094259128 -0.146491677 0.00568260998 -0.0759793818 -0.0593685023 0.0725668147 -0.0659949258 0.0901659951 -0.0723832548 0.0957784653 0.11138349 0.0229329169 -0.313546687 0.0910356715 0.263964564 0.0516870134 -0.101899162 -0.0882625431 -0.110079527 -4.95389104e-05 -0.0868959576 -0.0242878459 0.0700113997 0.0669093356 -0.0837155506 0.00733468076 0.043217063 0.0792289078 -0.0943321511 0.0331435017 -0.0210330635 0.0528271422 0.134320915 0.0357945226 -0.0211044326 -0.0982059762 0.0453908779 0.0382369459 -0.0379088707 0.0211794637 0.0826904029 0.0624885373 -0.0568898022 0.0453175567 0.079381153 -0.0420502722 -0.0747497901 -0.0394442976 0.0581339709 0.00851632748 0.0188037679 0.0551855527 0.100420401 -0.0807090998 -0.0463601202 0.00619262224 -0.0620224662 -0.00207527447 -0.0744485259 0.0452613644 -0.0135228019 -0.0282743704 -0.0422432274 0.0366351157 -0.022813648 -0.0860780478 -0.11210946 0.0547848158 0.0898774117 -0.00360602932 0.112055764 0.0421613418 0.0459978655 -0.0576920249 -0.0874188915 0.060858909 -0.13353461 0.064991422 0.0156510472 0.0481690168 -0.0229038075 -0.107253782 0.0586985201 -0.0977377743 0.125581801 0.0735292658 0.0691183358 -0.0377093367 -0.0901419744 -0.0647961125 0.0155448662 0.0390754789 0.365941882 -0.219151735 -0.193524957 0.101405427 -0.044208616 0.0580976158 -0.0929450169 0.0529267192 -0.0281120893 0.119981103 -0.161049053 0.119844481 0.00618891185 0.0984123573 -0.0509279296 -0.0468081795 0.134474382 -0.0471495539 0.0722025633 0.0184344072 -0.0564104877 0.0636003315 -0.0448003747 0.0143233398 0.109461673 0.0316418558 0.107571274 0.0519512296 0.0270381607 0.11291296 -0.0702938735 0.0588455386 -0.0963455811 -0.00626224186 0.107658379 -0.011930733 -0.00132020004 0.0260037649 0.0952402875 -0.0629378706 0.0996770784 -0.0111772167 -0.0304112975 0.0841492862 0.0154416934 0.000441838376 0.00419524359 -0.0469800457 -0.0894568339 0.103767909 0.0970477313 0.0391670018 -0.021795705 0.005862155 0.0391566753 -0.103242092 -0.052991733 0.0678945407 0.040775124 -0.0636590421 0.119347841 0.0769521222 0.0246577784 0.0628341511 0.0339629315 0.0862099454 -0.00465354463 -0.020607939 -0.00032091426 0.0241106097 -0.0892844796 -0.00989794731 -0.0817403272 0.0275760051 0.0669086799 -0.134354576 -0.0424550362 -0.0494785383 0.0575121716 -0.0819674209 0.436863422 -0.301252604 -0.46370393 0.136859044 0.066851154 0.101894677 -0.0550416149 0.0763460398 0.0212849006 -0.0180200078 -0.0926995575 0.249509692 0.0184328835 0.109955892 0.100732103 -0.0194968134 -0.0106944963 -0.0121264318 0.00293618743 -0.0777131319 -0.096237272 0.0393547341 0.0591662452 -0.108873121 0.16074726 -0.00951910391 0.0793194175 0.0870357528 -0.0915924385 0.0577191301 -0.0724596381 -0.0565217249 -0.0233912785 0.0446716659 -0.09076377 0.0896150246 0.136250138 0.111522995 0.0809125081 -0.0850197002 -0.0533320531 -0.0731315687 0.0715258494 0.0264152214 -0.057017494 -0.0809880272 -0.0223527476 -0.0535223559 -0.0900149494 0.0961563736 0.0621481612 -0.0221264083 -0.0503329933 0.112083293 -0.0996647999 0.0647390485 -0.0789146349 0.06600371 -0.0196021106 -0.0843271464 -0.0945934653 -0.0859492421 0.0949374065 0.0196278058 0.0347064659 0.064516291 0.107499063 0.0457097143 -0.0814861953 0.0220856629 0.0974933282 -0.0896981657 0.119946718 0.019994257 -0.042582158 -0.0221319813 -0.017486643 -0.000193773143 0.00337474723 -0.0681357533 0.463820487 -0.267102867 -0.275626123 0.104981117 0.0472126603 0.0149689317 0.00550276041 0.0373325497 0.0873165652 -0.0992008299 -0.0406008139 0.0583368428 -0.11813955 0.00322393654 0.101039641 -0.0075732437 -0.0320639201 0.0118130688 0.0297974925 -0.0512076244 -0.0682280883 -0.0408414267 0.137374625 -0.0375461467 0.0838781521 -0.0208564606 -0.0209681261 0.0588621572 -0.0198777579 0.0683715492 -0.0261630416 -0.0764514804 0.00862139277 -0.0624937899 -0.101018786 0.0673092529 0.103057586 -0.0297052786 0.10854435 0.0371998809 -0.0213347562 -0.0102787027 -0.0518576913 -9.222269e-06 -0.0632156134 -0.0727842748 0.0372793041 -0.0733125433 0.0670450479 0.0279708132 -0.0734834075 0.0787788257 -0.110329702 0.053247083 0.0471297614 0.0283657163 0.05036401 -0.0671928823 -0.0174650978 -0.0872060359 0.120860361 -0.0866273269 -0.0902808607 0.0908249542 -0.0466855168 0.0869117975 0.0759628043 0.0314547345 0.0045529725 -0.0709667876 -0.0294153281 0.101948492 -0.0346050002 -0.0951843113 0.126381651 -0.0402036831 0.128852189 0.0639393032 -0.0965523273 0.0389565676 0.423803568 -0.211491734 -0.375425994 0.109081097 -0.0834836662 -0.0781179219 0.0126747042 0.0875359476 0.0138011361 0.0562171936 -0.183942646 0.0864165649 0.0237326249 0.0188889243 0.0495145321 -0.0317169502 0.107063919 0.0141410967 -0.00950322952 0.0603444278 0.0710639805 -0.105674751 -0.00246591121 -0.0568879619 -0.0420637354 -0.0513326377 -0.0608097017 0.0591957234 0.0141852619 0.0340967365 0.0660076514 0.0267539825 0.0121930912 -0.0279772356 -0.00165702146 0.152237311 0.0568735339 -0.0903800949 0.0478567593 -0.00678101787 -0.0168409552 0.115319684 -0.0667018294 -0.0521177277 -0.0605788566 0.0643794313 -0.00381205464 -0.0759276226 0.118122041 0.00367126474 0.121578835 0.152021036 0.117827967 -0.0826040506 0.0767588168 0.101206921 0.0648242235 0.0740036964 0.0177255813 0.038760718 0.0126503436 -0.0329768136 0.0198794287 0.137018919 -0.0936466977 -0.0875297189 0.164610118 -0.0164599866 0.050765153 -0.0409554467 0.106074207 -0.0788592473 0.105544798 -0.0315627865 -0.0517709516 0.06858702 -0.0248252545 0.0176970754 -0.0339601561 0.0943051428 0.443812042 -0.265038401 -0.407606632 0.227249175 -0.0351569951 -0.0152951106 -0.0440874249 -0.0309023336 0.0228025299 0.119899124 -0.0738353804 0.218708619 0.0626453981 0.0224332809 0.00181722769 0.0404469818 -0.0724717081 -0.152055413 0.0513815433 0.113209397 -0.0322678164 -0.00994442869 -0.0407965221 0.0569099039 0.00999427587 -0.0261713676 0.0222287364 0.087862134 -0.000122115249 0.0984482169 0.0364276096 -0.0589126498 0.027263049 0.0555651635 0.0144419214 0.026653856 0.110662043 0.0925915241 -0.0313905142 -0.0570296459 0.0146000553 0.0731972829 -0.042091541 -0.0403708331 -0.0154343629 -0.00334838335 -0.0149084097 -0.0479992218 -0.0464776568 -0.0154978195 0.0224915948 0.0396165289 -0.0897276625 -0.0466984101 -0.0144038824 -0.0506885611 0.0851168707 0.0691034049 0.0403602682 0.0548521467 -0.0614616163 0.0837407187 0.0790917724 -0.0323281102 0.12149962 -0.0279291775 -0.0229784939 0.0636410341 -0.0310315304 -0.0482223444 0.0639681071 0.114564978 -0.0613447577 -0.0354384035 0.094356671 0.109070174 0.0638440996 -0.060994342 -0.0460874289 -0.0519971251 0.251091629 -0.24161464 -0.15887098 0.0627142712 -0.104854099 -0.0375262722 0.0272711515 0.0745345056 0.13384971 0.0376156755 -0.105735518 0.17116636 -0.07212165 -0.00286767725 0.139535591 0.003640868 0.0501670465 -0.152790278 0.0883122459 -0.042325791 0.128091171 -0.0684467256 0.04111306 0.0520168357 0.129210174 0.0343469195 -0.00596369058 -0.057285212 0.118336432 -0.00946742203 0.11288134 -0.0371407643 -0.012659817 0.0551944561 -0.0412045978 -0.0404592603 0.0887971893 -0.0653827637 -0.0027090935 -0.0876962617 -0.080042325 0.0776826739 -0.0401259474 -0.0532920659 0.0769976377 0.0454541892 0.094163768 0.00495362142 0.052481655 -0.0320927426 0.0241143443 0.138809413 0.10085725 0.00261994498 -0.0261322688 -0.05955071 -0.0206023753 -0.0617300011 -0.0364856608 -0.0400374085 -0.025446346 0.0150353368 -0.0268700626 0.101942942 0.185178876 0.07123629 0.00433657179 0.0842185393 0.0497257672 -0.0480972119 0.127382204 0.134187967 0.0149377193 -0.075511761 -0.0564050823 -0.0248140562 -0.00589065347 0.109888434 0.0929817259 0.0654992759 0.263985574 -0.100496054 -0.496544689 0.0850955769 -0.0106253251 -0.0820762739 -0.0513351522 0.100970149 0.0737699717 0.0260572154 -0.141035885 -0.0187453926 0.0687999353 0.0626872852 0.0671377406 0.0476972684 -0.104600996 -0.0520581454 -0.139134869 0.102860875 0.0629076585 0.0134244943 -0.0374167934 -0.00555090327 -0.195694551 -0.0954586416 -0.0455750003 -0.0588664822 0.0476925857 -0.128566176 0.0663382411 0.0482130162 0.0343377888 -0.0504642166 0.0859560594 0.0196436848 -0.152845353 -0.0790688694 -0.0619458668 -0.0426693 0.00458249031 -0.169718444 -0.0690814331 -0.106667966 -0.0851232484 0.0885268599 -0.00534839043 -0.0466776639 -0.0580139719 -0.0281030312 -0.0900126845 -0.0224666465 -0.151047036 0.0463506393 -0.0726095363 0.00170745666 0.0212094393 0.0412804931 -0.0301579181 0.0844655558 -0.088414222 0.044450067 0.00918199681 -0.236042202 -0.0155755607 0.106887788 -0.161848247 0.0812855214 -0.0673882738 -0.150097415 -0.029021861 0.0169909075 0.000320336781 -0.0380681194 0.0159822069 0.00467748474 -0.166127637 -0.0361970514 -0.0572911911 0.00502830744 0.012943903 0.0137746036 0.238261208 -0.154516488 0.00755044818 0.0973615348 -0.0138468742 0.0865046829 -0.13603285 0.115969151 0.101013139 -0.00954594836 -0.0759319887 -0.0843842849 0.0862583593 0.0493226908 -0.0229631849 -0.0953076705 0.110463701 -0.0971278995 -0.0745008886 0.0223559365 -0.0693463609 0.0178916063 0.115260467 0.0681528896 0.00348137296 -0.00682257162 -0.0251182802 0.0815377235 -0.0935170203 -0.00964891259 -0.0890057608 0.0217691399 0.0530981421 -0.0505982824 -0.0450066924 0.0137222381 0.0656149536 0.0241972525 0.0909580439 -0.00717898691 -0.0490067266 0.104478352 0.118017904 -0.00196334464 -0.0590280071 0.0361096486 -0.0417844504 0.104829781 0.0781318769 0.105091169 -0.00887354743 0.0810555145 0.088602528 -0.100959338 -0.0892314911 0.104047179 -0.0557053015 0.0814882889 0.0322380066 -0.0841368064 0.0987138674 0.0786520988 0.0257400628 -0.0330932587 -0.0765499622 -0.0405150875 0.00729303714 0.125682965 0.0812210068 0.0610949099 -0.0473243706 -0.0828439593 0.0105056968 -0.00279950886 0.0308173429 0.0608703978 -0.0405559801 0.0417188853 -0.0803081095 0.2377159 -0.280936807 -0.0563419983 0.0530162752 0.023034811 0.104788437 0.0625776201 -0.0727265179 -0.0528443865 -0.107142679 -0.045684889 -0.0244308095 0.0433388427 0.0201892313 -0.0214124341 -0.0188457258 -0.0058410787 -0.1752211 0.0774991512 0.121875845 -0.0946991369 -0.0820832178 -0.0529330261 0.0923658609 0.133895487 0.0226835106 0.0464443676 0.0202483945 -0.0104422076 -0.084087491 0.11494571 0.0509625003 -0.11930453 -0.00811294839 -0.10183502 -0.0695146993 -0.00639764965 -0.0582118407 -0.0924121514 -0.0180542432 0.0601560287 0.0702069551 0.106075302 -0.0803753361 0.109273128 -0.083932139 0.118883029 -0.0599767901 -0.101126842 0.104734764 -0.0510898046 -0.118507355 0.0442717746 0.0939415544 0.0429202504 -0.0842453465 -0.0353487246 0.0706881732 -0.0856463313 -0.0950093493 -0.0159993824 0.0636729077 -0.0608384088 -0.0836187303 0.044762481 -0.0221103393 0.0303596947 0.0148866791 -0.0199901834 -0.00945011061 -0.0276935399 0.0654008165 0.0788006857 -0.122793019 0.0653973371 0.0427660644 0.040077053 0.0491806194 -0.0231500193 0.336544305 -0.322300434 0.0641721338 0.244048506 0.0706895888 0.0879942924 -0.0658126026 0.0747580081 0.159096658 -0.126055554 0.0748233572 0.177744865 -0.0912123397 0.100785166 0.0108108846 0.000574929581 -0.0330308266 0.130916879 0.00570140127 -0.0251192804 -0.0380676128 -0.0332651772 -0.0259356573 -0.152188703 0.0280537158 0.0311689898 -0.00250071427 -0.057981275 -0.0198189709 -0.0151844146 -0.0309130494 0.0264285263 0.0368553028 0.0256954525 0.00460349582 -0.0422499217 0.151643902 0.072950162 0.0136959553 0.113491707 0.0802726373 -0.0433796011 0.0347261541 -0.074336946 0.0349963233 -0.0917292535 -0.0879160613 -0.0320988819 -0.0615600981 0.156305149 0.00980837177 0.036893148 0.130999744 -0.104374394 -0.062252067 0.0255070832 0.101634845 0.0673038885 -0.0409450941 -0.00784868002 0.00733933831 -0.044447735 0.0479692183 0.126837865 0.0612797104 0.0558683611 0.13113907 -0.0731364191 -0.000579777057 -0.0204265118 0.0177516043 -0.0747525916 -0.0671063662 -0.0625733212 0.0181760769 0.0436466858 -0.0022163291 -0.0357790627 -0.125621676 0.0250826627 0.260368079 -0.287182182 -0.0469827056 0.267292798 0.0401389748 -0.0898015052 0.0820394307 -0.0673413277 0.0731467083 0.0858840346 -0.0299682394 0.157687172 0.0251517985 0.0321173333 0.117206335 0.0558924414 -0.131151751 -0.136541158 -0.0868520141 -0.0688893795 -0.0666352734 -0.00793668441 -0.0478280634 0.0729809925 -0.0629002899 -0.0507028401 -0.0334725976 0.0562592112 -0.13113746 0.0403938144 0.00924003404 -0.0257171243 0.132652298 -0.0850132555 -0.0621960163 0.0572186597 0.0244909544 0.0984183922 -0.116137832 0.0603601784 0.0223639794 -0.104863204 0.0773685947 0.127207175 -0.0431214795 -0.0794161111 0.132330224 0.154867753 0.0380952358 0.00718236389 -0.0902015865 0.0680292398 0.000481281168 0.0389387831 -0.0190613661 -0.0128617613 0.108994804 0.0289285295 -0.0668407604 0.023588324 -0.0612028353 -0.0610654391 -0.00773908058 -0.0996231139 -0.0106152175 0.0486826897 -0.00839747116 0.0879871324 0.0913590863 -0.0344608091 0.0996693894 0.0990529507 0.0644379035 0.0601621307 -0.0135618784 -0.0154191405 0.0826864764 0.09236224 0.143554837 -0.0332439989 -0.268018633 0.171141297 0.111280285 -0.00454300083 -0.0774432048 -0.0998949558 0.0616378039 0.00764489919 -0.00664642779 0.126973972 0.00840586517 -0.189271465 0.0145855118 0.047834523 0.0896944553 0.0047947024 0.151076943 -0.129008636 0.0381376036 0.110152476 -0.0293882936 0.0319949128 0.0306930002 0.0444175936 0.108511336 -0.00562317576 0.0284551531 0.0293363202 -0.0361494496 0.0737491474 -0.0398905165 0.0167854875 0.0933249891 0.141213164 0.0637832955 -0.0774284452 0.150171027 -0.0448661745 0.00952222012 -0.0755559132 0.0387715474 0.121692657 0.0881093517 -0.0305298567 0.00786696374 -0.0477853119 0.0815048963 -0.115266643 -0.0678025931 0.0657520071 0.0570204221 0.118804775 0.0249942113 -0.12053822 -0.0229537692 0.0392067581 -0.0791781545 -0.00689410791 0.0113715939 -0.0269766748 -0.0705505311 -0.0304551236 0.0514846407 -0.0421655066 0.0279027522 -0.0496257208 0.166514903 0.0674848482 0.0319238752 -0.000390133035 -0.0385123231 0.0182008222 0.039521642 -0.0781791657 0.150990129 -0.0373869464 0.165563032 -0.121199153 0.00415775785 0.0858600438 -0.241266683 0.150592819 -0.134051979 -0.0735553056 0.0927723944 -0.0258323923 0.0576505512 5.40614128e-05 0.115924656 0.135245219 0.0829899758 -0.0462353826 0.0794034824 -0.0417324491 0.0722033232 -0.0174314342 -0.0390432365 0.147461295 0.129514202 -0.00423485832 0.124292277 0.109271564 0.0518089682 -0.0347418971 -0.0115067074 -0.166367292 -0.0745637789 -0.103892051 0.130192339 0.099194169 -0.0269657895 -0.0774167553 0.0875980109 0.0512368158 -0.0166831929 0.0368095934 0.03075766 -0.118852243 0.0701702982 0.027866384 -0.036960382 0.0295278896 -0.00513629103 -0.112407811 -0.0762033165 0.0267544575 0.103206396 0.0340597108 0.0075275558 -0.078201808 0.0961466357 -0.0854132995 0.108569279 0.0173169505 -0.0853428692 0.0985065028 -0.0101536624 0.110565118 -0.033583317 0.0261327382 0.0621911064 -0.112036668 0.0928439498 0.129865825 -0.0174475797 0.0312393308 0.0767258108 -0.0310093295 -0.0749519318 0.0384114161 0.0948259085 -0.0119523015 -0.0438653007 0.00498939352 -0.0737102702 0.0908301026 -0.114385121 0.0693601966 0.124601774 0.070002079 0.195566535 -0.15988943 -0.014949997 0.0932836011 0.0257778168 -0.0167197511 0.0150196403 -0.0983555242 -0.0729613453 -0.0864311233 0.0382120125 -0.051533144 -0.0141607653 -0.0310878176 0.040022254 0.080379732 -0.025421394 -0.107138194 -0.136663184 0.123726666 0.0138309598 -0.00383310951 0.0365757309 -0.0248218998 -0.17231822 0.0194287337 -0.0210220851 0.102016442 -0.0298075359 0.101743914 -0.0631328449 0.0168293975 0.0490174778 -0.0683645904 0.0183058176 -0.0978793949 -0.00487282267 0.138894752 0.0335028023 -0.00294490322 -0.190214574 -0.0143084647 0.0775584579 -0.0787765235 -0.0986543149 -0.103654973 0.130365089 0.061241053 0.0671408102 -0.143666521 0.00858657062 -0.139341116 0.010586963 -0.0309606045 0.00523647107 0.109895967 0.0216800775 -0.116907582 -0.0873707831 0.0800342113 -0.023003567 0.012495636 0.111967921 -0.0537399687 -0.0577357784 -0.0622519404 -0.10738451 -0.0343033373 -0.0356413424 -0.0964106992 0.112370238 -0.12411277 0.00467419391 0.0596731231 -0.102840319 -0.00851950049 -0.0333260335 -0.08169958 0.086221166 0.0242912322 -0.100722268 0.278136373 -0.0855130777 -0.252329081 -0.0232559517 0.0214767307 0.00781533122 0.0816231072 -0.2226253 -0.0364741124 0.0191009138 -0.257976741 0.105115563 -0.096417442 -0.0285170674 0.104926333 0.0667126328 -0.0170932747 -0.0772277564 -0.00528477971 -0.0850918591 -0.153277263 -0.133381531 -0.122916386 0.0761239976 -0.0300794821 -0.0152790556 0.0369604006 0.0267780423 -0.0173760671 -0.11179737 0.0990945995 -0.100932114 -0.0853994638 -0.0584605746 0.0747451633 -0.101133674 0.00331327482 -0.0951087102 0.0482090749 0.0467803068 -0.0648803711 -0.0290298518 -0.0955201611 -0.080314368 -0.0784257501 -0.0138750197 -0.0419984534 -0.0628463179 -0.0269537214 -0.0114096804 -0.0867733732 0.0879155099 -0.0226106066 0.000368076056 -0.0246632379 -0.0948424935 -0.00924523175 -0.0891220719 -0.0679122806 -0.00821102038 -0.0554704033 -0.03438171 0.0599278286 -0.112516083 0.0983057991 -0.0189204235 0.00917332806 0.0226239674 -0.117846094 0.00542210089 0.0715549216 -0.112332754 -0.0984291881 -0.0304578338 0.0234399568 -0.0600365102 0.0667878538 -0.0168695934 0.0795465112 0.025639439 -0.128462836 0.0457351804 -0.0126783336 0.0356943309 -0.10157834 0.10739851 -0.0967397019 0.198713139 0.0135059329 0.103905939 -0.0550920106 -0.034012761 -0.0377428345 0.0878316462 0.0719573647 0.119047247 -0.0308506545 0.0738063827 -0.0293829963 -0.0559892058 0.0906825513 -0.0570006147 0.0125248171 0.0362961143 -0.13378866 0.0393613763 -0.0857303143 -0.0871847793 0.0958131626 -0.026722312 -0.0610613078 0.0460664444 0.0231289379 -0.0311410856 -0.149016395 0.105271712 -0.0281566754 -0.0250767935 0.0730952099 0.0521757454 0.0642728359 0.0936577618 -0.0657396242 0.0324435309 0.00287441094 -0.0401872434 -0.111378588 -0.0218288042 0.0379041992 -0.0247077905 0.074196361 0.0783371255 -0.105148822 -0.10370668 0.0352799967 0.0181119293 0.00561991194 -0.000224530144 0.0746022835 -0.0437254459 0.00445123157 0.082607694 0.000421948003 0.0586756952 -0.127531618 0.0668257624 0.0968991742 -0.0495036803 -0.0840915889 0.0223707352 -0.0913563222 0.0448454171 -0.108600967 -0.0569178388 0.00216327747 0.112774171 -0.0911828279 -0.0812601596 -0.100254267 0.350160718 -0.388130009 -0.21698691 0.241309717 -0.101510435 -0.00318712741 -0.0158888176 -0.0320834741 0.232659847 -0.0607534945 0.00861532055 0.143313706 -0.0959794149 0.0784348175 -0.0888879374 0.0399910249 -0.057209678 -0.0913221538 -0.0771610737 -0.0433415286 0.100708172 0.0808235928 -0.0305465646 -0.0650006831 0.137722224 0.0963504091 -0.00291880011 -0.00807299837 0.112975314 0.0135796806 0.0463381521 0.0446376018 0.065676257 0.0689210817 0.0900104046 0.0919535458 0.00678358367 -0.027945403 0.093929939 -0.0691667497 0.0454914346 -0.0910150334 0.120431967 0.0673714355 0.0979617536 -0.0604291074 -0.111240983 0.097383149 0.0741000995 0.0382306539 0.0496751666 0.0265698992 -0.0131565798 -0.0719654337 -0.0816735104 -0.00945426151 0.0383945554 -0.0386757329 -0.0295931268 0.0246868692 -0.0895673782 -0.00258970773 0.0176546201 0.0558992252 -0.10566178 -0.0343062505 -0.0454433598 -0.0224257186 -0.0666431412 -0.021815341 0.103155971 -0.0565718114 -0.00529139675 0.0261426121 0.0948452875 -0.0466891825 -0.0754782706 -0.0801644251 0.0527362898 0.0924556702 0.332671762 -0.341653466 -0.192486048 0.178018466 0.105840653 -0.0225260183 -0.0234740227 0.00955908746 0.194965124 -0.0558497012 -0.0911427587 0.075880602 -0.0847356543 0.0285051968 0.0285454821 0.100393057 -0.0443576649 0.0528873652 -0.0813404024 0.0357490107 -0.015068572 0.0896046981 -0.109598637 0.0193726178 -0.145453855 0.0470559038 0.0300163329 -0.0799830109 -0.053497918 0.117653765 0.0306215845 -0.0446258672 0.0391956903 0.000566067116 0.0111325225 0.0557944737 0.0331377871 -0.0542333871 -0.155976802 -0.0396901183 0.0414019041 -0.00614537532 0.0695345923 -0.0294230767 -0.0330114253 -0.0135219675 -0.0786509067 -0.075421311 -0.029848773 -0.132875323 -0.0728504807 0.0739833415 -0.00390626257 0.0697463304 0.0861935019 -0.0514483377 0.0242280569 0.0783977956 -0.0922467336 0.11066401 -0.0167471133 -0.0958894491 -0.00238094502 0.0506924801 -0.158891797 -0.050931897 0.0272721574 0.121573783 -0.0387381837 -0.0905803367 0.0301089846 0.0154863456 0.0258285739 0.024192445 -0.0703830197 -0.0475668274 -0.11729534 0.0504190139 -0.0115292538 0.0895661712 -0.205676034 0.136117697 0.404844403 -0.075594075 0.0431166738 -0.0430117846 -0.0118667111 -0.0804484561 0.0697917864 0.00719059585 0.0606528558 0.0342562534 0.101058133 0.0768191665 -0.0230039861 0.056396313 -0.174937949 -0.0689405873 -0.0213258062 -0.0205362514 0.0932973102 0.00330396742 0.046992965 0.0907599553 -0.134083182 -0.125922844 -0.0624568425 0.00110623916 0.0836597681 0.0672851577 0.063197203 0.00533566205 -0.0171243846 -0.0513364151 0.0726309791 0.0551713258 -0.175810665 -0.0673676729 0.0107912906 -0.0209208913 0.0979221389 -0.111071996 -0.0345913097 -0.0318026803 -0.11674156 0.0827252865 0.0885469168 0.0859287754 0.115071252 -0.0558570959 -0.0103550227 -0.15853779 -0.0599413738 -0.0085403109 -0.0209376141 0.105444364 0.0145395435 0.0894382298 -0.065206103 -0.0461650603 -0.054009553 0.092152521 -0.012606455 0.028037997 -0.00464390405 -0.00143073243 -0.0134844063 0.0245112684 0.020422874 -0.070489496 0.0837590545 0.0136867352 0.0592231788 0.0595450923 0.0430473201 0.0122585818 -0.0203863308 0.0852898881 0.0638675168 0.0709260255 -0.18448332 0.206885308 0.229583263 0.0975081697 0.0942391604 -0.0146079287 0.0944179744 -0.0803717375 -0.172748968 -0.00568427192 0.120463043 -0.136367738 -0.0493836105 -0.078056626 -0.118913867 0.0555319041 0.00116146717 -0.0623332411 0.0386067107 0.115646258 0.067255564 0.00950096268 -0.0287938714 -0.0942590013 -0.0458007455 -0.0763042048 0.0221689865 -0.0720138103 0.000384929503 0.0312522687 -0.0736783743 -0.0320706293 -0.0554967523 0.0484971628 -0.0598799437 0.0106043443 -0.0170443207 0.0327104293 0.00800694153 -0.0308786109 -0.0752792582 -0.122982934 0.00536014186 -0.0127830487 0.0562642142 -0.0539161339 -0.0543024503 -0.00478559127 0.0895839855 -0.0347940885 0.0627703443 0.112503208 0.00952589046 0.0396395661 -0.0604200959 0.0785180926 -0.0452115573 0.124825552 0.0845148787 0.0518500693 -0.0206473917 -0.090161927 0.0803359076 -0.0109424302 0.0133973137 0.0310341641 -0.0135908136 -0.0461694412 0.0765713379 -0.0226737801 0.132659778 0.050410565 0.10451062 0.0314453952 -0.0433675759 -0.0616644472 -0.0658220202 0.093370378 0.102095552 -0.0850037932 0.458805293 -0.369012326 -0.0521913245 0.166674882 0.00374714285 -0.0439904779 0.0174521655 -0.074114494 0.1087083 0.0280902963 -0.119411513 0.103282988 -0.0894172192 0.0183298904 -0.0318423547 0.0818265826 -0.147083819 0.0156732202 -0.00417270279 0.082842432 -0.075761497 0.00968635455 -0.0731487721 -0.0159689616 -0.0709259436 0.0870981216 -0.0674101636 0.0674043298 -0.0525868684 0.0694726333 0.10036923 -0.0618717186 0.0808682963 -0.0956049263 0.0740309954 0.060070917 -0.131503105 0.0035870641 -0.122817516 -0.107755892 -0.119707778 0.0214697104 -0.108799256 0.0269381758 0.0330630913 0.0369284861 -0.00536124595 0.0574473701 0.0765754282 0.0816511661 0.0957195014 -0.146209598 0.0623163395 0.0579960383 0.148376241 0.0869876146 -0.0262795165 0.0647031143 0.0637038872 0.0435977466 0.0269808546 0.0864956975 0.054742936 -0.120191038 0.0491244718 0.0343003124 -0.0596091822 0.0379364863 -0.0020455406 -0.0259218086 0.0679837838 -0.0506127328 0.0211849958 0.102003232 -0.0467275605 -0.035894189 -0.0653811321 -0.0877272189 0.000968882116 -0.0788491741 -0.355145663 0.287685722 0.0396582745 -0.137299523 -0.0847330242 0.00144615769 -0.0164826885 -0.0551850386 -0.0392947868 -0.0155711416 -0.000247509743 -0.0860350505 0.145184621 -0.0761060268 -0.106344581 0.0586210191 0.0210416093 -0.058765918 0.144934833 0.0143216671 0.00688421726 -0.0335013047 0.0813860968 0.012458846 0.107007861 0.0588271134 0.0767083243 -0.0774713457 -0.0861006305 -0.0736988634 -0.0185255278 -0.106044121 0.0718409494 -0.0580785647 0.08197207 0.0357533731 0.1256942 -0.034439791 0.0499536805 -0.00284352363 -0.0273912139 0.0648644939 0.09185642 0.0308148488 -0.0687683225 -0.0355776101 -0.0783595741 -0.0128267454 0.0886033401 0.0603078939 0.0967961773 0.148721546 0.0387251042 -0.114968114 -0.0682417229 0.0220564399 0.0676547065 -0.0384929739 -0.0120529281 -0.0698465779 0.115498289 0.100079142 0.0404128805 -0.00550303049 0.100807771 -0.0252621323 0.17051591 0.0663979575 -0.0771104693 0.0728206038 -0.0281703789 0.129641935 -0.0696395934 -0.00528380461 0.096837528 0.011814109 0.0193617158 0.0266801082 0.0164099429 0.0683352798 0.302827716 -0.166209862 -0.328831702 0.199436888 0.0523214042 -0.0828258246 0.0469475687 0.0419379175 0.171965092 -0.0136088626 -0.0471654758 0.102725439 -0.0459671281 -0.0476411059 0.108518906 -0.0923958495 0.160014644 0.0819598213 0.0280272141 -0.115036473 -0.0458770171 -0.144685581 -0.0839581564 -0.0561460741 0.00347515498 -0.0474095717 0.0136418063 -0.0448615439 0.0447178595 0.11119248 0.0445202813 0.0598845705 0.0774340481 0.058847297 0.0606773496 0.015054075 0.0623065941 -0.0700143874 -0.0243739467 0.0879409239 -0.0123016974 0.0629242957 -0.0764626488 0.0194988865 0.043846108 0.0347816944 -0.0700408071 -0.0513194054 0.00798297208 -0.00193893386 -0.0387344956 0.137363374 -0.0154389776 -0.012406718 -0.0400907025 -0.149252951 0.0423782654 -0.107435651 -0.0431313664 0.069291234 -0.0788587183 -0.0910470709 -0.0429401323 0.0700227991 -0.0780936852 -0.0919998661 0.136325419 -0.0186933354 0.0111290757 0.0070800432 -0.00270878337 0.0467909276 -0.0557363965 -0.0979132652 0.0301718079 -0.0963487476 0.102743998 -0.122729845 -0.0631658062 0.0268266201 0.177839667 -0.160727218 -0.243416682 0.232562482 -0.106716923 -0.0957750753 0.1116018 -0.0632489994 0.0891519263 -0.0939836204 -0.165611655 0.0916416496 -0.0180516783 -0.0749340504 -0.0639879555 -0.057830669 0.127312407 -0.11233899 0.0174371116 -0.0253304001 0.0399382897 -0.067698881 -0.0764748007 0.0621708967 0.128118351 -0.0128208464 0.0243116561 -0.0960490331 0.0170605127 -0.0464557074 0.0324787907 0.107180089 0.0233811978 0.0955504924 -0.00613163691 0.0411194488 -0.0108255073 0.0530477352 -0.0118299937 -0.100048997 0.0677789897 0.0546566844 0.017331643 0.0556040518 -0.0983189046 -0.0280463118 0.0685005113 0.0182518214 0.0772318617 0.109482758 0.0217811763 0.00849294104 -0.0261865556 -0.0835789368 0.113342941 -0.0359085687 0.0638310462 -0.0679744929 -0.0511260182 0.0870239511 -0.0864120722 0.0450071953 -0.00454278011 -0.0330979899 0.0598072372 0.0118817016 -0.055371251 0.00390208955 -0.103127629 0.00698256912 -0.0413437635 -0.0724536777 -0.0207485314 -0.0292743295 0.0820406005 -0.0809460655 0.0358469263 -0.091724053 0.128738746 0.0848539323 0.309506148 -0.207861915 -0.147381067 0.141147107 0.083045423 -0.0966126323 -0.0730485916 -0.0493283123 -0.0141008217 0.0435948223 -0.019949412 0.128334194 -0.0164422896 -0.0506680012 0.0565165877
tensor gate_encoder.0.bias 1 32
-0.00530913007 0.0565494038 0.0458331034 -0.044810459 -0.0102658113 0.0461411029 0.0163278691 0.022480756 0.0904607475 -0.0600550473 0.0164281093 -0.0544145517 -0.0453798287 0.102295518 0.000978072756 0.126022786 0.0182140023 -0.0276965853 0.0678916276 0.0777258873 -0.0566752031 0.0375351757 -0.0341148973 0.0725398585 0.114044011 0.0679088905 0.0629246831 0.0999179333 0.00192271592 0.118852772 -0.0527870618 0.11719732
tensor objective_value_embedding.weight 2 32
1.64910471 0.368769884 -1.59641242 0.872349739 1.35353684 1.09521568 0.157181606 -0.952498019 -1.03519428 0.141829029 -0.614514768 -0.688488662 -0.471044242 -0.207782909 -1.50041544 -0.483523458 -0.747704685 0.885714531 -1.19118381 1.62759387 1.14786518 -0.468454212 0.555850446 0.419663906 0.340759337 -0.5323717 -0.668503165 -0.33541888 -0.705429673 -0.00197807723 1.31617141 0.308401674 2.31915474 0.696573138 0.648476303 3.29525185 0.0237483811 1.42373025 0.619990826 0.0645151213 1.14520848 1.50712788 0.897018075 1.33483195 0.706161857 0.0138093829 -1.05266416 0.76604265 -0.0233464018 -0.949886799 0.41676417 0.763899982 -1.31884933 0.45954296 0.964587271 -0.258238167 0.677440464 0.225343138 -1.554021 -0.601277769 2.43633652 0.310492247 -0.955785871 1.26639807
tensor backtrace_actor.0.weight 32 32
0.133790016 0.152375579 0.00640576705 0.110389605 -0.0349095538 0.131479427 -0.139950454 -0.0137557527 0.0447898954 0.131515846 0.0442428514 -0.0570693687 -0.0065876334 0.107027978 0.0871289968 0.150902137 0.120501243 0.00482376805 -0.0752081946 0.0437356606 0.0939544588 -0.139735848 -0.0439967811 -0.0710748658 0.128759459 -0.0754937008 -0.0512596928 -0.246180475 -0.0405573361 -0.0519623123 -0.0992244706 0.0842557698 0.112096369 0.0147173414 -0.0130031724 0.160950854 0.387508452 0.234352738 0.207088962 -0.292547673 -0.211069301 -0.210603982 0.0528896041 0.0338577963 -0.0307986289 -0.036562331 -0.121000014 -0.093834877 -0.332399964 0.111288927 -0.115689404 0.21162878 0.168358386 0.0573218055 -0.15549174 -0.2003804 -0.14550966 0.190696031 0.119200073 -0.368382424 0.101255096 0.0214541536 0.146162227 -0.108624309 -0.106534049 0.0365345813 0.0731765181 0.171299189 0.0587902702 -0.132582083 0.0934020951 -0.016080318 0.0507097282 0.165514469 -0.0712473392 -0.101417035 0.139017731 -0.0582784638 0.12249168 0.0242662486 0.069853045 -0.134869188 0.0449123792 -0.0191550367 0.120471388 -0.132689044 0.210057244 0.153816655 0.050944604 0.113686003 -0.115894072 0.161418885 0.0577134639 -0.16813384 -0.108204044 0.116755709 -0.182358101 0.202529877 -0.281945705 -0.0457860157 0.0451254956 0.100698769 0.0608872771 -0.0903884694 0.139754355 0.0858987719 0.151300788 0.00633853069 -0.00114683993 0.0991340131 -0.148960829 -0.219900683 0.00318199629 0.148426652 0.0810727105 -0.115663357 0.0886230245 -0.164635524 0.0848132595 0.256518632 0.00297212787 0.0460781194 -0.163757175 0.101275168 -0.150073767 0.0375618711 0.0462457761 0.0899779052 0.244659811 -0.0609715804 0.135815725 -0.127681702 0.37174952 0.234041125 -0.11322017 -0.348080993 -0.1486177 -0.201213092 -0.207505926 -0.201515049 -0.0142464414 -0.110334098 -0.141696021 0.0212479178 -0.271439791 -0.0584026165 -0.0228296164 0.149519905 -0.111437574 -0.130655363 -0.160432637 -0.0446289442 0.0797252208 0.16259189 0.102236062 -0.1667867 0.115666427 -0.113367878 -0.03735625 0.102034286 0.0788952038 0.0954008624 -2.63150869e-05 -0.0787038505 -0.00473102834 0.0865006521 -0.109156616 0.0762213096 -0.0180699751 0.0528978743 0.127102405 0.00202467083 -0.115881175 0.183659643 -0.101080313 -0.0972913355 0.236499667 0.239649996 -0.223416686 0.111968756 0.10302756 0.00682669599 -0.0476275943 0.0682466105 -0.0899753496 -0.207092151 -0.0917256474 0.306981087 0.0402680002 0.201993704 0.0480121709 -0.0477851629 -0.0144822346 0.120705664 -0.27387172 -0.240969315 0.0342055857 -0.0733694211 -0.356892288 -0.23830159 0.0258455258 0.147006378 0.038374804 -0.160687461 -0.0794505775 0.237543762 0.0920633599 -0.213895649 0.0541638844 0.0962506086 -0.24000226 0.00642084796 0.133257046 -0.217008799 -0.260594249 0.355279326 0.198678583 -0.0949388817 -0.0237232707 0.130904898 -0.29399392 0.185771048 0.37934047 -0.161693841 -0.00274855318 0.033095628 0.0498182811 0.0462704189 0.0673461407 -0.115100384 -0.00592914922 0.17587328 -0.122241892 -0.19137387 -0.0121549917 -0.0638513193 -0.0200879015 -0.215762377 0.0416511446 -0.244696409 0.175609827 -0.14213112 -0.109980695 -0.0875404999 0.201176375 -0.106703371 -0.00142586115 0.0854671821 -0.129085407 -0.116061553 0.200400501 0.0618218593 0.0925384387 -0.233736962 -0.00736255152 -0.192221746 0.189408064 -0.0955449268 0.15366289 0.0582226254 -0.208621398 0.109772697 0.161486506 -0.0266693644 -0.0569327623 -0.00389440847 0.147040829 0.000994171132 0.181973502 -0.0562946349 0.00584999053 0.269857079 0.183471918 -0.196084887 0.293285429 0.0692199096 -0.159738958 0.387931079 -0.0104106981 -0.298051298 -0.0104204435 0.260039806 0.0557698347 -0.107373737 0.186819166 -0.215975538 -0.341577083 0.119430445 -0.194919392 -0.278558344 0.0889250934 -0.249504089 0.0500439703 -0.0106629999 -0.0538830087 -0.153066918 -0.137417436 -0.283600032 -0.207449391 -0.281332761 0.00728908228 -0.272046685 0.183393821 -0.136672869 -0.0673100576 -0.0568522066 0.190592378 -0.166665643 0.0527653806 0.155530185 -0.138871521 -0.114613228 -0.351436317 0.230826542 0.293069661 0.0958671719 0.0952075124 -0.301941216 -0.120645016 -0.208388552 -0.166589484 -0.359991282 -0.0638980493 -0.0713417307 -0.0863782167 -0.207579032 0.154746085 0.0903373361 -0.115578756 -0.193315342 0.0148907062 -0.30294615 -0.0549995974 -0.273953438 -0.0464034602 -0.201158479 0.177490816 -0.155872151 -0.076178968 -0.0243329294 0.135916248 0.141834021 -0.115881033 -0.205734983 -0.0910928547 0.154924706 0.262278974 -0.150291905 -0.0161492676 -0.269332886 -0.113134883 -0.341391951 -0.218141004 -0.123088151 0.0700350478 -0.210401252 0.0784040019 0.0383736007 0.109334245 -0.096469447 -0.126013011 -0.127470419 -0.104287542 -0.287484974 -0.166019976 -0.20378536 0.216380849 -0.0366525985 -0.0640399382 -0.167709827 0.189408198 0.0360635146 -0.146374986 0.0792746171 -0.0849338025 -0.150749296 -0.37422514 0.167203173 0.33773613 -0.211667866 -0.167634964 -0.0275723152 -0.0560052507 -0.227253392 0.12418709 0.261546761 0.00284348149 0.182030842 0.0156490915 0.149531454 -0.0816987604 0.0256828442 -0.0167855527 -0.0552086756 0.237643868 0.144489259 -0.0976177007 0.206314474 0.114637189 0.105735585 0.123316973 0.100501321 -0.0531800762 0.167081222 0.0276922025 0.0414155275 -0.1033215 0.0419256277 0.0817471817 0.143109173 -0.0705039874 -0.209985197 -0.1299036 -0.00480714813 -0.0419906154 0.2431539 0.178206921 0.136594012 -0.0277179647 -0.0583467409 -0.158575773 -0.143097609 0.132619858 0.0473913066 0.091406554 0.180965319 0.15684998 -0.0808454677 -0.141965091 0.0649677664 0.00122294703 -0.161763415 0.183527321 -0.127559319 -0.113701306 0.00288928323 0.203156918 -0.0779784843 -0.071876511 0.275243878 -0.0490421243 0.124336824 0.107529618 0.18664901 -0.18598178 0.119323172 -0.0218681879 0.174308494 -0.0213351138 0.213896513 -0.0590396449 -0.0331679657 0.0508977398 -0.160356492 -0.109777085 -0.0833007544 0.144573048 0.0806040391 -0.0585034192 0.101377383 0.118178815 0.0535699949 -0.177491501 -0.151287377 0.126393899 0.0646184459 -0.225865424 0.0093282545 0.228774831 -0.0952589288 0.147936866 0.0742480531 0.127574176 -0.139933124 -0.00237044669 0.211187989 -0.04087824 0.159835517 0.185725972 0.11271663 0.01809448 0.0586831607 -0.0438738652 -0.0779507384 0.414553732 0.203043014 0.129032239 -0.193163559 -0.0547862314 0.105106443 -0.191019788 0.0551405363 -0.250334918 -0.156518027 -0.11719989 0.160824761 -0.354434073 -0.00482972758 0.0148512041 0.246685624 -0.0515122786 0.00889082439 -0.095830828 -0.076352261 -0.000580734632 0.0457588807 0.105225161 -0.32088396 0.00013651434 -0.137140319 0.120848186 -0.11957065 -0.0556939542 0.126310542 0.146185324 -0.101630516 0.418255419 0.205325305 0.00241515809 -0.371257454 -0.140853912 -0.149402261 -0.179529145 -0.211494103 0.00713938195 -0.0590734035 -0.221865803 -0.127273381 -0.0565694012 0.177145869 0.036536485 0.211689427 -0.0308566131 -0.0510234833 -0.1273081 -0.0372486897 0.121701367 0.114299551 -0.146190494 -0.337465882 0.152057707 -0.0149693349 -0.0505384952 -0.0988521203 0.122031271 0.0912713036 0.0423978716 -0.0423192866 0.0448945798 0.138260037 0.257194221 0.247669518 0.181709841 -0.0798794776 -0.153126851 0.135575965 -0.0346301161 0.0419936627 0.120137893 0.203084752 0.177407593 -0.136688992 0.276828557 -0.0495506786 -0.15203096 0.0349392705 0.0174788851 -0.0670353696 0.101613551 0.155988351 0.0921147093 0.0597081259 0.11756406 -0.151119828 -0.0927374363 -0.0658382252 -0.0178440437 0.0384452827 -0.123402916 -0.172628433 -0.00842342805 0.137995586 -0.0212025549 0.0173305236 0.0738254935 -0.00756077748 0.22210443 0.100593537 0.156804189 0.143553913 -0.229094058 -0.103725396 0.0804744437 0.181760073 -0.236758441 0.149124771 0.110881269 -0.208160922 -0.111427084 0.416531801 0.230485156 -0.224748701 -0.125299513 0.185358867 -0.198707283 0.141758412 0.219074681 0.217594326 -0.0699006096 0.044306159 0.114213817 -0.142933503 0.148884729 -0.0731180906 -0.020293925 -0.242029876 0.170985594 -0.0499618798 0.0670625195 -0.0264354777 -0.138197079 -0.100658245 -0.0682764724 0.0726073533 -0.158806965 -0.0133759007 -0.023543071 0.138716504 0.0749562457 -0.00473538646 -0.234307989 -0.143337056 -0.146284148 -0.0600054935 -0.0161291398 -0.0315580666 0.0972847641 0.0327628478 -0.0107083302 -0.0417478494 0.166741952 -0.272892535 0.273438215 0.090484269 0.0794181004 0.0790763944 0.331909269 -0.00694029219 0.121784702 0.0950830206 0.166488603 -0.0569731146 0.0762205347 -0.292691976 -0.0543049946 -0.00530673936 0.105704799 -0.387473971 0.0978048518 -0.0238930006 -0.264389575 0.407068431 0.127190739 -0.190798253 0.0247372519 0.208696514 0.175194144 0.119753785 0.253896654 0.0173569489 -0.267592788 0.0938401148 0.209177643 -0.192442521 0.15544793 -0.036327336 0.419336617 0.159369722 0.189441502 -0.375096589 0.0621441714 -0.172608986 -0.17663458 -0.225582898 -0.203446299 -0.103171036 -0.0317123756 0.111823574 -0.221798301 -0.0739818141 -0.162382215 0.238025755 0.131407917 0.114875041 0.122096524 -0.214940459 -0.139652833 -0.0057913051 -0.120521434 -0.283689231 -0.0842904076 -0.0323754922 -0.00781874731 -0.0442897528 -0.011690611 0.056867376 0.0569414943 0.10950654 -0.278066546 -0.150330335 0.0118995439 0.168223977 0.179668278 -0.0393123664 0.0321260542 0.0213045832 0.148893327 -0.0587738343 0.143331721 -0.182030454 0.251512468 0.14193362 -0.101274773 -0.241791785 -0.00651348708 0.182250708 -0.0267348867 0.143519163 0.161078706 0.158906817 -0.0621120222 0.0347196683 0.0109784566 0.181127876 -0.0432584919 0.1467935 -0.137878746 -0.185713351 0.188887641 -0.0435796343 -0.011307314 -0.105735719 0.186986148 -0.23205246 -0.0900356248 0.0751333311 -0.0119039556 -0.16150409 0.0604136847 -0.0604606122 0.131455973 -0.0923836306 0.0670459047 -0.155133605 0.0230639167 0.138806388 -0.10763406 0.192495063 -0.156989932 -0.198951259 -0.14842087 0.0409607328 -0.122433402 -0.00895082019 0.241418555 -0.207102567 -0.12856707 0.0333700143 -0.074183695 -0.240771592 0.123069458 -0.055460792 -0.043557968 -0.120048471 0.0986538455 -0.0131030455 -0.229417622 -0.243707299 0.0257999804 -0.172786593 0.0835364759 -0.0431749076 0.0218409244 -0.168603271 0.0874488726 0.0450015105 0.0453333147 -0.14359431 0.0542490743 0.149246544 -0.0948120132 0.0767121837 0.0107837673 -0.102819189 0.00405065203 0.1521862 -0.00582950516 -0.2503739 -0.0242306534 -0.150472164 0.21246016 0.142006487 -0.0558163226 0.115435801 -0.0421033502 0.00646860898 -0.0148172667 0.136201069 0.22166352 0.215137318 0.192284107 0.22637479 0.0389743894 0.124268718 -0.0668551475 0.153464302 0.027034482 -0.0907502994 -0.139348656 0.174709842 0.0962818936 0.139152676 0.117685176 0.220024616 0.188010603 -0.0894041806 -0.0908283442 0.015409125 -0.0373191424 0.0508192629 0.152644649 0.244111612 -0.0129124699 -0.127593011 0.259850204 -0.061667189 0.024863001 0.0751031935 0.18221499 0.12365938 -0.134207934 -0.0901874453 0.0664472952 -0.0063683386 -0.142828807 -0.204326242 0.256772727 0.157432601 -0.0794857368 -0.152218297 0.211559609 -0.0705502927 -0.104972981 0.255496681 0.15388684 -0.448600918 -0.29156962 0.130711883 -0.0655340925 -0.0830218866 0.210746065 -0.234495535 0.0691208243 -0.240310147 0.0378296115 0.30340901 0.0287916232 0.226781636 -0.0425042361 0.135586709 -0.0351869464 0.135281071 0.0812957734 0.245966718 0.164702371 0.115003668 0.134660751 0.101338074 -0.200025141 0.137340188 -0.0622001141 0.0947493911 -0.0425306186 0.146943808 0.0987908989 -0.0518201031 0.0447673127 0.118389212 0.106425688 0.162644252 -0.0163962748 -0.183904305 -0.0325060375 0.198104158 -0.0133510381 -0.0197863821 -0.145714715 0.19770284 -0.122566842 0.0526888557 -0.158708811 -0.168724462 -0.19922404 0.054835055 0.0661026835 0.073839657 -0.0104736229 0.150507063 0.161763728 0.135030851 -0.172785163 0.157136306 0.0637894347 -0.0805003643 -0.00626286445 0.0417003855 0.199310169 -0.0024518799 -0.151969746 0.154720709 0.255318195 -0.130293161 -0.0146780685 0.257203549 0.0384748317 -0.0248726364 0.0826712251 -0.108591996 0.0846056491 -0.0337769911 -0.127106071 -0.0925413892 -0.0417885222 -0.0932236835 0.007224028 -0.0643835217 0.0079755066 0.0442748852 -0.159992442 -0.214909345 -0.00473182183 -0.230734676 0.137518257 0.0634831488 0.170672625 -0.166430935 0.041273158 -0.19443135 0.0532420352 0.135964543 -0.175089687 0.160836741 -0.0730296224 -0.00110245985 0.188944757 -0.06970682 -0.201187983 -0.014112426 -0.161365449 -0.132779747 -0.167205274 -0.0488589443 0.0657096505 -0.0278883316 0.0654070824 0.150214642 0.0763917491 -0.0803589746 -0.114068761 -0.00400703494 -0.212838426 -0.177454889 0.127122506 -0.102987066 -0.00820192415 0.0520672686 0.078092739 -0.269797027 -0.0319230184 -0.15200159 -0.20957078 0.139550209 0.129645333 -0.215208605 0.0744502246 0.0740284324 0.145759195 -0.0280580111 0.23902972 -0.157681882 -0.22760433 -0.180263385 -0.0524304248 -0.225507826 0.276466191 -0.0520306267 0.215539038 -0.000474947621 -0.000620318344 0.0650789738 -0.125848785 -0.152055323 -0.0108146193 0.000553596066 -0.0210660901 -0.28207013 0.194103763 -0.0543310642 -0.000575268408 -0.280558318 0.288057983 0.110349201 -0.24518767 0.225578636 0.00729330117 -0.456362873 -0.263738781 0.234801039 -0.00672063278 -9.27392466e-05 0.223583713 -0.119367391 -0.256421447 -0.195674926
tensor backtrace_actor.0.bias 1 32
0.0181565974 -0.0979377329 0.0323592797 0.133016109 0.157688171 0.0218557008 0.151138857 -0.233568221 -0.0993813872 0.0847075731 -0.145395443 -0.192262977 0.0538150705 -0.0452239588 0.121376768 -0.0914366394 -0.0343715772 0.129205123 0.192546278 -0.0671681389 -0.0572830513 0.254920393 -0.154639989 -0.0311977379 0.0449806303 0.252489448 0.0368443094 0.100855723 -0.024122268 -0.0235946383 -0.0975527689 -0.180159166
tensor backtrace_actor.2.weight 2 32
-0.0161861796 0.239540309 0.00462868717 -0.166700318 0.282983512 0.0801535398 0.308205217 0.000367327419 -0.212592229 -0.281415612 0.0193106867 -0.122582883 0.147289798 -0.111486755 -0.155250549 0.245463744 0.159778789 -0.113503672 -0.268330544 0.199500561 -0.211044461 0.28944236 -0.2806063 0.0635173693 -0.0587048009 0.038632378 0.0558826365 0.169212416 -0.156607017 -0.003156794 0.142295986 0.0468762331 -0.173807979 -0.32894218 0.104984112 -0.00365526695 -0.184033245 0.130444244 -0.20671466 0.223099217 0.13702555 0.33414346 0.271585017 0.163266957 0.0199748836 0.0422284305 -0.027980648 -0.106061511 -0.310812056 0.167394474 0.220366657 -0.154257879 0.161710635 -0.223117724 0.178499848 -0.116646752 0.212031439 -0.303130388 -0.222940817 -0.26650095 -0.0151270917 0.197517172 0.0206087679 -0.296008915
tensor backtrace_actor.2.bias 1 2
0.020636512 -0.0307890512
end
