SMARTATPG_EMBEDDINGS_V1
circuit_hash 73245caffab2296d
dimension 64
count 7
a 0.288985461 0.122965239 -0.0703123435 0.0210289601 0.0428891405 -0.0690919831 -0.0559772812 -0.0053612832 -0.049026493 0.202624708 -0.132122502 0.165672436 -0.196181908 0.149963066 -0.0953736827 -0.0240658261 0.298308045 0.275635451 -0.00527066179 0.0792274103 -0.0573196337 0.0158521049 0.0116661442 -0.0765493065 0.127007887 -0.129214898 -0.0610194914 0.201259941 0.0735639855 -0.00523271505 -0.109668508 -0.147069007 -0.284422785 0.0195395947 -0.0650319606 -0.159360126 0.15366596 -0.00369387446 0.130973026 0.361055464 0.0141358757 0.00422677305 0.109968781 0.118749857 0.0947050527 0.108356781 -0.0153136635 -0.366189301 0.0179543644 0.162617922 0.215121493 -0.00740829064 0.0931497961 0.247510791 0.0898350924 -0.321680963 -0.0148530379 0.0499259382 0.12524727 -0.162891358 -0.0791432336 -0.0197716821 0.129651636 0.174220473
b 0.288985461 0.122965239 -0.0703123435 0.0210289601 0.0428891405 -0.0690919831 -0.0559772812 -0.0053612832 -0.049026493 0.202624708 -0.132122502 0.165672436 -0.196181908 0.149963066 -0.0953736827 -0.0240658261 0.298308045 0.275635451 -0.00527066179 0.0792274103 -0.0573196337 0.0158521049 0.0116661442 -0.0765493065 0.127007887 -0.129214898 -0.0610194914 0.201259941 0.0735639855 -0.00523271505 -0.109668508 -0.147069007 -0.284422785 0.0195395947 -0.0650319606 -0.159360126 0.15366596 -0.00369387446 0.130973026 0.361055464 0.0141358757 0.00422677305 0.109968781 0.118749857 0.0947050527 0.108356781 -0.0153136635 -0.366189301 0.0179543644 0.162617922 0.215121493 -0.00740829064 0.0931497961 0.247510791 0.0898350924 -0.321680963 -0.0148530379 0.0499259382 0.12524727 -0.162891358 -0.0791432336 -0.0197716821 0.129651636 0.174220473
c 0.287741601 0.156963989 -0.0874687508 0.0113454722 0.104462437 -0.0792383552 -0.0904779732 -0.00913484115 -0.0063420604 0.171277434 -0.157854095 0.204411775 -0.228607312 0.0879414156 -0.103977919 0.0286227986 0.303239882 0.263719976 0.0278953966 0.0999924913 -0.0464144237 -0.0315046646 0.0393337905 -0.0305278562 0.164944604 -0.115157105 -0.0473326221 0.184121892 0.0464965068 -0.0255904775 -0.13182193 -0.183621764 -0.285274357 0.0858336687 -0.0456237271 -0.155992329 0.125298545 -0.0167902708 0.152609453 0.371976197 0.0610903502 0.0491482578 0.118097186 0.114238173 0.0917679444 0.124149308 -0.0206488483 -0.373325348 0.0167023316 0.127070174 0.256791055 0.00703699701 0.126591757 0.274569333 0.0875179172 -0.289715677 -0.0296346061 0.0636614636 0.105939783 -0.155279785 -0.0290950164 -0.0229955409 0.143600881 0.150445387
n1 0.0533294864 -0.0158079043 -0.0750913545 0.0640965849 0.116658658 0.172547251 0.0420206189 -0.0348957554 -0.17084831 0.151675969 -0.0911864564 0.0279156994 -0.0465571806 -0.00724391639 0.0999679565 -0.0173130333 0.190038621 0.0866960436 0.0176433511 0.00863761082 0.00861240923 0.02275493 0.0344065018 -0.027066363 0.0294981487 -0.0391466357 -0.144536838 0.133187801 0.033990819 -0.0357782096 0.000297870487 -0.0492098108 -0.148652613 0.0663067698 0.0184185281 -0.105957791 0.093349427 -0.116809756 0.0297910199 0.114781812 0.0607325397 0.0419183969 -0.0702540055 0.202668577 -0.00412327796 0.116357997 0.0156133622 -0.0761132985 0.0294749886 -0.0205344856 0.0625960231 0.0713350624 0.106446669 0.0834332928 -0.0044913739 -0.0288413502 -0.164712131 -0.181837112 0.0177183263 0.175370172 -0.035948813 -0.0134972297 -0.0129865352 0.117896706
n2 0.0287653357 0.106439076 0.0518302843 0.00341184065 0.0308087841 0.119228341 -0.0202917345 -0.143683925 -0.172569096 0.12345539 0.002539251 0.0529947914 -0.0404386409 0.0961160809 -0.00330150314 0.00256086141 0.235461622 0.123468414 -0.0513747409 -0.0346630178 -0.037152186 -0.0397907533 -0.0163734257 -0.196885735 -0.0513878167 -0.117640816 -0.106346883 0.0199687183 0.107951015 -0.0875103921 -0.115402639 -0.136878923 -0.149492666 0.146248639 0.0762794614 -0.17212747 0.0267428048 -0.129222333 -0.0870465189 0.210118085 0.124446675 0.0110005289 0.0649547577 0.181431472 -0.0695049912 0.0525238588 -0.0254231989 -0.086415641 0.0294664837 0.0994581282 0.0869740471 0.0331065468 0.142061323 0.04110495 -0.0948117822 -0.129225224 -0.0246993173 -0.182602063 -0.0386598334 0.110357381 -0.0512715057 -0.0251099356 0.142564774 0.115144044
z 0.0983860344 0.0133692939 -0.046912957 -0.148181647 0.0487755686 0.0644440278 0.0044395458 -0.0715460181 -0.0744382367 0.139752731 -0.0545433722 0.138935566 -0.130384922 0.159702569 -0.0321409479 0.0436516255 0.0314294063 0.155642807 -0.0421709567 0.00206969678 -0.038218163 -0.00265859161 -0.10996221 -0.122348808 -0.105626851 -0.0490204245 -0.213088349 0.153104395 0.191626996 0.0858555585 -0.00275891274 -0.0076584965 0.0515427813 0.0460150018 0.0335061848 -0.165950075 0.104438245 -0.0339402333 -0.021259686 0.194670379 0.178476259 0.0223843902 -0.0989462882 0.360860735 -0.238761038 0.114545241 -0.0701231807 -0.00488111377 -0.0169049799 0.0659592003 -0.011430718 0.0769633427 0.0211186502 0.0647848845 0.00532774068 -0.117428072 0.0156134889 -0.0113266483 0.0732514858 0.247165084 0.0442373604 0.0690062642 0.00447913259 -0.012537092
output_pin_z 0.0797323212 0.0302104726 -0.219636589 -0.032474786 -0.146468058 0.216930732 -0.0096618142 -0.0354084224 0.191886857 0.0674057379 0.00669780234 0.0443745777 -0.390606016 -0.149944484 -0.0816528127 -0.149451017 0.111604109 -0.103255019 0.0828573108 -0.213311061 0.275169373 0.016580319 -0.0719835609 -0.150767639 0.01574816 -0.208691284 -0.221731007 0.129661843 -0.0476720966 0.252872616 0.0174142029 -0.171302557 0.189348474 0.0319045559 0.307972074 -0.0244869925 -0.0319662355 -0.267747581 -0.13408944 -0.0905299857 0.199451268 -0.278427869 -0.0935196131 0.342442602 -0.167847782 0.0245320294 -0.159173146 0.189477861 0.0443583839 -0.0268692356 -0.105021536 0.186947182 0.164460137 0.127308786 -0.184485435 0.121270813 0.310083479 -0.150858179 0.0765179694 0.236196637 -0.00438332092 0.135602579 0.0183573868 0.0218062103
