SMARTATPG_ACTOR_V2
embedding_dim 64
hidden_dim 32
tensor gate_encoder.0.weight 32 64
-0.0884208083 -0.0587770492 0.0594762899 -0.105205573 -0.112552829 -0.00289485464 0.0600214079 -0.125673026 0.0459132381 -0.114223495 0.0797995999 -0.0848380923 0.0582232662 0.032426592 -0.0235050898 -0.0485067703 0.102382787 0.0522400774 0.00752614345 0.10124132 -0.0214889217 0.0660350993 0.048056379 0.0107074054 0.0642135739 -0.0611941628 0.0964011326 -0.050694935 -0.0471215993 -0.11434646 0.113242663 -0.0205760449 0.0768456757 0.013954374 -0.0975306183 0.0147674652 0.0809903741 -0.0214402005 -0.0379398838 -0.0302795693 0.0738631338 0.031844303 -0.102063045 -0.0240250994 -0.024566412 -0.0817606747 0.0237826686 0.0857868865 -0.0271502398 0.0687896535 0.00465625338 0.0555726625 -0.0706344694 -0.00066858792 -0.123756818 -0.0011869939 -0.021035159 0.011904438 0.0626496747 0.0499299839 -0.0938175842 0.110186368 0.0830716193 -0.0298637673 -0.0765059739 0.00984964706 0.0112141501 -0.10497053 0.10625504 0.00772211235 -0.111479372 -0.0247062687 -0.113891952 0.0120287603 -0.00451617315 -0.0734419674 -0.114141695 -0.0159264915 -0.0180127267 -0.0495573021 0.0332763381 0.00305454782 0.0840964392 -0.10960906 0.0954256654 0.0976289734 0.0683726743 0.00867419131 -0.122973256 -0.0447145849 0.090279147 -0.0905939043 0.0630499497 -0.060165558 -0.116423778 0.0741670504 0.058911249 0.0216692444 0.0262469891 -0.105688155 0.0102369785 -0.0604605637 0.0746283531 0.0441778265 0.0267102923 0.000795225264 -0.0840811059 -0.0536752678 0.111362457 0.129373297 0.096880421 0.0601770356 -0.116384223 -0.0499462709 0.0163089875 -0.125324771 -0.0491232574 0.115596488 -0.0138334651 -0.0406924151 -0.0198188256 0.0614988841 0.120789059 0.044434838 -0.0261411183 0.0546997115 0.0727771819 -0.0118529629 -0.0353775956 0.0337708518 -0.0983998775 -0.0935549587 -0.0607318357 -0.0144409854 -0.0646900088 0.0694344193 -0.113385901 0.0975307226 -0.0375431292 0.0452368222 0.0517563969 -0.104310602 -0.0219826791 -0.0212366469 -0.0528249331 -0.00960951764 0.0833584964 -0.0577404574 -0.00628296565 0.0987463892 0.0604009666 -0.059410613 -0.0154627115 -0.0220589861 0.00853782147 -0.0043280907 0.0608240627 -0.092988044 -0.0275299605 -0.0353939347 -0.0122895744 -0.00772698596 -0.106633864 0.0169072282 0.00235499162 0.0723225921 -0.0369330198 0.120248787 0.0239718668 0.0768641382 -0.125662819 -0.118137054 0.0102986405 0.0268830322 -0.0418816023 0.114600271 -0.0561028868 0.0184542555 0.109727539 -0.0328505971 0.119998112 -0.0385401174 0.0790413469 -0.0975411534 -0.0426848233 0.00339059229 0.124250874 -0.0569052063 0.0653382316 -0.0387598313 -0.0206219722 -0.0151732983 0.0928790942 0.0600526109 0.0725399256 -0.0974156186 0.136697128 0.121179126 0.0999021158 -0.06396617 0.0299321786 0.101448119 0.057935793 0.0413566753 0.0371764265 -0.0659575015 0.0911281779 -0.0927354991 0.101681367 0.0584355518 -0.0388591476 -0.0744740739 -0.0235769488 -0.0475386754 0.0593036897 0.00777206337 0.0787475035 -0.0637397543 -0.116357841 -0.0792643875 -0.109303795 0.0184575059 0.0173704848 -0.0866110995 0.100678593 -0.0505111739 0.0147898616 0.0142914513 -0.0308933649 0.0986733064 -0.0365878828 0.054802563 -0.0787975341 0.122920237 0.0293137375 -0.0303870179 -0.0645506382 -0.0305502769 -0.0842811987 -0.0985551327 -0.0332345329 0.0595266409 0.121645354 -0.115019403 0.0361024626 0.0392103121 -0.0251853485 -0.0949354544 -0.111340061 -0.0358184762 0.0732132643 0.0763215721 -0.00493005477 0.109014072 0.0741972551 0.0174355377 -0.031232195 0.109397121 -0.00887604337 0.0583100989 0.0635045767 -0.0720141158 0.100778922 -0.0438340418 0.00212833262 0.103075676 -0.00648053037 -0.118807651 0.0429732278 0.000497991336 0.118707024 -0.0494467355 -0.0395423286 -0.0165053941 0.0120155327 -0.0240966603 0.0238360669 -0.0520372391 -0.0990070328 0.0910408422 -0.104702257 -0.0272401236 0.0846932307 -0.0896681175 -0.0380164981 0.00605699653 0.0808308944 0.0769206583 0.0622865371 0.0750516579 0.101077825 0.118134983 0.000475864392 -0.00714855082 0.0420428663 0.0268459562 -0.0842013955 0.0309924558 -0.0196189545 0.10909757 -0.117788374 -0.0367808901 0.029414637 0.0660806596 -0.0229177214 -0.123510718 -0.0221844558 -0.017104663 -0.00291510927 -0.0664228126 -0.039488513 0.0375427306 -0.0338228568 -0.126224473 -0.0892527327 -0.0430578254 0.0361806974 -0.0449896343 0.104606718 0.0962996334 0.0484103337 -0.105908938 0.0668723583 0.0890585408 0.114151463 0.0193863753 0.073413305 0.0287004635 -0.114776105 0.0253074262 -0.0623454489 0.107384786 -0.0676480308 0.114576988 -0.0539204516 0.0662149191 0.0843598768 0.0659770072 0.0174739994 -0.0741035268 0.0656827018 0.00632337388 -0.0284852162 0.10033977 -0.112702101 0.0694005266 0.0440793708 0.051246956 0.103616484 -0.0198283102 0.0144012645 -0.0249247812 -0.0366843529 0.0931658968 -0.123044148 -0.0411827825 -0.0586043335 0.123362981 0.0259245411 -0.0471573435 -0.0932644457 0.0150499269 0.0831226334 -0.121031232 0.0884614289 0.0979839563 0.0750064999 -0.0537657142 0.0885392204 0.0494810864 0.049790699 0.0429299958 0.090186201 -0.0187002663 -0.0543067791 0.00807028636 0.0881612375 0.0133202663 0.113413125 -0.0154600414 -0.0400281884 -0.0145434765 0.0326648876 -0.0639217421 -0.0435981043 0.0661220402 -0.0421938114 0.0623150244 -0.00362738268 -0.0737830326 0.0427509286 0.118697912 0.113754123 0.0147084445 -0.0991744101 0.114749067 0.0930067822 0.0480028987 0.057904657 -0.0892468169 -0.0938515216 -0.00965238828 -0.122270808 0.0157522429 -0.0363212153 0.0247071683 -0.114730306 -0.11509762 0.100109823 0.0447262861 -0.00278815441 -0.104056403 0.108020157 0.119682744 0.0931619257 -0.02210759 -0.0528972968 -0.0488567241 -0.0518084057 -0.0547453947 0.0775419772 -0.0593397804 0.084697403 0.0151006561 0.0578656234 0.0538299941 0.0382791534 0.0842174664 0.0315708145 -0.0949136615 0.0256922599 -0.0986027196 -0.00748813804 0.00369045907 -0.0212169047 0.0758154765 -0.075999856 0.101491354 0.0539762191 0.0193169396 -0.0456097871 -0.0799778849 0.0870506912 0.0740585327 -0.00542372651 0.0985873863 0.117362581 0.11784222 -0.0595794395 -0.0547947921 -0.0485745035 0.0190367941 0.0384681895 0.0480475016 -0.00470036268 0.0545318462 0.020981662 -0.0945475176 0.11411088 -0.0803893954 -0.0381200127 0.00302008982 0.104426846 0.100453727 -0.114140965 0.100869752 0.0497405306 0.0185663328 0.0134380655 -0.0205207095 -0.00865654461 -0.0415092185 -0.0611971356 -0.00114083721 0.0262674112 0.0704559013 0.0617500469 -0.0449051522 -0.0232783966 0.0264573749 0.105853558 -0.0449740775 0.0568204746 0.114992969 0.0220315456 -0.0967471823 -0.0910485759 0.118054755 0.0099140089 0.0100952601 -0.109998286 0.0805665627 -0.0942973495 0.00376528548 -0.0148940813 -0.0157539509 -0.050422512 -0.0940767974 -0.115462199 -0.0426234119 0.0812630206 -0.0554114245 0.0857198909 -0.00109542022 -0.091128692 -0.0170985647 0.00120721303 0.0694094896 0.00155618123 -0.0385664441 -0.0180433989 -0.0799562186 -0.0348754525 -0.0623188019 0.102326058 0.00611842098 -0.00753651839 0.0838849396 0.0832590014 -0.0924081355 -0.0906216353 -0.0512272902 0.110090032 -0.107415751 0.0149988979 -0.0785006806 -0.107652918 -0.120765939 0.0661337525 -0.0537050627 -0.0640032217 -0.0513139702 0.0921437964 -0.0170968603 -0.0102483556 0.00434082653 -0.015081916 0.0587806031 0.0905583352 -0.0766562 -0.076707378 0.0396645069 0.0814775229 -0.107233994 0.123606406 0.000749818282 -0.0927033499 0.0349025577 -0.12425977 0.106781021 -0.116392501 -0.112690046 -0.0658294037 0.0722621381 -0.051731687 -0.0460246988 0.102018714 0.107645892 0.103947937 0.0189227834 0.079664059 0.0717997327 -0.0637385547 -0.0286453608 0.0865401551 0.0151181268 -0.0814881027 0.0223076921 -0.0324341059 -0.104665779 0.0132490965 0.122399367 0.088235952 0.126971304 -0.0925842449 -0.00237194565 0.103687495 0.00967386551 0.109565325 0.0176550094 0.078823857 0.0784596801 -0.0596129969 -0.0786790177 -0.069926396 -0.0618419573 0.119359836 0.0953513533 0.0266150106 -0.0802241713 -0.00126699684 -0.124162652 -0.0980098322 0.0919276103 -0.102560513 0.116409525 -0.0371915363 0.0322348811 0.030886773 0.0641161054 -0.0496481396 0.0840237215 -0.112536289 0.028394049 0.00857361592 -0.122992843 -0.0378022492 0.0329739824 -0.0881950781 0.112446144 0.0902174413 -0.0907548741 0.0860468373 0.0152428029 0.115320176 0.0978930444 0.0637492314 -0.090999566 -0.0145055335 -0.00924871955 -0.0974565223 0.0697984993 -0.0211568568 -0.00990920141 -0.00290033128 -0.000528852339 0.0278524272 0.0611468144 0.0274899397 -0.0391154326 -0.113918319 0.0384504423 0.00402766606 0.0276479311 0.0282222982 0.0944856182 0.0888368413 0.0499724373 0.117003731 -0.0550642982 -0.0354716107 0.0579458438 -0.0391017757 -0.0187898949 0.00030933856 0.063927725 0.0625542775 -0.115191638 0.111999877 0.0120905284 0.016940048 -0.111221053 -0.0042276904 -0.0468511805 -0.0910790563 -0.0896590576 -0.0185997225 -0.107523777 0.00198315945 0.0884843245 0.0908483043 0.0276083071 -0.0479802601 0.112151727 0.044570595 -0.0358263291 0.0527932011 -0.0526278503 -0.0482053459 0.036411576 -0.0583173968 -0.0290657803 -0.0842740014 0.070710279 -0.111853473 -0.110099114 0.0500177182 -0.0239081345 -0.0481710769 0.0695733726 0.0789822638 0.042177923 -0.0880553424 -0.0968902931 -0.0569954552 -0.0179542191 0.104859412 -0.0828873813 -0.0784126073 -0.0814969316 0.053380426 -0.00797701068 -0.0874812379 -0.0983299091 0.124317035 -0.106879838 -0.096329242 -0.0028773786 -0.103583366 0.116968103 0.0924033746 0.0119045954 0.00576052163 0.0390638597 0.0449063219 0.0460002273 0.00438073883 0.0293331593 0.0589583479 -0.0373320803 0.0274916887 0.0286691431 0.0507720001 0.101564266 -0.117138281 -0.0483856164 -0.0987302363 0.0774846822 0.066167511 0.0426609404 0.101399623 0.0013454837 0.0722883865 -0.0675064251 -0.0972059369 -0.0103789503 0.0848845467 -0.0171809606 0.0897361189 -0.014201289 -0.0331819989 -0.103926793 -0.0144335199 -0.124870881 -0.0886861086 0.0654303208 -0.0395076089 0.011036532 0.0331695601 -0.0682104975 0.0232573152 0.0392251574 0.110361047 0.104298085 0.074298583 -0.0985868424 0.059370812 0.041862987 0.0923642293 0.0932606831 -0.0159367993 0.0523040816 0.114058651 0.118626878 0.117362298 -0.0876562819 0.0842214376 -0.00124237745 0.0727663711 0.053670492 -0.0587442145 0.103306927 0.0139412321 -0.0484322049 0.11035803 -0.0652226955 -0.0964237377 -0.0557724088 -0.0656675696 0.0743449628 0.00336787361 0.03022906 0.0601312704 0.0336032026 -0.108351715 -0.0580804832 0.101609729 0.100180879 -0.083792448 -0.0281472132 0.111681134 0.127762467 -0.058629483 0.014737173 -0.0698726326 -0.105406687 -0.104691215 0.0840402097 -0.109114543 0.0895756856 -0.0487229787 -0.0713860467 -0.125665307 0.125295818 -0.00598403998 -0.110619277 -0.0837348104 0.0102450866 0.0455061123 0.101578616 -0.013662735 -0.0566360131 -0.0386361629 -0.00386469229 0.0863675773 -0.0451031588 0.0719755068 0.0519610234 -0.0703037158 -0.0482155494 0.0820046216 -0.111481287 -0.039385803 -0.0126753626 0.054503262 -0.116681963 0.0456170216 0.0565989055 0.0758099258 0.0911276639 0.0334961154 -0.0089306822 -0.0726617798 0.105017431 0.0293050557 -0.113992959 -0.0198494159 -0.101543427 0.0542768128 -0.112272158 0.0462573357 0.085764654 -0.0943096504 0.11906217 0.0208839234 -0.000648244284 -0.0888353884 0.0304461643 0.0638151169 -0.0317960531 0.0191569682 0.050031513 0.0189460125 0.0256630555 -0.0148604168 0.11655762 0.0663970634 0.014812042 0.070277147 0.0429342352 0.0856028721 0.0937818512 0.0604224801 0.0896755382 -0.0350451022 0.0139991315 0.00111265061 -0.0116633801 0.0673240349 -0.0899526849 -0.0672957599 0.0010503981 0.124406911 -0.09811759 0.00991479587 -0.106364213 -0.0270655919 -0.0872434154 0.0144604743 -0.0287549999 -0.0341064893 -0.0904136226 0.0206664819 -0.119434632 -0.108359605 0.116419636 0.0720138252 0.118364133 0.0607926324 0.0822658762 0.00914032757 -0.113309495 0.0437840149 -0.0847337544 -0.0356877521 -0.109792851 -0.113060303 0.0322120823 -0.112378292 -0.0564569943 -0.0614037178 -0.0377552211 0.0956597552 -0.0794433653 -0.0347686708 0.0574240871 0.0407124646 0.109566756 0.035593532 0.0569046661 0.0211239532 -0.0687458515 0.0435381234 0.00568351941 -0.0374985486 0.0696091279 0.027233053 0.101052172 -0.0244052857 -0.0954997241 0.0145969484 0.131009012 -0.0670085996 -0.108887672 -0.0902570933 -0.108417585 0.10853947 -0.117132701 0.00855861511 0.0941087902 0.0371029489 -0.0467634685 -0.0856990293 -0.0850019976 -0.0118351551 -0.0570039935 -0.0859804079 -0.0458980165 -0.0252655316 -0.0517573766 -0.0866512805 -0.105745986 -0.089700602 -0.0869404301 0.0286660641 -0.00765591208 0.108835645 -0.0643706694 0.111854732 -0.0899173021 -0.00530873239 -0.0533769429 0.0303182397 -0.107987732 0.00790184829 -0.0820888579 -0.10268046 -0.080940254 0.0220200028 0.122931331 -0.0741747916 0.0631374121 -0.0599490851 0.0175130852 -0.0574395619 -0.0716950148 -0.0553227812 -0.050982926 0.123820685 0.0588071458 -0.0423518233 0.052873984 -0.0538977943 0.0368028544 -0.00890326127 -0.022997044 0.0172415096 -0.112555414 0.121718176 -0.120093979 0.0425191373 -0.00979179796 0.0810460523 -0.0428179316 0.0166022126 0.100307994 -0.0353662483 0.0891631842 -0.119248345 0.0544935763 0.108075559 0.081436798 -0.100479402 -0.0149198817 0.0289709438 0.0686021894 0.0226841457 -0.0627048463 0.0965371728 0.0241127387 0.0733315572 -0.068789117 -0.0399714857 -0.0215311591 0.000497610657 0.0738362968 -0.11860881 0.0265671108 0.108957976 0.00424800208 0.00829027127 -0.067886211 0.0178113263 -0.102912486 0.0507784374 -0.0694721937 -0.000420314725 0.0950328037 0.121255673 0.0499606952 -0.0999742448 0.110323131 0.0424358509 -0.0384841636 0.118255347 0.0714904442 0.0152613465 -0.017229151 -0.112447903 0.118712515 0.0492741093 -0.0105816871 -0.0842444152 -0.123071931 0.0377667062 0.0716591775 0.125177652 0.0102648456 0.077229172 0.0590383448 -0.0767095536 -0.0622811653 0.0621462092 -0.116385944 -0.0392718203 0.104891412 0.067403838 0.0732854977 0.106547333 0.128206462 -0.116299137 0.11342296 -0.0896174759 -0.085555695 0.00767553132 -0.082082577 0.100055374 -0.0976595879 0.10942407 -0.028087778 -0.0842598379 0.104515962 0.0590347983 0.107460476 -0.0749352425 -0.049791649 0.131457016 -0.0211308859 -0.0692943782 0.0203230213 -0.0495803691 -0.0992993936 -0.049848903 0.000580761698 0.00942248758 0.10481704 0.0357651636 -0.111582585 0.0227994248 0.110371917 0.111663967 0.130716294 -0.0506531224 -0.099068895 -0.0583312735 0.0056922324 -0.0222717281 -0.115174569 0.0647524074 0.0490236431 0.0157922301 0.0271996129 0.0100849988 0.0927027538 -0.00653382856 -0.0099935187 0.0163675416 0.0722545832 0.0247644242 0.0443144813 0.0323687606 -0.0269237887 -0.0212962274 0.0594660304 0.0792109147 0.0715796575 0.104736261 -0.0856249407 0.0225326754 0.0393049009 0.0403515212 -0.0929931179 -0.0964608416 0.0618867651 0.100145563 -0.0386199653 -0.068618618 0.0701039061 -0.117910042 0.0823953897 0.116730161 -0.0638112053 0.0351807065 0.115619622 0.0576893166 0.0691504404 0.0954445526 0.0634773821 -0.130622387 0.0139252301 0.0500093624 0.0182988197 -0.00833685324 -0.0720144585 0.0799186081 -0.00253118807 -0.0584480502 -0.118372135 0.00429352978 -0.119415335 -0.0458837599 0.0675900206 0.097638391 0.0352463275 -0.0784647092 0.0354749188 -0.0511355437 0.0270237103 0.0321652107 -0.0161392726 0.0889001638 0.0518226661 -0.107900001 0.117618203 -0.0122632086 -0.0894201323 0.00304459082 -0.042696774 -0.0230233632 0.0529621504 0.0364023 -0.0151798306 0.0530661307 0.00200051791 0.0236178413 0.109231047 0.0494464152 0.0505822003 -0.0872344896 0.0597886406 0.00681190146 0.100163877 -0.10355106 -0.00635956926 0.0945163965 -0.119152963 -0.032978978 0.0147220576 0.0819467083 -0.0123358574 0.0528620072 -0.0775094703 0.0670815483 -0.00952125248 0.040990945 -0.0603617467 0.0889882818 -0.0257450175 0.0206668079 0.0259906128 -0.068779707 -0.00941256993 -0.04116036 -0.0481371284 0.0685294569 -0.101529628 -0.0150372731 0.0520223081 0.0609789118 -0.0476927757 -0.00870730635 -0.0526139811 -0.0389795043 -0.0606251843 -0.0719240755 -0.0526081547 -0.108728729 0.046968624 -0.0185272787 -0.112015985 -0.0189744979 -0.00305255176 0.109365508 0.053209424 -0.0242368467 0.0138284946 -0.0943317935 0.0207183976 0.0704915002 -0.00352750369 -0.0062684794 -0.0920943096 -0.101001047 0.00438050786 -0.0867132917 0.103781261 -0.019630827 -0.027659934 -0.100371823 0.0521340892 -0.0170333609 0.11262162 -0.112831436 0.0239698086 0.0747816414 -0.0358322412 0.115364574 -0.0344506949 0.0769177526 0.120073818 -0.0533664934 -0.0237463992 -0.0665738657 0.058839336 -0.0425877124 -0.046077203 -0.085366413 -0.0580631755 0.00171858328 0.0870468095 -0.123308823 -0.00264388486 0.0590888411 -0.0391617641 -0.0347571895 0.110167287 -0.0550626889 -0.0333328396 -0.0150700537 0.0640826374 0.0216316972 0.082053639 0.0597559176 -0.0301461834 -0.0671073869 0.0232750922 0.00680474844 -0.104997307 0.105551049 -0.0940530077 -0.0758129284 0.0746165738 -0.0814805329 -0.0153842615 0.124444842 0.027980404 0.0205072872 0.0559334531 0.0716222227 -0.109022535 -0.0704618841 0.0309778117 0.081463553 0.0413683467 -0.128726974 0.0790717527 0.0982451141 -0.0771425962 0.118755385 0.0892620906 -0.0507268608 0.103468962 0.0512221232 -0.0942664742 -0.0875453651 -0.0311519504 0.0678598359 -0.0529521741 -0.0417008586 0.016318243 0.0513365567 -0.0146763576 -0.111100614 -0.00135706645 -0.0489033833 -0.0416995995 0.0613912381 0.0118773291 0.0320258103 0.0172148012 -0.0817892998 -0.000946218381 -0.0510649756 -0.112472594 0.101639703 0.10573332 -0.0222009234 -0.0632049218 0.0586889572 0.0503310859 0.0602763891 -0.0955031887 -0.0365971848 0.0580057129 0.0283442754 -0.0853136629 -0.0765668303 -0.00669265492 0.0603533909 -0.0274499394 0.0273814164 0.101844497 -0.0776616111 0.0147573994 -0.0232374724 0.0157767795 0.0216548443 0.0453716777 0.0373223796 0.0596555024 0.123261422 0.118385524 0.0445538424 -0.0329410881 0.0956081748 -0.0625329986 0.00662457198 -0.0765415356 0.0271154214 -0.0751294643 0.0723725632 0.01773623 -0.0781915262 0.035249237 -0.0788016915 0.0753086507 -0.0174514819 0.0667387471 -0.0570112951 -0.0742142275 0.0984171852 0.0207593236 -0.042448435 0.036594905 -0.0854672641 0.0065916162 -0.0820934922 -0.0805734172 -0.0266211685 0.00468233554 0.0695975125 0.0552850105 0.0415796563 -0.0988738537 -0.0260556787 0.0785684362 -0.103835225 -0.0822903216 -0.081957832 -0.115818694 0.0602425039 0.0662164614 -0.0138249071 -0.039773386 -0.00782694202 -0.0219399277 -0.0371600166 -0.103710771 0.0787963793 -0.0801699385 0.126844645 -0.012022825 -0.0945071504 -0.025282599 0.0983396918 -0.00417255703 0.0523808487 -0.0151373874 0.000789723941 0.0619580857 0.0237894487 0.0879915804 0.112064809 -0.0912860334 0.0466585867 0.0741695538 -0.111869715 0.11596147 -0.0667961165 0.0725047141 -0.0148768714 -0.0141631262 -0.102767594 -0.118718043 0.121532999 -0.0317969583 -0.0123785194 0.113999248 -0.00830288138 -0.0740281418 0.115166545 -0.0580480658 0.110650137 7.01359095e-05 0.0478419326 0.0148824146 -0.0618827529 0.0952415094 -0.118301436 -0.0154574402 0.0643926337 0.0084518455 0.0735775083 0.1175614 -0.101118125 0.00174931623 -0.050373435 0.111292988 0.0108269015 -0.0621534921 -0.00758279487 0.0404830761 0.0620230883 -0.0788736418 -0.0549956672 -0.0353446081 0.00857694261 0.106293701 -0.00802889187 0.0360675268 0.0140133379 -0.0764267743 -0.114725083 -0.0133852139 -0.0485511348 0.0539766885 -0.00282522663 0.114693858 -0.0920200348 0.0982041061 -0.0390219353 -0.0269884448 0.0824594796 0.0781532452 -0.0265496001 0.0605783723 -0.0971075371 0.0613730215 -0.0982802436 -0.0254344959 0.0633155853 -0.00372864003 0.0038634364 0.0850006342 -0.0172004495 -0.0481694788 0.115834691 -0.0753906071 0.126955852 -0.112414964 -0.0138477059 -0.0336080715 0.0152798044 0.0120064812 0.0870231763 0.0993081853 0.103624552 -0.0727535486 -0.0334509872 -0.0464152545 0.0509589091 0.081271857 -0.0422566459 -0.0287467707 0.0822038054 0.0856808349 0.0247481577 0.0665870681 -0.0638331845 -0.0168676153 0.00982405525 -0.121971667 -0.0840341598 -0.0906472802 -0.0200639926 0.109086469 0.103014916 0.0689307526 -0.00400612503 -0.0616632365 -0.105157696 -0.0219647046 -0.104296617 0.0202305466 -0.0798538774 -0.0408571549 0.0771318004 0.129360303 0.0895312056 0.0355329253 0.0174183864 -0.0461827032 -0.0695724487 0.0765577182 0.0384538323 0.0701525733 -0.0829522908 -0.0883418173 -0.0974224731 0.0157921426 0.05878089 0.0508120917 -0.0402307734 0.0950407535 0.0125719281 -0.081576921 0.0985909328 -0.119657665 0.0305081364 -0.110933468 0.053667672 -0.119942784 0.11776451 -0.0275517963 -0.0709682778 -0.046254579 0.0981210768 -0.120155998 -0.0445440449 0.0852928385 0.132271782 -0.0584374741 0.0775642246 0.00666961353 0.0307724643 0.117118113 0.0138713736 -0.113979638 0.020155739 0.0311317686 -0.0168357249 -0.128639668 0.114140511 -0.0903312862 -0.117786855 0.0244896226 0.0168846417 -0.0506522134 -0.118212156 -0.0487031415 0.0462411419 0.100458436 -0.0375556834 0.0579616539 -0.0556277148 -0.0669681132 0.123830259 0.0881642029 -0.108395256 -0.0988200605 -0.0303325709 -0.0407135263 -0.0714134127 0.0799716264 0.0410488471 0.0287571959 0.0128618358 0.0420060642 -0.107690379 0.116823331 0.0325171761 -0.0935831591 0.127250031 0.0858720839 -0.0493361913 0.00538173784 -0.0258778501 -0.0384249426 -0.0664871335 0.0325331837 -0.0818140134 0.064960368 0.0929106176 -0.0706681758 -0.0995165631 -0.101183102 -0.00052434078 -0.0423446037 0.0986810774 0.0543426685 0.0315826088 -0.0563151836 -0.029922625 0.00647722837 -0.0107655507 0.129478097 -0.0270515364 0.0563921928 -0.0188794676 -0.0432316996 -0.100720823 0.0941517279 0.121067315 0.0345046595 0.0352981873 0.0956100971 -0.0359986648 -0.00469786348 -0.02450197 -0.0898729116 -0.0355913118 0.0182404965 0.0487481169 -0.0738451406 -0.0243138876 0.0101303309 0.0633527637 -0.0983343944 0.0373823419 -0.101118371 0.0289104655 0.0270891208 0.101849042 0.131581649 0.0599535108 -0.0793883353 -0.0459967479 -0.0599284284 -0.0529756285 -0.103391975 -0.103128694 0.094297789 -0.055905778 -0.082433477 -0.0507377535 -0.0713584945 0.0244018044 -0.110296115 -0.104855776 0.112984642 0.119721636 0.0489021875 0.0345707089 0.110740311 0.0183598176 -0.0988386646 0.107713521 0.0712244213 0.0680885762 0.0743884668 0.0208332855 -0.0074836514 0.0926019326 -0.0019215449 -0.0233528055 0.0397361964 0.0714391768 0.124425761 -0.0618677065 0.0989325941 -0.104603484 0.106673166 -0.127459466 0.00889604073 -0.00942128804 -0.103358917 -0.122826748 -0.00337970653 -0.0905830935 0.0369547345 0.0878663138 0.0248467233 -0.0340510942 -0.035741549 -0.05298163 0.0123200566 -0.00327771972 0.0052732639 -0.0420834236 0.0172739271 -0.113793597 -0.111569181 -0.125231639 0.0170969274 -0.079585433 -0.0719793662 -0.129764065 0.0572635196 -0.0442301817 0.0325368308 0.12450999 -0.120313622 0.0322014727 0.111488037 -0.0450828485 -0.0327373296 0.0309323687 -0.0855528712 0.0790279433 0.00985285267 0.0646504834 -0.0489898585 0.0171187241 0.112446211 -0.0808810294 0.0786890388 0.0347542353 0.0937492549 -0.0157580897 0.0786381811 -0.101681463 0.0455776379 0.101917855 -0.0425626673 0.0648143366 -0.0649811402 -0.0295336265 -0.0836897641 0.114808306 0.0663555562 0.0309180561 0.0859435871 -0.00960424915 0.0898855776 0.120160036 -0.0849651247 0.106814884 0.0860036016 -0.0952806622 0.0751721635 0.124717847 0.0774807557 0.0775246248 0.0101045649 -0.054027915 0.0639786795 -0.0451404452 -0.130763695 0.0223830771 0.108581126 -0.111255974 -0.0263016708 0.00527071254 0.0550568886 -0.0127833029 0.117444262 0.0492490493 0.0219930895 0.0405331887 -0.102707081 -0.123595737 0.0323742442 -0.0799484923 -0.105839483 -0.0483330414 -0.0453470647 -0.0560537837 0.109808154 -0.0697876364 0.0384807847 -0.00916400086 0.0837343857 -0.0338045694 -0.0391487852 0.0359695852 0.0967970565 -0.0172280017 0.106172547 -0.115729757 -0.085105449 -0.030538423 -0.0612694174 0.0710279718 -0.0412512384 0.118883111 0.11249692 0.0452231951 0.0858416036 -0.00670766039 -0.0807525441 -0.0517591126 0.0235664174 0.0616072975 -0.0224877913 -0.071543172 -0.0030915176 -0.0332282297 -0.00366229261 -0.0762539506 0.0400697961 -0.00868864078 -0.0541350432 -0.0983964577 -0.0641382262 -0.0723589808 0.108140312 -0.016115671 -0.0837258846 -0.100021191 0.0562953874 0.0984889418 -0.00439843116 0.113553949 0.000762462732 -0.111064725 0.0462382771 -0.0969948545 -0.0716154203 -0.0382988341 -0.00676941406 -0.0672728792 -0.0329924114 -0.101241089 -0.0452093147 0.0161979608 0.0501203574 -0.0893463716 -0.0422505699 0.0966205969 -0.121350192 -0.056663081 -0.10787484 0.0975718573 0.00257297419 -0.114271834 0.119720683 0.107118726 0.059970323 0.0288183913 -0.101141252 0.0253970083 0.0408021733 0.00167104672 0.0489971973 0.126531437 0.0102193076 -0.0179765634 0.0876659751 -0.123903304 -0.0534359813 0.0389416926 -0.108122863 0.0575975366 0.0573939644 -0.101249702 0.0378383845 -0.0479185916 -0.0236803982 -0.0773135647 0.0461412184 0.0280250795 0.10186401 -0.0663022846 0.0979163051 0.00462794257 -0.0568808503 0.0395660475 0.0733272657 -0.0268372241 -0.0779815614 -0.0844669268 0.000230253674 -0.030594945 0.00216706865 0.0868585333 0.0820790604 0.0386372544 -0.0919850618 -0.0431234501 0.0882590786 -0.0430217572 -0.10635826 -0.0937846079 -0.0267947521 0.0124194883 0.0423745401 -0.0746013671 -0.0659063235 -0.0549316742 -0.0299210586 -0.00897763297 0.0536710769 -0.0736121088 0.00363990106 0.0332719907 -0.0145572433 0.0102552064 0.0476948731 0.0239583012 0.0461616702 0.070457831 0.0182156805 0.0267595816 0.0335416235 -0.0543060936 -0.0902517289 0.0263627786 0.0314839147 0.127691746 -0.00883414596 -0.0277121477 0.0277970023 -0.0954483151 0.0463398099 -0.0899744257 0.109555073 -0.130535737 0.0649687722 -0.0217527375 -0.119786873 0.0911371559 -0.0689065084 0.0230541062 -0.0396031216 0.0037730597 0.0497788787 -0.0787042752 0.0585145727 -0.00752153387 0.112053171 -0.0365711823 -0.0648389161 0.0249541588 -0.0297691617 -0.120601855 0.100131936 -0.0934136808 0.00960134063 -0.00818052888 -0.101352267 -0.0811819583 -0.119859688 0.0604957454 0.0615130924 0.111604325 0.00443016272 0.0261824448 -0.107557021 0.0732214078 -0.0521101356 -0.00359189627 -0.0628033802 -0.0989942849 -0.098378621 -0.0861973241 0.0135636181 0.0374837965 0.085634172 -0.00741776545 0.0672343075 -0.0419690274 0.0486744754 -0.00334832282 -0.067523405 0.0796078667 0.0132394908 0.0964940414 -0.0695884898 -0.0277425703 -0.0667476058 0.0819129199 0.0612627678 0.041227825 -0.0607086942 0.113370709 -0.0429355316 -0.00868182629 0.0562297665 -0.013157567 0.0714539513 0.0224959664 -0.0961520448 0.0365671627 0.0482219122 -0.0713216215 0.0571741685 -0.046500247 0.0582478605 -0.116337247 0.0268794857 0.0190318078 0.0242639817 -0.0659009442 0.00655407365 0.113760777 0.0691261813 0.0776947439 -0.105542332 0.0754067451 -0.010056762 -0.0917989761 0.0929518193 0.0897390991 0.110556908 0.130293816 0.0557721071 0.0956040621 -0.0857773274 0.0219162367 0.0917557403 0.0906893909 -0.0430417471 0.0289734676 0.10618265 0.0266035311 0.0506145656 0.100087129 0.0673171282 -0.105237491 -0.066104807 -0.0473899953 -0.0214132369 -0.0398104861 -0.0858886167 -0.0564274825 0.00665513705 0.110574588 0.0993136019 0.0860615075 -0.0553697385 0.0881024599 0.0961274952 0.0151630146 -0.0893058255 -0.0737646669 0.0356116109 -0.105028868 0.0858483538 -0.100390255 0.115925327 0.0339889377 0.0325158238 -0.0023744998 -0.0939763263 -0.0922120959 -0.0225886926 -0.0237469897 -0.0126456898
tensor gate_encoder.0.bias 1 32
-0.0313402005 -0.035698045 -0.0597454123 0.122712672 0.108003512 -0.0410511009 -0.109509878 -0.0114179989 -0.0011896689 -0.111930333 -0.0661357269 0.0483252853 -0.0882904455 0.108112395 -0.0108229481 -0.117428467 0.0883006155 0.0727845803 -0.0916267857 0.0800916627 0.0191639196 0.0675610453 0.0927349404 -0.10707479 0.0648557618 0.0416451283 0.0248960443 0.0771661699 -0.112019658 -0.122373559 -0.0755643398 -0.0441456847
tensor objective_value_embedding.weight 2 32
0.156578884 0.45781514 0.149189234 0.714636922 -1.39858055 0.215989903 -1.74028051 0.43702513 0.628758609 1.6450336 -0.270746887 -0.0362083986 0.539050758 0.542543232 -0.0944467485 1.01430428 -1.42894316 -0.840065241 1.16511416 -0.61171174 -0.047673136 0.374714375 0.369363159 -1.29437065 0.227223128 0.423314065 -0.312844574 1.3239789 1.04900706 -0.746739924 0.400438666 -0.980586767 0.692834675 -1.11081266 -0.102681912 -0.375262946 0.818893969 -0.447067052 -0.225514382 0.00976129621 -0.829044104 0.847991526 0.499231547 1.6641221 0.399861515 0.379717946 -0.418525428 -0.623735607 -1.01147056 -0.619547725 1.21127939 0.237059802 -0.166733041 1.1927284 -0.703648627 0.795768321 -1.44677436 -0.409686655 0.697501361 0.085310258 -1.9382627 -0.319368958 0.0737645403 0.101346731
tensor backtrace_actor.0.weight 32 32
-0.102308884 -0.154458046 -0.094500944 0.155733675 0.154688001 -0.0258431733 -0.0372649133 0.0154536208 0.129798099 0.00724180415 -0.0899669826 -0.0385784209 0.0450231954 -0.16426748 0.0309753884 -0.0367152542 -0.111224391 -0.181994081 -0.0870010257 -0.0702324063 0.0641723499 0.0136097306 0.00271817483 0.0864784345 -0.176003426 -0.12444514 0.0506777875 0.0648463964 0.018024629 0.141244039 -0.0041297744 -0.00672215642 -0.154905692 -0.129988521 -0.168203682 0.062612243 -0.0758871958 -0.155068219 0.0843003914 -0.046550449 -0.138718799 -0.008370528 0.0756073743 -0.0653877482 0.00817803573 -0.0160529464 -0.15480186 0.0290272851 -0.0460282825 0.0809764937 -0.133002833 0.175658762 -0.0365003087 -0.0125109907 0.0562704802 0.0219411012 0.03268319 0.14555791 0.0767748579 -0.0173408166 -0.0989183411 -0.114584953 0.0152641917 0.131005332 0.153684154 0.0213798247 -0.0270713679 0.00264216284 0.0321839452 -0.161638573 -0.0460434593 -0.104616597 0.157174096 -0.16915369 0.00145249674 -0.00139693927 0.00809942465 -0.112635441 -0.0256445259 0.13601248 -0.0541026257 -0.0199626163 0.0570648983 0.101994492 -0.0693110749 0.153561339 0.159581259 -0.102199137 0.172690392 -0.124221526 -0.160431355 -0.112281375 0.0727280974 -0.146552756 -0.0768758953 -0.0114827305 -0.0927942172 -0.0443934947 0.071607843 0.0702498779 -0.0801251903 -0.122874372 0.0303222016 -0.130720437 -0.0210330822 -0.0360207334 0.0809354708 -0.0637126267 -0.159382954 0.00655331556 0.0566400923 0.12132033 0.086771585 -0.088473089 -0.012161633 0.00909695029 -0.15033491 -0.0817897692 -0.068070218 -0.0252457466 -0.0206086934 -0.00173488155 0.0216976907 -0.0840286091 -0.0426848829 -0.0597619228 -0.0864967108 -0.168486148 -0.026672354 0.0283133611 -0.0367632546 -0.11873167 0.158480257 0.0174700152 0.112608403 -0.0354096815 0.0726709589 0.00745655084 -0.0576490723 -0.133648917 0.0371234491 0.101063728 0.0487608649 -0.153884321 0.180274382 0.0829604268 -0.137811586 -0.0267113317 0.00967886578 -0.0310954209 0.0597846583 0.136903614 -0.0845333412 0.0337332822 0.0981990546 -0.0889523923 0.0693464354 -0.00595305208 0.0911465064 -0.164710402 0.0203664862 -0.0541412383 0.171498105 0.0113078617 0.0529738367 -0.0165324118 0.0127734169 -0.0797517449 -0.165327221 0.0269600861 0.135267168 0.146475717 -0.121800333 -0.076402396 0.13762401 0.157709226 -0.000973949151 0.108912945 0.0818737 0.122148558 0.103346899 -0.0695065409 0.15600194 -0.128398106 0.0192239713 -0.091955699 0.112889484 0.0775661767 -0.101603828 -0.147335783 0.159651071 -0.170973197 -0.169040456 0.0189076774 -0.0709231794 0.159441978 -0.0543575361 0.180945322 0.000288658775 -0.163878888 0.00393618876 0.0832205936 -0.071938388 -0.0393593572 -0.019692719 0.160616904 0.0932487398 0.0690627471 0.132985368 -0.00598792639 0.0966675058 0.1039588 0.0106371567 -0.0328089483 -0.137638703 -0.141966954 -0.121970668 0.113271758 0.0574804284 -0.0769987106 -0.0943670794 0.130775392 0.0130037377 0.181834057 -0.017209826 -0.136049956 -0.110113658 -0.155032769 0.118126541 -0.0490810908 0.140781403 -0.0644874126 -0.100443356 0.0302492268 0.00798382238 0.164842635 0.117798813 0.0515120365 -0.138831154 -0.047973495 -0.115560219 -0.0386745073 0.0916629806 -0.00261140638 0.0616497397 -0.108553223 -0.0212553926 0.166601673 0.0853535756 -0.12445949 0.0913078114 0.0448093712 0.0881110653 -0.161948636 0.0513773337 0.174785286 -0.157364294 -0.0377292484 0.125185177 -0.0314344652 -0.0104003688 0.0498763882 0.12529932 -0.0210698061 0.0353833735 0.000239819245 -0.129630059 0.170048907 0.0249462035 -0.0410334729 0.133186713 -0.103615254 0.154371783 -0.152919754 0.121312454 -0.0102264043 0.0342147537 0.0355321541 -0.0353139602 0.00964460056 0.120972268 0.125891209 -0.0126798758 -0.131398752 -0.0990535691 0.134829044 -0.169856623 0.0796542764 -0.107912391 0.0439720601 0.140003175 -0.121146411 -0.154395863 -0.138012454 0.0158570427 -0.0912268609 0.144512072 0.098736085 -0.151588693 0.00950964447 0.0736618862 -0.102324009 0.163960457 -0.0778592303 -0.0087752929 -0.150756195 0.181406587 -0.0769135877 0.0776037425 -0.0244855583 -0.0367659442 -0.0704728663 0.0353740267 -0.114647113 0.0292383526 -0.10517408 -0.168614149 -0.11194592 -0.0762938336 -0.176616609 -0.173389658 -0.0361091606 -0.116797589 0.162130177 0.0235189889 -0.0549854413 -0.0419613533 -0.0794482529 0.057824485 0.0395698994 -0.147173643 0.153644979 -0.158991575 0.126146093 0.0825747624 -0.016738968 0.000818231725 0.0706324354 0.138371378 0.118827209 0.000721155608 -0.0714054033 0.0340181254 0.0960092023 -0.0700670257 -0.0490265079 0.129227489 0.102975532 0.000354698539 0.0539360642 0.0188704506 0.11494007 0.113563061 -0.0243497528 0.121312305 -0.048070278 -0.109508716 -0.0289979354 -0.16617693 0.0161341988 -0.172960833 -0.170593902 0.114997007 -0.0245962795 0.110625952 0.141244411 -0.160311684 0.0342835113 -0.145299673 -0.0389215648 -0.0449752882 0.174886793 -0.143591121 0.118458971 0.117791876 -0.131424099 0.15869087 0.155498385 0.118461512 -0.0771231726 0.154673576 -0.0991755575 -0.119565926 -0.128116593 0.0944464579 -0.0913729742 -0.165695697 -0.0417049341 0.113705367 0.169126064 -0.0835575536 0.0417455994 -0.130437627 0.0279244576 -0.0934399441 0.0946781486 0.0862690285 0.0622569807 0.0153739108 -0.0314228274 0.0277614947 -0.18162787 0.0250476953 0.150596008 0.0731652156 0.0611931905 0.0778579637 0.115597561 -0.0865872949 -0.135349512 -0.0773599297 0.156189203 -0.0511615276 0.154061496 -0.129554525 -0.101689987 -0.0544355176 0.0972923934 -0.127286226 0.060956575 -0.0406482629 -0.128968924 0.120580912 0.0103769694 -0.0764791518 0.125340015 0.129653201 -0.00247364002 0.138149619 0.0626727566 0.107683718 -0.0526284762 0.0854712129 0.0904967934 -0.0593886599 -0.0733846575 0.0398150422 0.122932084 -0.0085387798 -0.0689430013 -0.0419276543 -0.07740435 -0.0739440471 -0.164394632 -0.0164120458 -0.10489165 -0.0545954332 0.023100961 0.0396045744 0.14732334 -0.151080891 -0.0740375444 0.077552937 0.104839645 0.168688416 0.181547746 0.132904604 0.129598141 0.133061558 0.154694065 0.0376526974 0.101245672 0.0961044505 0.0814597979 -0.00570914568 -0.131451562 0.106964521 -0.0112016052 -0.102238953 0.142316744 0.0526322722 -0.140720367 0.103329957 0.0626477972 -0.0821921676 0.0938717648 0.0159772541 0.0133699151 -0.172027484 -0.151649997 -0.143128529 0.110120848 -0.124215364 -0.132478505 0.0855583176 -0.175608128 0.109148912 0.0495403968 0.0980352983 0.132709593 -0.0443067625 -0.00747119496 0.120729603 0.132058218 0.142426014 0.023153564 -0.0432957299 -0.0470231734 0.0852957368 0.0576087721 -0.0144854216 -0.0309427716 -0.176181406 -0.0481037274 -0.129854381 0.156782195 -0.0871950462 0.018572513 -0.0529229715 0.085938938 -0.165366396 0.136250347 -0.140976161 0.132880747 0.0535566248 -0.135580122 0.15219529 0.159073085 0.0636422783 -0.134269714 -0.0464055538 0.0531780235 0.0371739268 0.0596360564 0.097488381 -0.0878878161 0.0645435527 0.120482422 0.171132922 -0.128673255 0.0900757015 -0.174555942 0.00507220859 0.104467228 -0.0890535638 0.147392333 0.0494429842 -0.14004235 0.00383216748 -0.0982386395 -0.15797098 0.159141734 0.0956916511 -0.0254902542 -0.0217501614 0.150971308 0.0835918933 0.169724494 -0.151570186 0.102414139 0.114195324 -0.126940235 -0.157507956 0.168174073 -0.0963768512 -0.128171906 -0.00644774968 -0.113504834 -0.0139654428 0.17557767 0.163283542 0.00453069061 -0.117751971 0.0652322322 0.0848207697 0.0188563 -0.116952449 -0.115923256 -0.049078919 0.133867487 -0.128618047 -0.164070204 0.158112675 0.113064796 0.0101771746 0.0429399982 -0.164931998 -0.0301921945 -0.177767023 -0.128521025 -0.00597569672 0.0442970246 0.155805826 -0.096338287 -0.0794460177 -0.0552483909 0.106656492 0.0334303044 -0.161041811 0.0759521648 -0.142845184 -0.00443332503 -0.00787823182 -0.16436407 -0.022551978 -0.060965199 0.0442941338 0.117256932 -0.142729551 0.120413892 0.127265304 -0.0616038851 -0.105704874 0.0843826979 -0.172658935 -0.158531219 -0.0292775873 0.118181393 -0.153842613 0.179129615 -0.166227013 -0.0331550799 -0.00353155308 0.000349415059 -0.14557299 0.0322310217 0.144463792 0.00516597275 -0.139737397 -0.0417349301 0.033680357 0.0308040343 -0.120583706 0.0120001705 0.136975765 0.0217494983 -0.0634993613 -0.0645385906 -0.146656036 0.153257251 0.0132663026 -0.0955631211 0.147143513 -0.0502820387 -0.0566055998 -0.159273103 -0.0670036301 0.152865171 -0.075645946 0.0109605612 -0.07480333 0.081857726 0.170808241 -0.0199577902 -0.144937932 -0.146539658 -0.131291926 0.169658303 0.167446136 0.0247412138 0.14572911 -0.0486595929 0.00586256105 0.0311806239 0.0134153869 -0.153471947 -0.0708113983 0.00991368853 0.106618926 0.13938342 0.0891333893 -0.023705896 -0.166628748 -0.129930213 -0.111749746 0.0438027456 0.0433880016 0.126903474 0.159101114 0.169815049 0.102737628 0.166547656 -0.0699133649 0.0631768182 0.0896250233 -0.00835845619 0.0138536645 -0.0960631445 0.0609538592 -0.0966059715 -0.0893068165 -0.0211493429 -0.0224197507 -0.0593994558 0.0391012691 0.158682182 -0.0168725532 -0.0421087556 -0.118701227 -0.0815102831 -0.123422965 0.0803464279 0.16069296 -0.0725403503 0.00267436914 0.150174752 -0.0931307152 0.12260484 0.138313189 -0.0600133017 -0.156275988 -0.0522272475 0.176033914 0.0752206892 0.0675315186 0.00706699584 -0.160801694 -0.128914937 -0.0467338227 0.122396752 0.0765963197 0.0693047792 -0.0132711064 -0.00235707685 -0.0997135788 -0.0899331048 0.131030008 0.110407285 -0.121267982 0.00897438731 -0.00258978666 0.174749702 0.0673014224 0.0434775427 -0.0503922291 0.119010627 -0.165518284 -0.0350166038 0.0785120949 -0.00853227265 0.101782233 -0.129150033 -0.125493243 0.109140493 -0.0991457477 0.0297413468 0.0985687003 -0.0725496188 0.0371376798 0.171006709 0.0729076564 -0.108896263 -0.151874945 -0.167583033 0.155873239 0.128812119 0.0615758337 0.0819428414 -0.100187257 -0.0142904846 0.0689151511 0.0318307504 0.131135464 0.0899111331 0.149188042 0.1780653 -0.06197327 0.0697317049 -0.173317239 -0.141420588 -0.176803648 0.162566751 -0.097507298 0.0601227768 -0.00366640906 -0.178925559 0.0690085143 0.121446311 0.00595339062 -0.12755993 -0.0913750827 -0.0628286004 -0.100912951 0.0976171419 0.0453769341 0.0136437556 -0.130789086 -0.054429058 0.167931199 0.0944817364 0.166641206 -0.164013192 -0.0233665518 -0.0873246044 0.00639173388 -0.0693206862 0.0266909115 0.0851418078 -0.0902965367 0.0549937077 -0.118186429 -0.128350347 0.0119584892 0.118650228 -0.0519739166 0.157722741 -0.0914015472 0.0233865213 -0.0713873133 -0.0232523289 -0.167651474 0.161334321 -0.0372784473 -0.0202272404 0.0345676839 0.063310571 -0.0821157843 -0.0518905967 0.119093277 0.139103889 -0.0140057774 -0.0889308155 0.129466936 0.113364242 -0.154387578 -0.148025542 -0.105944306 -0.0339614339 -0.173864886 -0.0285685901 0.121173717 0.121671289 -0.0112509402 0.167929813 -0.0198040232 0.0447492823 0.105455026 0.0140651353 0.0916951075 -0.111012302 0.0747177601 0.0296641029 -0.165740639 0.170755789 0.174958855 0.0874575153 -0.099372603 -0.137159646 -0.156948254 -0.0248714443 0.0548272766 -0.178238958 0.0203789603 -0.140570596 -0.0763263553 0.00157224527 -0.116834491 -0.0650233328 0.0717006549 0.124925643 -0.0262439158 0.0471199155 0.0882041231 -0.119137481 -0.067015484 -0.0387875251 0.0885399058 0.0681370124 -0.152598977 -0.015263251 0.0682948232 0.0955779478 0.163294628 -0.0892251208 0.0173756201 0.0770848021 -0.00219029607 0.029288128 -0.163911849 -0.0410948582 0.0530495197 -0.0563206971 -0.166744947 -0.166531488 0.00723768584 0.135520652 0.110102512 -0.0783945471 -0.0485540256 -0.0284683406 -0.108664691 0.164004579 -0.159873933 0.0288099479 0.159279406 0.118145354 -0.0486541688 0.110459052 0.143045947 -0.150654539 0.147852257 0.0978923589 -0.0637163818 0.111958832 0.107336253 0.0470482558 0.0686696321 -0.0629873797 0.112454474 -0.0714367107 0.00235697697 0.164405555 0.125235438 0.075020276 0.0165308323 -0.0920602679 0.167564183 -0.163969353 -0.0826324821 -0.0376405641 -0.0721721947 -0.0889354199 -0.0240024142 -0.0777191073 -0.066609256 -0.104081862 0.143176377 -0.118286528 -0.103773087 -0.0271036979 0.110771932 -0.172180146 -0.0600406416 -0.0495780408 -0.13574408 -0.0945102125 0.0735873356 -0.00772886397 0.0359361991 -0.158794418 -0.0605672151 0.0967774093 -0.0539046489 -0.017309254 0.0954937413 -0.0816300213 -0.024927659 -0.151893839 -0.0531554297 0.115807757 -0.0723584294 0.0978940204 -0.121516526 -0.149933785 0.0950653851 0.154415041 0.0515837818 0.156471133 0.0482433215 -0.0235757381 0.108443119 -0.0107548414 -0.0390419662 -0.0588380471 0.0829265341 -0.120994523 -0.105845235 -0.0430195145 -0.163747236 0.0318018682 -0.0281240586 -0.0217701122 -0.000558794243 -0.0154050905 0.0742269084 -0.172736153 0.165044531 0.108301878 0.00647665281 -0.145525157 0.00380983972 0.177666545 0.0796303526 0.136045739 0.12084499 -0.105548643 -0.0471415296 0.0171367638 0.0329403803 -0.132067189 0.077232331 -0.153045475 0.139536232 -0.15895088 -0.107849382 -0.127788082 -0.0341334455 0.137908563 0.0958298147 0.0109001119 0.0842150301 0.122718237 0.0211853925 -0.0030730525 -0.103461869 0.0108599057 -0.0343354456 0.133933067 -0.0147677101 -0.0243705697 0.0539500862 -0.140672043 0.113597304 -0.133965477 0.125470027 -0.126247197 -0.13153185 -0.12756595 0.0871926993 -0.106024384 -0.0798970684 0.170329764 -0.142681435 0.0117899654 0.0343335792 0.176776111 -0.0725383461 -0.174409494 -0.0653464347 0.0923579112 -0.139036551 0.169425845 0.0261738822 0.101304367
tensor backtrace_actor.0.bias 1 32
-0.085789986 0.147626504 0.0564698353 -0.124196671 -0.035716448 0.0632056817 -0.101884507 0.120820828 -0.0873859003 -0.13760218 -0.0656837374 -0.0386660323 0.0843083635 0.109606989 -0.0188068133 0.12830396 -0.142769217 0.151488915 0.0680229515 0.152200907 -0.160333201 -0.149666205 -0.0911494195 0.112756453 0.0836900845 0.155463383 -0.0518220514 -0.100239001 0.161558107 -0.0946536884 0.120946914 0.108230114
tensor backtrace_actor.2.weight 2 32
0.116931565 -0.137728289 -0.108413696 -0.13791351 0.136388287 0.0928170308 0.155409411 0.0506719425 0.0250590909 -0.0514970794 -0.0770984292 0.0159391444 -0.0701313987 0.115409829 0.00833057798 -0.173122883 0.097963959 0.0667104647 -0.0481839217 -0.0232912209 -0.131141081 0.108243681 -0.00461131707 0.106606349 0.0958183035 -0.12390621 0.0239483137 -0.0624842867 -0.152489573 -0.176895007 -0.135718495 -0.0381625965 0.154579461 0.182228521 -0.177657485 0.101753414 -0.112611167 0.0677724257 -0.0393097997 -0.0433013216 -0.0537325405 0.1441129 -0.166918173 0.172181502 0.0647581592 0.159529522 -0.163040861 0.0714989081 0.0927646235 0.00836121384 0.0755048096 -0.164633706 0.155965403 0.0407230221 -0.118076324 0.155939281 0.145396456 -0.157766387 -0.0834292993 -0.0193346255 -0.0553127788 -0.121257767 0.115691431 0.0247472413
tensor backtrace_actor.2.bias 1 2
0.0951820239 -0.0471889451
end
