SMARTATPG_ACTOR_V2
embedding_dim 64
hidden_dim 32
tensor gate_encoder.0.weight 32 64
-0.0195944048 -0.0877455249 -0.0222714189 -0.0756273121 -0.0638874918 -0.00257780054 0.135805309 -0.0467597209 0.0211451165 -0.0367081128 0.0243587047 -0.00831684563 -0.0159286521 0.0266408101 -0.0930393562 -0.0654231608 0.17683579 0.110607848 0.0119052129 0.0635985732 0.0431352817 0.14364861 0.116227381 -0.0623506084 0.133110911 -0.135162532 0.0203842111 0.0275452938 -0.0853780732 -0.139507681 0.161585376 -0.0946877301 0.0464525558 -0.0427789651 -0.0259243865 -0.0517196506 0.0879991055 -0.0754148588 -0.00356890424 0.0489699431 0.140025169 -0.048341129 -0.175865427 0.0524008535 -0.0686201677 -0.0655845329 0.0238849111 0.0230973233 -0.021641776 0.146385491 -0.039988935 0.117361553 -0.0615133345 0.0792468861 -0.0772360191 0.0187549051 0.00835540518 0.0866836235 0.0998597592 0.122519463 -0.123936594 0.138913468 0.0591370277 0.0452570394 -0.120671228 0.00943042897 0.0722090602 -0.130321652 0.06477236 0.0190090835 -0.160657629 -0.0839185268 -0.0794363841 -0.0387506299 0.0281839017 -0.126504585 -0.0662534311 -0.0323904864 0.0249840282 -0.0223932695 -0.0211273655 -0.0337726995 0.0555672795 -0.0668229237 0.0615802556 0.0392459966 0.0207203031 0.0528764427 -0.169114381 0.000552496174 0.14501828 -0.145481497 0.0970684141 -0.0192115512 -0.142979503 0.132273346 0.109418295 0.0808993354 -0.0328495391 -0.0712738931 -0.0095265368 -0.00415712688 0.067843087 -0.0114664324 -0.0101157101 0.0532653518 -0.0393671803 -0.116267018 0.128931999 0.128325269 0.0800437927 0.122917302 -0.139294043 -0.0992539451 0.0420866609 -0.159715578 -0.0840555131 0.0565876774 -0.0321171544 -0.0496768057 -0.0357611477 0.00927882548 0.101284213 -0.0050339764 0.00243096356 0.0593395084 0.0703628659 -0.0659539402 -0.0406379551 0.0315006115 -0.0966234505 -0.089755632 -0.0679480582 -0.0124613233 -0.0678804889 0.0680320635 -0.121628456 0.0964010507 -0.0216213297 0.0379376486 0.0587992631 -0.105084591 -0.0137892077 -0.020780012 -0.0519585274 -0.0113194762 0.0921056941 -0.0578252897 -0.00267311535 0.0950745642 0.0623952001 -0.0522080623 -0.0203368049 -0.0168177523 0.0122301327 -0.00910363533 0.0623007119 -0.0970971659 -0.0318789855 -0.0351802073 -0.0214263387 -0.00812677853 -0.106790468 0.0176313519 0.00502952794 0.0707202703 -0.0370694213 0.117257416 0.0117330253 0.0800400376 -0.123255357 -0.120131187 0.0217248052 0.0113691799 -0.031534519 0.114068106 -0.0597083867 0.015412691 0.106539167 -0.0434540659 0.138600439 -0.0418619327 0.0711825788 -0.092621617 -0.0573696047 -0.00111170555 0.114294007 -0.0654479116 0.0572936609 -0.0515812263 -0.0129414136 -0.0164311323 0.175348714 0.0438712649 -0.0125367381 -0.0683927312 0.183749631 0.112128668 0.183785126 0.0190654937 -0.0240171179 0.183110893 -0.0267415773 0.113062985 -0.0454950966 -0.0543425158 0.00826670974 -0.125952065 0.177933022 0.114741065 -0.00956903677 -0.133939788 0.0446628109 0.0390163027 0.125892386 -0.0707157627 0.160208628 -0.145914719 -0.197279111 0.00657242304 -0.149988785 -0.041930493 0.0611606352 -0.166414708 0.0443973653 -0.135293007 0.095253028 -0.0528499559 -0.00767331664 0.0285955239 -0.0108094765 0.139278173 0.00229908386 0.0355405621 -0.0510632172 0.0510331653 -0.117894605 -0.0362323448 -0.0639035776 -0.179074377 -0.0178354494 0.142155707 0.0750423148 -0.033724986 0.0783017576 0.123258643 0.0383939557 -0.0770947561 -0.0889307931 0.0398099162 0.104725063 0.166416615 -0.0511084683 0.142848164 0.0661586002 0.0951662064 0.00702420343 0.0889530182 -0.063689664 0.0718301758 0.0889760703 -0.0689332411 0.146866053 0.00564925373 0.000226978038 0.152797058 -0.0353642851 -0.0731794015 -1.69066061e-05 -0.00605606521 0.0806405321 -0.0518306866 0.0127576487 0.0187803153 0.00329517853 -0.036882136 0.059474241 0.00123747531 -0.0496556759 0.0460903123 -0.0672948807 -0.068659246 0.0367018804 -0.0405167602 -0.0646407455 0.0038168449 0.108787484 0.028838316 0.0544817746 0.0547042303 0.147429943 0.0769293383 -0.00499915145 -0.035525687 0.0645062923 0.0744667724 -0.0528821461 -0.0137490621 -0.0613091849 0.163337544 -0.141352296 -0.0239575468 0.0227968749 0.0277880095 -0.0235047843 -0.0783635378 -0.05356941 0.0132690277 -0.00987301767 -0.0120347925 -0.0113810655 0.0445530228 -0.0136355245 -0.0807227343 -0.0681793764 -0.0060119913 0.0223160647 -0.0262751598 0.0881863162 0.14522025 0.0161358565 -0.104799137 0.125471592 0.0599687062 0.0764226913 0.0265432056 0.0322774053 -0.0329477899 -0.0780060217 -0.0180580337 -0.0430471376 0.0642559081 -0.0284175929 0.106182896 -0.0215741787 0.0953050554 0.0377770364 0.0420391522 -0.00649240706 -0.0481317006 0.0368148051 -0.0517600626 -0.0858898461 0.127924874 -0.142340869 0.108575985 0.0886536986 0.00597326225 0.137847543 0.0164597277 -0.00508065987 0.0224587657 0.0082631819 0.160251245 -0.182527319 -0.0114963837 -0.0819972381 0.175383359 0.0244917218 -0.088975139 -0.118614361 0.049958989 0.121531069 -0.170997292 0.0921858996 0.10395778 0.0503554717 0.00439730054 0.0822978765 0.0159329921 0.0733957887 0.0217811298 0.0493319146 -0.0688003898 -0.0573675372 -0.00169291813 0.0843979046 -0.0265075136 0.101186723 -0.056291189 -0.0108094811 -0.00717965839 0.0284780879 -0.110793427 -0.100549042 0.0904786363 0.0271479171 0.0404600278 -0.0439623967 -0.0760207623 -0.0193651617 0.0520290211 0.134340316 -0.044652082 -0.0531102605 0.0515553392 0.157896012 0.0509326756 0.116250776 -0.0719133243 -0.15790014 -0.0561903641 -0.12539126 0.0441069305 -0.0925543457 -0.0420594811 -0.171527326 -0.0525334738 0.041145362 0.108291671 0.060447529 -0.168864831 0.138388842 0.140147775 0.0522563495 0.0395942964 -0.0222504623 -0.000174733999 -0.112544864 0.00145840796 0.0727635622 -0.0119054364 0.0574719086 -0.0506286472 0.00563791022 0.120302089 0.100341059 0.0166169163 0.0654514655 -0.106801644 0.0245595574 -0.0408207998 -0.00798353273 -0.0584539883 0.0158356 0.0261190422 -0.0832635239 0.0331608132 0.0179016348 0.00323309237 -0.0673747882 -0.142748609 0.0549101681 0.0121241063 0.0244619884 0.0690953285 0.139344662 0.057642933 0.000273776124 -0.0782275423 -0.118949167 0.0407708101 0.0832747668 0.0534930378 0.0601166822 0.125115037 -0.00805332419 -0.0366289876 0.0591857582 -0.0156997535 -0.109797336 0.00407678029 0.0400408618 0.0810211375 -0.0492811128 0.141014248 0.0630437955 -0.00915275607 0.0752973706 0.0490464643 0.0498149171 -0.105453394 0.00398805318 -0.0705151185 -0.0360405445 0.136385262 0.0325933881 -0.0728532672 0.0130187916 -0.0333477892 0.0681427494 -0.100481927 0.119160049 0.056790892 0.0301443487 -0.146183178 -0.0670616627 0.181999028 0.069998309 -0.0541351065 -0.176218733 0.148588181 -0.131895721 0.00957577676 -0.0065607354 -0.0779661983 -0.0494784303 -0.0350755639 -0.151569068 0.0141437417 0.100339264 0.0142374784 0.124582373 0.018472787 -0.0776079521 0.044362314 0.0330917761 0.140589327 -0.0331532657 -0.00907476712 -0.0358765721 -0.0209085327 -0.0947748125 -0.0417118408 0.171845704 -0.0231727418 -0.0546774454 0.0821738839 0.0169359259 -0.167191535 -0.0545171872 -0.114727855 0.166492701 -0.16505903 0.0830782428 -0.0807678774 -0.0429947898 -0.100804448 0.00591947744 -0.095183298 -0.0793195963 -0.016489828 0.0283715017 -0.0886549875 -0.0697223842 0.0647505596 -0.0753890052 0.127675265 0.152432188 -0.143241033 -0.0408447497 0.0728273839 0.0461282358 -0.0484583005 0.159737945 0.0588387884 -0.155620039 0.0937278569 -0.13498202 0.154982343 -0.13879554 -0.175893098 -0.122424178 0.138146803 0.0154643068 -0.106997438 0.145125851 0.0974511877 0.0933895633 0.0760309473 0.0720946714 0.00770680699 -0.0244468655 -0.0851715356 0.0675503835 -0.0513144098 -0.122039281 0.00424858183 -0.0560951941 -0.165649414 -0.0170406643 0.0553619117 0.122294106 0.0987673625 -0.0789831728 -0.0637734532 0.167205036 -0.0191621948 0.029479593 0.0436206274 0.12417151 0.0818063319 0.0113728251 -0.00415565679 -0.0893282667 0.0100273676 0.0711019561 0.166822895 -0.0425820723 -0.0863761827 -0.0643725917 -0.140652731 -0.0245692525 0.148654535 -0.100373253 0.0840397924 0.0223897211 0.10717234 0.0947759077 -0.00499109551 0.0135133658 0.01538203 -0.186453968 0.10310816 -0.0265638512 -0.143548265 0.00869435165 -0.0405247025 -0.117398068 0.0604155511 0.159064174 -0.152541667 0.0895885006 -0.0370780565 0.141750202 0.174654767 0.117717728 -0.167309299 -0.0826171935 0.0688867196 -0.134503812 0.0836170018 -0.0222309083 -0.0729496554 -0.00183467683 0.0725564137 -0.0149007337 0.114756122 0.0313900895 0.0390495211 -0.0735362917 0.0571537763 0.0298653599 0.10024523 0.063674368 0.160810173 0.0587066673 0.0768360794 0.0939882994 0.0170997754 -0.00596594531 0.0568291359 -0.0861476883 0.00901917182 0.0285692103 0.0523823202 0.093354851 -0.0664021447 0.0790445432 0.0480064861 -0.00314451288 -0.0753629878 -0.0397468433 -0.0434358045 -0.12351454 -0.11760629 0.0207773577 -0.0824563578 0.0243238732 0.0629412681 0.114775442 0.07313402 -0.00539079821 0.0841659382 0.0669062585 -0.0704121143 0.0130146071 -0.0148974704 -0.0813882649 0.00164884271 -0.0349593312 -0.0696978197 -0.125324443 0.017447412 -0.0634070262 -0.136476755 0.0740360916 -0.0715322495 -0.0521969646 0.106981769 0.106420211 0.00992902461 -0.122591749 -0.0532496236 -0.0595113523 -0.0218438171 0.127143458 -0.131857947 -0.0780030042 -0.0505816936 0.030584747 0.0156158945 -0.042793911 -0.0549176075 0.134573743 -0.101882555 -0.0953448117 0.0358886495 -0.0879276246 0.152793378 0.0671413764 0.00179665571 0.00230078539 0.079520613 0.0890528709 0.028032057 -0.0502321795 0.0453072451 0.0923349634 -0.031793341 0.0776042715 0.0828986391 0.0348630138 0.146877423 -0.152627498 0.00306826108 -0.151507646 0.077050969 0.0199476685 0.029525727 0.153185233 0.0358654 0.0741195157 -0.0881114006 -0.0503853895 0.0456467196 0.133839384 -0.0682522431 0.137902454 -0.066150941 -0.0821902081 -0.0526916422 -0.0388261415 -0.140951887 -0.0580654219 0.0160880182 -0.0644595623 -0.0254756398 0.0830037147 -0.114953347 0.02624893 0.0018943738 0.132137477 0.155129388 0.115736581 -0.149954244 0.00941631012 0.0941173732 0.0655594319 0.102867745 -0.0143663315 0.00448258035 0.114669137 0.166308582 0.087823227 -0.0489932597 0.0897752866 0.053801816 0.100368693 0.0686710551 -0.0393117592 0.152426302 0.0389281325 -0.000128399668 0.0849654973 -0.0387653373 -0.111397482 -0.00933213998 -0.00426955288 0.0626976639 -0.0668125898 0.0503543764 0.113464616 0.0214129779 -0.0458190143 0.00909922831 0.0688518211 0.157115549 -0.142424732 0.0404634625 0.0436267778 0.134061515 -0.121443644 -0.0125750238 -0.00424348656 -0.0633869469 -0.0788511708 0.0490703993 -0.0606454834 0.156816721 0.00449502934 -0.133843169 -0.0563268773 0.0623125471 -0.0709347576 -0.0432673283 -0.114562862 -0.0280837975 0.0828000903 0.0389446951 -0.0628908426 -0.118900008 0.0244782977 -0.0517829023 0.101448879 -0.100819536 0.0886123702 0.117954507 -0.00937306508 -0.11204192 0.0220244173 -0.0374637023 -0.0764958262 0.000387194508 0.0640927553 -0.184682906 0.0610890053 0.114544928 0.0498152748 0.148921266 0.0648626462 0.0621358603 -0.0339810327 0.121220201 0.0520906299 -0.0508558154 0.0130332345 -0.0293723829 0.0259664897 -0.105233744 0.0352062806 0.146052435 -0.0444101356 0.098222442 -0.0408712104 0.0175003409 -0.0512290299 0.0342266336 0.119918756 0.0282392018 0.00236232136 0.101969242 -0.020650005 0.0831959546 -0.0728523657 0.114272311 0.0150868278 0.000329759234 0.128186911 0.0833003297 0.0862328485 0.0696089491 0.111103721 0.151123151 0.0179450195 -0.042631831 0.0543794818 -0.0686767101 0.0114513254 -0.0320722759 -0.0948330909 -0.0160935894 0.159749836 -0.153804719 -0.0172996242 -0.147611111 0.0282192975 -0.138471767 0.0176931806 -0.0707609355 -0.00935472175 -0.0324212052 0.0663248301 -0.17784819 -0.163639799 0.176078424 0.0427365117 0.130229682 0.0614116825 0.0293532703 0.0108459983 -0.0587191433 0.0109810764 -0.0416375846 -0.0307621732 -0.0480723791 -0.0815093368 0.048349306 -0.0904472992 -0.000871171651 -0.0330852196 0.0161868725 0.0688155591 -0.0541980602 -0.0526746213 0.110467613 -0.0169144608 0.1327582 0.105642714 0.0353522748 -0.019540675 -0.0703104064 -0.0196351241 -0.0633288175 -0.0141682066 0.00984947011 0.0747958943 0.036930535 0.0428153425 -0.0962144211 0.0748997852 0.147597507 -0.131405473 -0.153362572 -0.0967844054 -0.0792592466 0.0502308458 -0.186162308 -0.0507212952 0.158240199 -0.0238864403 0.0187313184 -0.0224229265 -0.150762826 0.0195215084 -0.0333249532 -0.124304861 0.0165216476 0.00679779099 -0.000724108017 -0.14960292 -0.0477370247 -0.0946277976 -0.0386360213 0.00127949053 -0.0734960586 0.0548656918 0.00281691132 0.175759375 -0.157216012 0.0312711634 -0.0644876584 0.0266419724 -0.0489331335 0.0040976475 -0.144662872 -0.0649164841 -0.132290557 0.0129635828 0.0537836552 -0.109646663 0.044581484 -0.0833729506 -0.0455243289 -0.0885206163 -0.134717032 -0.0236298554 -0.0843201876 0.142173916 -0.00144382764 -0.0827258453 0.0680701733 -0.00567665137 0.0208131075 -0.0382869989 -0.0306856856 -0.0288946293 -0.163248867 0.138791889 -0.162141874 0.0763595775 -0.0533811636 0.129572913 -0.0426574834 0.0599619225 0.110956423 -0.0805342123 0.0594558157 -0.121371239 0.075125739 0.0633288845 0.0310062226 -0.145019263 0.0308000501 -0.0140878921 0.117433846 0.0656008869 -0.108587973 0.119593099 0.0415159687 0.0475227088 -0.0259347651 -0.0179457702 0.0127439462 -0.0443008021 0.117284268 -0.122905977 0.0600262918 0.0901538134 -0.0403193682 -0.0308532156 -0.0220723432 0.0647595152 -0.145890236 0.0748100653 -0.0743189007 -0.00367828715 0.136474788 0.120584488 0.00702752825 -0.0727613866 0.0733849779 0.0330205113 -0.0866667107 0.0917566344 0.0596311539 -0.00286587188 -0.0598139018 -0.133266509 0.0734172091 0.0730535388 -0.0377972946 -0.0721354857 -0.164775819 -0.0208017994 0.0914569423 0.192833871 -0.0141020771 0.0312463921 0.0581612997 -0.139340803 -0.133233234 0.0981341079 -0.17355454 0.0206630267 0.044786565 0.137798607 0.0694830716 0.171739668 0.148718417 -0.177018106 0.0756009147 -0.111889169 -0.0547860041 -0.0543476827 -0.149644151 0.0425968505 -0.0377871208 0.0475095697 0.0401778184 -0.0249030571 0.041042462 0.0904147625 0.1401591 -0.107703075 0.00684898207 0.170671284 0.0380078591 -0.130455047 0.0763752982 -0.0618664213 -0.0498984754 -0.0713862702 -0.0599252544 -0.0516660288 0.166192636 0.101001263 -0.174466431 0.063052848 0.105375051 0.0980838314 0.189875543 -0.0553839654 -0.155639708 -0.0228265375 -0.0541661046 -0.0484380014 -0.180918202 0.0239865314 0.0325657465 -0.000586318667 -0.0310370829 -0.0191671625 0.0216836575 0.0323836207 -0.0378943793 0.0311455335 0.0148305278 -0.0411453769 0.0704018846 0.109343119 -0.0552829877 -0.0710533559 0.0558813438 0.00924018957 -0.00736708241 0.137857571 -0.152770385 0.0832130462 -0.0273169857 0.116470657 -0.0905401111 -0.0256009102 0.0842107162 0.0309974942 -0.0862200335 -0.0862190798 0.104643859 -0.183916301 0.00677008135 0.0537847467 0.00370565336 -0.0323159061 0.190304711 0.127374411 -0.00319897872 0.13083908 0.094983913 -0.173895851 0.0796553269 0.0893346667 0.0810111314 -0.076204434 -0.00935573969 0.0691521168 0.0517267995 -0.0792968348 -0.189742237 -0.0605553947 -0.0462473966 0.0265678074 -0.0039564101 0.140257776 0.0241794176 -0.0892324671 0.0994774848 -0.0549261272 -0.0413910821 0.0717629269 -0.0789307579 0.0694825202 -0.0224084929 -0.152412012 0.0981997699 -0.0260705333 -0.158896372 -0.0327539705 -0.119097091 0.0147463279 0.0225073043 0.0591159575 -0.0830531716 0.133099899 -0.0270931181 -0.0642994568 0.142365709 0.102820121 0.0519353598 -0.0025646647 0.14735423 -0.0263971984 0.185310289 -0.174577728 0.0719279796 0.00963478629 -0.122744106 -0.115491949 -0.00519809639 0.162281901 0.0507769361 0.0581332035 -0.122427389 0.139651075 0.07473737 0.112538911 -0.141228259 0.168464229 -0.109117337 -0.0622825213 0.112706348 -0.11150714 -0.0440718085 0.011591603 -0.126765281 0.0304672979 -0.169666678 0.0615814105 -0.0224191993 0.0713698938 -0.107874364 0.0166390743 0.0336184241 0.0363572687 -0.149546608 -0.155704886 0.0277892277 -0.159488067 0.0599796101 -0.0156027889 -0.180782378 -0.0159897804 0.082794331 0.0580492653 0.127894297 -0.00601216499 0.0996672362 -0.0376475416 0.0363061167 0.10771586 0.0783499107 0.0352535397 -0.00614386844 -0.134160817 0.0374940708 -0.112515613 0.186019316 -0.0789501369 -0.00402709562 -0.0312638655 0.0376636684 -0.0600921325 0.101193942 -0.177955642 -0.0392877534 0.0932413787 -0.0890376866 0.16511029 -0.110773161 0.149989292 0.120425515 0.00888914894 -0.00563590787 -0.136504322 0.0154639371 -0.0471045934 -0.0196668468 -0.143476203 -0.128572002 -0.0590605065 0.156520084 -0.190037191 0.0653989017 0.122655921 -0.105184801 -0.00924217142 0.132249922 -0.0940320864 0.0314699449 0.0203837194 0.111407548 -0.0410251394 0.142097935 0.0551969185 0.0182283837 -0.096870698 -0.0432447158 -0.0517135449 -0.0384507813 0.169749111 -0.170688018 -0.0405717343 0.0626618639 -0.0832478628 0.0505176559 0.122838967 -0.0311916061 0.0525186844 0.00260904501 0.0630674511 -0.182132244 -0.108028144 0.00926782377 0.0580482669 -0.023729302 -0.163664848 0.0120073333 0.130234241 -0.10566704 0.136158094 0.0320193581 -0.127054676 0.135536999 0.140985742 -0.122527055 -0.139647722 -0.0332380719 -0.0150581598 -0.141002029 -0.0123446677 -0.0669011772 0.114595331 -0.0954720527 -0.0264097657 4.33833557e-05 0.0296794344 -0.0220356062 -0.0197123699 -0.0502664819 0.0254754312 0.0576787218 -0.15405488 -0.087425746 -0.124347344 -0.0307508446 0.0248263534 0.189047039 0.061130397 -0.149468258 0.0973291397 0.0798993111 0.00738018658 -0.0144008314 -0.00118468818 0.123646684 -0.050906986 -0.011503187 -0.0836034119 0.0529860482 0.0269773472 -0.114670008 -0.0438870266 0.191237614 0.00472454075 -0.0697596148 0.0285951793 0.000445054902 0.0198773183 0.116158634 0.0346450396 -0.0258229654 0.173577562 0.0500206053 0.0333301537 -0.12072596 0.044671014 -0.0873335972 -0.0235714633 -0.15946883 -0.013453478 -0.157870144 0.108900227 -0.0160365179 -0.0513998196 -0.0459067635 -0.0157521795 0.0492805503 -0.0973589644 0.089153409 -0.0108383056 -0.0685637146 0.171540171 0.0947730839 -0.0579567105 0.111313768 -0.133637771 0.0792489946 -0.150964439 -0.0853500888 -0.0891669318 -0.0104529085 0.142180219 0.110533588 0.0412950329 -0.129473537 0.033458814 0.155114755 -0.0364322439 -0.151036575 -0.0194022954 -0.184910238 -0.0132015962 0.141647875 -0.0491482429 -0.0587571263 0.0373921208 -0.0957456306 -0.0629160255 -0.153379112 0.149174422 -0.143118978 0.128252923 -0.0626116097 -0.065306358 0.0508842133 0.153175488 -0.0793363824 -0.0161296912 0.0602094047 -0.0350426286 0.0757578686 0.0195080321 0.0269371234 0.116531715 -0.0174162649 0.00533370906 0.128496379 -0.109420262 0.194101736 -0.0265141185 0.0884595066 0.0148251811 0.0573733784 -0.0671223924 -0.0534533337 0.0935266092 -0.00453383895 -0.0342622735 0.186607048 -0.0569485575 -0.0527783632 0.175152019 -0.0784759521 0.0737921372 -0.00390251144 -0.00656818086 -0.0459446758 -0.0417366177 0.0437199809 -0.0784004703 -0.0691250861 0.121384822 0.0101950541 0.124653518 0.131932244 -0.156070381 -0.0362264328 -0.055033613 0.135264486 -0.0405667573 -0.12204022 -0.0595078506 0.0945890471 0.0103734378 -0.0222206004 -0.00130603067 -0.0912547633 0.036235936 0.124914505 -0.0419212207 0.0886060819 0.0409220308 -0.0339923017 -0.168472782 0.0367302448 -0.0532753021 0.0949860066 -0.0258849412 0.0592531599 -0.137464538 0.154613778 0.0158893354 -0.0826330632 0.11257875 0.0677627623 -0.0293923896 0.11088337 -0.097706072 0.00832846947 -0.0649517328 -0.0683926195 0.0553370006 -0.0626275092 -0.0270034652 0.069414109 -0.0350046754 -0.101573266 0.0888631642 -0.129058301 0.1545472 -0.14241682 0.00381735992 -0.0854389668 0.0229486655 0.012246903 0.0936966836 0.0803749859 0.0957035944 -0.072547026 -0.0303194895 -0.0560919866 0.0738828853 0.0780651569 -0.0515759289 -0.0273352787 0.0764641762 0.0855175033 0.0160721615 0.0832041055 -0.0634838864 -0.0138675151 -0.0116225053 -0.11421077 -0.0864655599 -0.0982477888 -0.0333454758 0.0982113257 0.10891854 0.0653183162 -0.00458794646 -0.0576934628 -0.101150423 -0.00654706685 -0.102184668 0.0255773067 -0.0630796254 -0.0217515938 0.0649731085 0.122689806 0.0758138597 0.0514101051 0.0235336274 -0.0448218398 -0.059217263 0.0724983141 0.0348234698 0.0663668215 -0.0958756804 -0.080264166 -0.117075473 0.0268442184 0.056607157 0.0533224419 -0.0364244208 0.105646849 -0.00748981023 -0.0806688815 0.110510036 -0.125023261 0.0459290259 -0.10820742 0.0615145229 -0.114285596 0.133515522 -0.0136660077 -0.0837897882 -0.0497851074 0.059514489 -0.115963921 0.0100943996 0.0692490414 0.0901858956 -0.0501093864 0.0337247737 -0.0434788428 0.0537127405 0.0778042227 0.0423110649 -0.170890838 0.0662207752 0.0264278259 0.0202604122 -0.104047492 0.0610988662 -0.12130525 -0.139706835 0.0515787415 -0.0149461664 -0.103973679 -0.162158325 -0.00670759799 0.00066164392 0.143187836 0.010812087 0.00974229909 -0.0310794357 -0.038732104 0.0967935175 0.13856028 -0.0617340654 -0.0525606871 -0.0808346719 -0.00972732902 -0.0856093243 0.12664412 0.0306201223 -0.0196706578 -0.020533856 0.0859297067 -0.0682556927 0.05399625 0.0461326428 -0.100679629 0.118924476 0.145405397 -0.0643739551 -0.033625368 -0.0104004983 -0.0676404983 -0.0921233445 -0.0234135818 -0.0994172245 0.0535447299 0.0781811848 -0.116835192 -0.122614637 -0.14776215 0.021607697 -0.0405036919 0.101986468 0.00983581506 -0.0148456451 -0.0374644548 0.0277611632 -0.0134337321 -0.043280825 0.124779902 -0.0785352588 -0.00206269231 -0.00100953819 -0.0935392156 -0.0640943125 0.0423911512 0.174998015 0.0349908695 0.0837605819 0.108113989 -0.0892336667 -0.0425699092 -0.027189659 -0.0657018423 -0.0839026347 -0.0390153937 -0.000955427124 -0.0216555595 -0.0726465359 0.0638585091 0.115348838 -0.152055845 0.0645922273 -0.083011277 -0.00388553063 0.0782300383 0.126836702 0.171025455 0.00833787862 -0.03143543 -0.0497372448 -0.0202930886 -0.0733785331 -0.157337353 -0.146322519 0.1494001 -0.00346780196 -0.136012241 -0.0234407652 -0.0783820823 0.0224311575 -0.0622010902 -0.103337765 0.0611774921 0.15262644 0.00817690138 0.0266602878 0.0539605096 -0.0110289436 -0.112378739 0.0868873969 0.0189521462 0.0427769944 0.0241946634 0.0465479456 -0.0299657974 0.108917177 -0.0523490608 0.034985844 0.0159161147 0.000872376782 0.146160036 -0.0192757864 0.0988347754 -0.0386024415 0.175076142 -0.147815302 0.0729939565 -0.0562596433 -0.0395634994 -0.187985674 -0.0042210659 -0.149942115 0.0233749356 0.152318284 0.0724901706 -0.0317925513 -0.0655127317 0.00417407881 0.0808665007 0.0557138026 -0.0578813255 0.0184958428 -0.0471881963 -0.178480342 -0.0441883132 -0.1565312 -0.00366744865 -0.040585652 -0.135559544 -0.157766283 0.00851537194 0.0181732215 -0.0253486037 0.127746478 -0.167051435 0.0645764694 0.17902483 0.00790845603 -0.101203725 -0.0326607451 -0.0199756511 0.0439868383 0.0242713466 0.0650488138 -0.105730735 0.0228993744 0.1782846 -0.118963219 0.129124895 0.0410971902 0.16305387 0.0211614277 0.0980332494 -0.0755216256 0.109232567 0.132756025 0.0196885597 0.0360592268 -0.0327739678 -0.0478249416 -0.0206760615 0.175994813 0.042240534 -0.0394570827 0.11239849 0.0372720808 0.0910269171 0.185649753 -0.0115155969 0.0693745613 0.147314101 -0.157431096 0.136604324 0.052567035 0.0796199068 0.00986147672 -0.00979699288 0.00942855608 0.104173265 -0.0216765963 -0.162379608 0.0863665119 0.178946525 -0.0518952981 -0.0890662149 0.0704328939 -0.0154398782 -0.0753576532 0.183964998 0.0174270831 -0.0111232735 0.0752108917 -0.162784547 -0.162467718 -0.0283374265 -0.0163807794 -0.16466628 -0.0374415889 -0.0961084068 -0.0339500122 0.174188793 -0.00725509226 -0.027622357 -0.0773040354 0.148560688 -0.0785924345 -0.0304259285 0.0491037108 0.0361450836 -0.00727687962 0.167592302 -0.154248223 -0.0237440448 -0.00522279786 0.00700634765 0.112313032 -0.0189373754 0.127881333 0.174519151 0.0760692731 0.158990487 -0.0465746745 -0.0477335975 -0.0678122416 0.0846304595 0.0133829685 -0.0192411337 -0.0182725172 -0.0180538017 -0.0755700022 0.015187717 -0.122581027 -0.0112377163 0.0161464233 -0.0946038738 -0.0483321734 -0.122248612 -0.0173956845 0.101194046 0.0346729606 -0.0605192557 -0.15249601 0.0242614914 0.0784634277 0.0223813448 0.0774828494 -0.0513682701 -0.151981235 0.0980015397 -0.153873965 -0.0228391029 0.0116371708 -0.0588575825 -0.0398884378 -0.00180060463 -0.129777253 0.00272150151 0.060697671 0.0960755944 -0.13841556 -0.0055151796 0.0839232057 -0.0765696093 -0.065914385 -0.157754093 0.0463047326 0.0501908734 -0.0686494559 0.0601275377 0.139084131 0.0467051454 0.0222276971 -0.0447163284 0.00836225599 -0.001496893 0.0196626373 -0.000590801996 0.0993149579 -0.0463945828 -0.047277879 0.0754915252 -0.151264936 -0.102382556 0.00864553172 -0.162497476 0.077283062 0.0550971664 -0.0935382321 -0.00682136277 -0.121817335 -0.000363827567 0.00781055726 0.00664459169 -0.0303842314 0.104573652 -0.150896639 0.0112108737 0.0659734383 -0.136603355 0.116480172 0.00610975735 0.0547120012 -0.0853353217 -0.0036391227 0.0296355058 -0.102772295 -0.0459640026 0.0497607775 0.13179481 -0.0385927111 -0.175205529 -0.122011431 0.155754596 -0.117593005 -0.023589164 -0.0205909014 -0.107162654 0.053919971 0.0960915089 -0.114246339 0.00744187459 -0.00414440036 0.0554516241 -0.0896837041 0.123932526 -0.100239769 0.0655107126 0.00605873577 -0.090177007 -0.0604321547 0.126127288 0.105691835 -0.0273618773 0.124905817 0.0100554908 -0.00150930916 0.103869982 -0.0682102069 -0.166889489 0.0727508366 -0.0424405672 0.0800644308 -0.0875461474 -0.0814096853 0.00905736536 -0.11797832 -0.0225231145 -0.117015548 0.0214039721 -0.0867891982 0.0341216438 -0.00741984369 -0.194830924 0.155262306 -0.0817311704 -0.0502579138 -0.0241991933 0.0532223433 0.0423158742 -0.0128540602 0.133041307 -0.0387293845 0.173399687 -0.100496277 0.00825885125 -0.0502465107 -0.0182034466 -0.189595029 0.0726707354 -0.0268082097 0.0512180775 0.0174971595 -0.13512297 -0.0257131532 -0.0426382385 0.118351094 -0.00818664767 0.182846591 -0.0672399104 -0.0423352271 -0.0355501138 0.0424219929 -0.0909082443 0.0364642888 -0.128923342 -0.143838376 -0.16092208 -0.0182739459 -0.0414355174 0.0477537327 0.0297153182 0.0156102525 0.136830017 0.0253916569 -0.0215052757 -0.0703936443 0.00642034318 0.0348896533 0.0194273684 0.10317608 -0.140127525 -0.0118235284 -0.00290139182 0.0501708686 0.124888808 0.0691024587 0.0140400194 0.155521825 -0.0206311885 0.018229261 0.124224558 0.0218617581 0.147273943 -0.0098858159 -0.0862768143 0.0255198162 0.111622237 -0.128666744 0.0830379874 0.025421191 0.0356512591 -0.15720281 0.022097325 -0.0451902822 -0.0439754985 -0.0455008075 -0.055843249 0.158320948 0.00402176846 0.142418101 -0.102072082 0.13361156 0.00615233136 -0.158330366 0.0438807569 0.0864105672 0.138887733 0.074001193 -0.0131202219 0.0370664485 -0.0222226903 -0.0370415971 0.155708417 0.156371608 -0.11001756 0.0590634085 0.126476198 -0.0150776748 0.115952581 0.129504487 0.115792669 -0.168082461 -0.00883807242 -0.0508703738 0.0269127339 -0.0672158599 -0.154385731 -0.108230151 0.0753061101 0.173309624 0.0293214303 0.11830429 -0.0658517554 0.0869899318 0.155559897 0.0168910716 -0.154287845 -0.0349499434 -0.0129951593 -0.111622714 0.015113689 -0.135682404 0.0959684625 0.0132622905 -0.032941848 -0.0339383259 -0.15556933 -0.0614952631 -0.0531161018 -0.00282724807 -0.0758114755
tensor gate_encoder.0.bias 1 32
0.0495764874 -0.0939365178 -0.0629895702 0.207328215 0.159649238 -0.089492552 -0.178786993 0.0586549826 -0.0682933033 -0.0328132436 -0.0232695919 0.103189975 -0.017518539 0.169935033 -0.0806756914 -0.165403649 0.0222572163 -0.00317034149 -0.00402144808 0.00729732541 -0.0703841373 0.145895958 0.0334299542 -0.106847949 0.0106578227 -0.0156064872 0.0948276222 0.146374822 -0.167442799 -0.201198652 -0.000920861901 -0.115828879
tensor objective_value_embedding.weight 2 32
0.224585995 0.389815927 0.141809598 0.798574388 -1.35329795 0.162060872 -1.80961442 0.505475402 0.565782309 1.71926343 -0.237152502 0.0175243095 0.618450105 0.603698909 -0.163168564 0.97196722 -1.49135649 -0.914180458 1.24221337 -0.698454022 -0.128865033 0.44245258 0.314857632 -1.28188312 0.153854728 0.371101379 -0.249951243 1.39010632 0.97998637 -0.82043153 0.474605083 -1.05163193 0.767705858 -1.157601 -0.102060825 -0.283721685 0.859406114 -0.486248583 -0.285755187 0.0701305717 -0.892551124 0.915110767 0.540627956 1.70835733 0.45480597 0.430722326 -0.477633923 -0.665349185 -1.06949234 -0.687604904 1.29560423 0.184641123 -0.248852417 1.26259005 -0.754459321 0.787840426 -1.48041558 -0.458669364 0.758544981 0.14949654 -1.97631216 -0.398367345 0.137474149 0.038935516
tensor backtrace_actor.0.weight 32 32
-0.156021133 -0.116418242 -0.0739311725 0.124951355 0.138246983 0.0211207699 0.020158615 -0.0299703032 0.167427495 -0.054609552 -0.123856634 -0.0828571692 -0.0254177041 -0.228749841 0.0875146985 -0.0101846112 -0.049825009 -0.118735887 -0.145430252 -0.0468961559 0.137649193 -0.0387782715 0.0413697325 0.0839990526 -0.136569589 -0.0885823444 0.00672269333 0.00667741848 0.0507930778 0.206954584 -0.0526922271 0.048951719 -0.190784156 -0.102770589 -0.150612578 0.0472847596 -0.0927719474 -0.122863308 0.124708146 -0.0746708512 -0.11127729 -0.050930135 0.0496969 -0.0959747657 -0.0410081334 -0.0606308766 -0.116991989 0.0510473847 -0.00438822433 0.124273486 -0.172154471 0.183164358 0.0164559558 -0.0474242568 0.084142372 0.0127646327 0.0605936795 0.172308281 0.0462714694 -0.0579630136 -0.0740631521 -0.0688522309 -0.0163677894 0.170196414 0.196532905 -0.0101308171 -0.0461570024 0.0242978223 0.0495281965 -0.199716151 -0.0930849165 -0.0688840151 0.125537008 -0.118845202 0.0308657531 0.0344283804 0.0666791275 -0.0597310141 -0.0708641782 0.11170958 -0.103643775 -0.0714754239 0.103760593 0.0880546719 -0.131865859 0.195147768 0.127280369 -0.0951166227 0.140245631 -0.154906631 -0.124601282 -0.0647393093 0.0445446 -0.200557411 -0.0374558046 -0.0571778975 -0.128415585 -0.022907082 0.0810497627 0.0547261499 -0.0860599503 -0.094719097 0.0662666708 -0.153793707 -0.000515435007 -0.0774234757 0.0634109676 -0.0917228013 -0.206714272 -0.0374983028 0.0949170068 0.133489892 0.128314689 -0.0453486815 -0.0522185601 0.0206072032 -0.09505523 -0.116838329 -0.0470582955 -0.024731217 0.00226004794 0.015957335 -0.00465678377 -0.120357618 -0.0249398295 -0.0156653859 -0.112605117 -0.133602455 0.00864907354 0.00112723012 -0.0549164116 -0.101649687 0.176496506 -0.0145648075 0.0598906763 0.00547589036 0.0450188033 0.0527767576 -0.0310897157 -0.103549838 0.0891569182 0.146948516 0.0115229841 -0.176785767 0.137454852 0.0386029854 -0.0987389833 -0.0385579579 -0.0431445241 0.00317700976 0.0316623598 0.146405205 -0.112353526 0.00609416841 0.128413826 -0.0370988287 0.0443279557 -0.05458856 0.134081617 -0.221803248 0.0629310459 -0.0759140402 0.16603671 0.0308625381 0.0540525056 -0.0474394076 -0.0252035465 -0.0533975959 -0.185039192 0.0720288232 0.150777996 0.178533435 -0.071202442 -0.0281186365 0.0917918459 0.14932096 -0.0470017083 0.0610568114 0.127920702 0.105793849 0.0422474109 -0.0277713314 0.135819048 -0.133937523 -0.00478003919 -0.107273296 0.141581848 0.116046645 -0.117781319 -0.194885999 0.189374328 -0.20835197 -0.130793005 -0.00642071664 -0.0840873122 0.18010138 -0.0442900695 0.14899379 -0.0429236516 -0.133023083 -0.0209836643 0.129977912 -0.0495111011 -0.00862312037 0.034241464 0.209648952 0.0523195714 0.0521176271 0.0870078728 -0.0537229069 0.139837295 0.089629896 -0.0483164489 0.00452423794 -0.163137779 -0.140521482 -0.148487523 0.0901826769 0.087335676 -0.0334818959 -0.116152845 0.0807118341 0.0476211868 0.139744997 0.0308773853 -0.145835146 -0.101385847 -0.135758147 0.107280411 -0.075514026 0.105088353 -0.0375363566 -0.106174275 0.0717149898 0.00823711883 0.197244778 0.163557097 0.0955769643 -0.189386293 -0.0419741049 -0.158405364 -0.0830195695 0.136432722 -0.0256733447 0.0040188157 -0.0634469241 -0.0279996339 0.151799992 0.0711753815 -0.124494046 0.114169747 0.0808234811 0.0866729319 -0.205064982 0.0797587112 0.139669701 -0.121369153 -0.0628846958 0.110987477 -0.0112117026 0.00182098243 0.0190382879 0.0758797377 0.0144868623 0.0103293099 0.0475219227 -0.106406659 0.199598074 0.0788241178 0.00710334815 0.0948476642 -0.122088708 0.109221458 -0.199560493 0.162529126 -0.0250362232 -0.0209903847 0.0707207248 -0.0608815961 0.0128933415 0.0948441401 0.101977311 0.0162592772 -0.0822253525 -0.121317804 0.0843120143 -0.130855754 0.0309265126 -0.145809665 0.0683121458 0.151688814 -0.140104547 -0.162783146 -0.10699825 0.0613839738 -0.122958541 0.168275684 0.0508445688 -0.172773764 -0.0206651688 0.019216856 -0.151973113 0.204594821 -0.0623702444 0.0379724428 -0.102436453 0.13788031 -0.0611067079 0.135834962 -0.0616302416 -0.0124434382 -0.0701536387 0.0610120706 -0.0929477811 0.000284198264 -0.150857568 -0.147937328 -0.060905505 -0.111647822 -0.132201836 -0.133055359 -0.0572661273 -0.122772127 0.180731997 0.0249662232 -0.0847977102 -0.0813986808 -0.0525433421 0.0383916795 0.0850854963 -0.131673336 0.183947891 -0.107500196 0.174544871 0.0390829332 -0.0254383162 -0.0451491736 0.0229554716 0.183312044 0.102325752 -0.059964817 -0.0317973234 0.0139766252 0.0906444788 -0.0932148248 -0.0645017773 0.15683724 0.142882109 -0.0156747308 0.00574720837 0.0487745404 0.0764689818 0.0777320787 0.00015705316 0.13465035 -0.0676762387 -0.120466098 0.00138528703 -0.11460837 -0.0214251373 -0.148635134 -0.218721837 0.0926215202 -0.0537161306 0.0557631813 0.0924756974 -0.122058965 0.05173954 -0.099545151 0.00827783905 -0.0864500627 0.191345632 -0.0879534632 0.0834023058 0.14269954 -0.133162677 0.18422775 0.178544864 0.0900332257 -0.128278032 0.176160768 -0.0477344282 -0.159998715 -0.0758698508 0.0481672287 -0.0647770986 -0.157513902 -0.0560148954 0.108249158 0.205124676 -0.0491916277 0.015527145 -0.105607152 -0.0149872331 -0.113861546 0.0584515333 0.0369294249 0.0151059311 0.0647874847 -0.0183655694 0.0725786611 -0.13450788 -0.0214158278 0.169514239 0.136482701 0.0165931601 0.103290252 0.117529757 -0.0578702055 -0.114675626 -0.110943645 0.1211918 -0.030264331 0.199641496 -0.158716291 -0.0679987445 -0.106512256 0.132665142 -0.11011029 0.0309798233 -0.0535051264 -0.0851342157 0.175210983 -0.0316620395 -0.0419617519 0.0655966103 0.0985302925 -0.0450187922 0.0718423128 0.000627604604 0.162452623 -0.0296984091 0.144960374 0.151518106 -0.116317332 -0.049640134 0.109379977 0.0720808133 0.0267620012 -0.0686146542 -0.00486144144 -0.0452310406 -0.115099661 -0.219476283 0.0136444261 -0.0421267897 -0.100171708 0.0761394277 0.0707943439 0.122274786 -0.169019327 -0.0661109686 0.0959903076 0.0758246556 0.127212569 0.210165009 0.107278667 0.167496413 0.157811657 0.181924239 0.0818203017 0.140453711 0.0634447262 0.0593823865 -0.0420651846 -0.169247016 0.140691459 -0.0149353128 -0.149165303 0.172596782 0.026615845 -0.128549412 0.0778540596 0.0369360931 -0.0546600521 0.134855881 -0.00748537574 -0.027702406 -0.140678599 -0.194156289 -0.181894764 0.13674356 -0.109842449 -0.150895029 0.0735558048 -0.142691493 0.149707183 0.0210522823 0.124297671 0.0873036757 -0.0681806356 -0.0392471738 0.0685986578 0.0841137394 0.183653742 0.0417530797 0.00177367369 -0.000174279296 0.0423765555 0.069517903 0.0431574844 -0.0687909499 -0.149413958 -0.0517236143 -0.102117062 0.181292981 -0.118153319 -0.0224416237 -0.029670611 0.134455711 -0.197465345 0.175586164 -0.101910338 0.110224649 0.0456014611 -0.110535309 0.156008944 0.129001305 0.00916482974 -0.0944895744 -0.0680501685 0.106679812 0.0559427366 0.0895318612 0.15609464 -0.0341025293 0.022111496 0.10849613 0.119961217 -0.181257188 0.136896089 -0.197186887 -0.0546913892 0.142956257 -0.111231357 0.141415954 0.0250854809 -0.158994451 0.0316134468 -0.0440742075 -0.176300228 0.102792561 0.139659271 -0.079910934 0.00891888421 0.13398914 0.0749973208 0.175183371 -0.147070885 0.0794766694 0.0911852345 -0.11318174 -0.173309639 0.197182879 -0.0838201195 -0.104358263 0.0264447462 -0.0819346011 -0.0470845439 0.167091608 0.133080974 -0.0270447116 -0.0864465684 0.0596015416 0.0407219008 0.0486435816 -0.133218408 -0.115032725 -0.0674607828 0.121221259 -0.107109927 -0.140786737 0.144533053 0.0824344531 0.0249073952 0.0205696113 -0.206062883 0.00166961225 -0.156789035 -0.144613236 -0.026432097 0.0816315636 0.196429402 -0.126826957 -0.0472531393 -0.101155877 0.076110296 -0.00193240284 -0.214145258 0.0272009876 -0.0995942131 0.0217475258 0.0377591066 -0.11675556 -0.0662997216 -0.0528731719 0.102311142 0.0773774534 -0.110147342 0.108825326 0.159874514 -0.0299853478 -0.14107953 0.0431937985 -0.143452585 -0.109327413 -0.0637458265 0.157353327 -0.113358766 0.150974676 -0.181819856 -0.0147955567 0.00963713508 -0.034357097 -0.186000943 0.0614195429 0.116594426 0.0513089262 -0.114353582 -0.00841602497 0.0870413259 0.0799242333 -0.1636011 -0.00798183959 0.0908875093 -0.0262882058 -0.0192611087 -0.0764400661 -0.206418112 0.192686811 -0.0151294097 -0.0911276564 0.11786674 -0.0764503106 -0.0239697341 -0.118334152 -0.0916759893 0.10346172 -0.0426787734 -0.0282353237 -0.113057688 0.102373369 0.176952749 -0.0436671823 -0.146273136 -0.11796727 -0.0870202705 0.139178991 0.186519057 -0.0230833068 0.130169958 -0.0773509964 -0.0479227528 -0.018683482 0.0548306741 -0.144582614 -0.0235549696 0.0586043596 0.0620097928 0.157958433 0.148744375 -0.0614255816 -0.146898195 -0.123564057 -0.0894185156 0.0593896024 0.0170631409 0.0825251713 0.1749136 0.220457867 0.0691744238 0.20969893 -0.0317765102 0.0422825068 0.0830376372 0.018149551 0.0153344627 -0.124872349 0.0116131622 -0.0624844991 -0.108871169 0.0292729177 -0.00627126638 -0.0307319257 0.0958793908 0.210570022 -0.0581329986 -0.0515415445 -0.167783469 -0.131997019 -0.0779937208 0.0595985912 0.0999886394 -0.0348666832 -0.0175990798 0.143097177 -0.115764841 0.106320485 0.164895266 -0.0107136546 -0.172560513 -0.105759203 0.21342878 0.0269452799 0.105723567 -0.0150253698 -0.168956369 -0.108753249 -0.0429846756 0.0927862003 0.0296600368 0.101877719 -0.034253411 0.0468073264 -0.0818445757 -0.0606251769 0.186568528 0.161291525 -0.162474558 -0.00245814794 -0.0506792404 0.125180051 0.112107433 0.0247234944 -0.110278986 0.156647116 -0.187129691 -0.0397910252 0.0548260286 -0.0266145114 0.129243791 -0.0821298659 -0.143267572 0.0569232255 -0.0630304515 -0.0161890369 0.0886164755 -0.0608858839 0.0496640801 0.184790894 0.0592686459 -0.0980209336 -0.146292135 -0.150560036 0.167878091 0.12015795 0.0498697013 0.0700817853 -0.104865931 -0.0226760749 0.078311868 0.0445067212 0.140167892 0.0981446132 0.13940461 0.15879941 -0.058387015 0.0589627028 -0.161394998 -0.156854793 -0.165095061 0.174042642 -0.108737066 0.0549546778 0.0087703215 -0.170967638 0.0886865929 0.125446767 -0.0201148875 -0.10782712 -0.0773147643 -0.0670885295 -0.113372527 0.120925866 0.0702111647 0.00137174025 -0.110955611 -0.083696343 0.149664372 0.0719731301 0.132791474 -0.195300832 0.00408101082 -0.0715778694 0.0356667526 -0.0389594398 -0.00153148908 0.0850497186 -0.0502613746 0.0294184685 -0.0979094356 -0.136692986 0.0322399326 0.137421399 -0.0741601884 0.132718787 -0.0732512251 0.0548847616 -0.085281305 0.000628884649 -0.12767908 0.13281922 -0.0533348173 -0.00274031656 0.0489462577 0.0288799852 -0.127051979 -0.0204483178 0.0907988995 0.187035426 0.0123378625 -0.0555908605 0.183737308 0.163275346 -0.196642056 -0.169081375 -0.152995378 -0.0826616213 -0.129498973 -0.0415207818 0.0634780601 0.160752878 -0.0399702005 0.173060834 -0.0493654869 0.0178564284 0.138035551 0.0592597015 0.0663226917 -0.162012532 0.11029429 -0.0140920011 -0.117356867 0.151596993 0.171252251 0.102044098 -0.101919658 -0.169622824 -0.185808048 -0.00182219234 0.039044641 -0.142952397 0.0303482413 -0.104479365 -0.0360323116 0.0401125625 -0.167996466 -0.0682277158 0.0344987474 0.08566311 0.0145121859 0.0317726173 0.0312547684 -0.0747516975 -0.0836096928 -0.0459911339 0.065930225 0.058197625 -0.122787379 0.0140161188 0.056740988 0.058350835 0.188002408 -0.117745876 -0.0232261736 0.108912423 0.0189292263 0.0132850325 -0.185081705 -0.00417181943 0.102029674 -0.0928709656 -0.134592131 -0.2150307 -0.0236435328 0.100469783 0.0550500751 -0.128284752 -0.00608335156 -0.00180837 -0.0616422296 0.212643832 -0.203858986 0.0400250182 0.215847 0.0786760151 -0.016069483 0.0986942872 0.17554684 -0.118812948 0.112743489 0.0488985702 -0.0343588032 0.163536146 0.0673911422 0.0952271149 0.0317445919 -0.0363008194 0.128305361 -0.0883139744 -0.0119621744 0.196578249 0.167538002 0.0462267175 0.0431819521 -0.136724293 0.142730311 -0.194859579 -0.133882701 -0.0842321739 -0.0330850706 -0.0686747208 0.0196782444 -0.0324091874 -0.10758628 -0.0935396403 0.19807975 -0.154335544 -0.0766812712 -0.0331569202 0.138339281 -0.146650806 -0.0904548615 -0.0921269953 -0.111827604 -0.0466815531 0.0409676842 0.0333897695 -0.0030176146 -0.124540448 -0.0331929214 0.0867696404 -0.0848115236 0.0210780613 0.146120772 -0.123392642 0.0106364433 -0.194925383 -0.0882977694 0.0806863159 -0.122930899 0.0528537445 -0.0813826397 -0.116577931 0.136882633 0.198032573 0.0119316895 0.157755122 0.101730198 -0.0609510541 0.144537807 -0.0354285091 -0.00468071783 -0.0218352564 0.0463492833 -0.170692131 -0.072942093 0.00352316443 -0.205136195 0.0907635614 -0.0687502846 0.00500524603 0.0125865676 -0.0361306295 0.064058505 -0.139043391 0.208012983 0.07802663 0.0326460861 -0.193449259 -0.0196473394 0.144856185 0.025097819 0.0856450945 0.164171264 -0.0880569965 0.000433184905 0.0664455071 -0.0123813096 -0.117557146 0.137014896 -0.192782074 0.166230559 -0.160220072 -0.0797399133 -0.103789017 -0.0657181889 0.0945261344 0.118747741 0.0619136803 0.0502391867 0.164390281 -0.0161297396 0.0284284446 -0.0796430781 -0.000539932167 -0.0602981746 0.169742808 0.0346755497 -0.0631738454 0.086419709 -0.183892742 0.0818062127 -0.167059734 0.0749294385 -0.171036333 -0.0928465351 -0.0982422903 0.128856972 -0.0626628622 -0.118938804 0.174932107 -0.0899664313 -0.0241678208 0.0673175305 0.157966182 -0.0407651812 -0.141108796 -0.0994281545 0.0435516797 -0.109147564 0.216106296 -0.0138024287 0.155084357
tensor backtrace_actor.0.bias 1 32
-0.140196443 0.111580119 0.0993692949 -0.161229774 0.000133819573 0.106058873 -0.0622474886 0.163073242 -0.0494571067 -0.177736223 -0.0240109153 -0.0768009499 0.0413818061 0.0561761037 0.0121902442 0.0887268335 -0.0993725657 0.180637494 0.0277195033 0.192909032 -0.201622427 -0.107704565 -0.0497783311 0.101942874 0.0575028658 0.196547434 -0.0140241291 -0.140977472 0.123776414 -0.131047398 0.0790358335 0.0723808035
tensor backtrace_actor.2.weight 2 32
0.0786381215 -0.166404262 -0.0872839838 -0.185424045 0.102557801 0.138413697 0.165409654 0.0825268552 0.0316301063 -0.0654574856 -0.034602128 0.00527943531 -0.0476080775 0.0670999438 0.0601779222 -0.201144442 0.11365176 0.040119011 -0.0494786762 -0.023357857 -0.158039004 0.130782515 0.0216063634 0.14727731 0.1184453 -0.068326205 -0.00147804827 -0.108872667 -0.20900929 -0.193736628 -0.196837902 -0.0713883489 0.192872927 0.210904494 -0.198787168 0.149263978 -0.0787807181 0.0221756436 -0.0493099689 -0.0751561895 -0.0603035986 0.158073425 -0.209414527 0.18284145 0.0422348604 0.207839236 -0.214887947 0.0995203704 0.0770768151 0.034952689 0.0767995119 -0.164566904 0.182863325 0.01818428 -0.144294068 0.115268268 0.122769378 -0.213346496 -0.0580028221 0.0270537175 0.00120699091 -0.104416177 0.176810816 0.0579729974
tensor backtrace_actor.2.bias 1 2
0.136729777 -0.0887367353
end
