SMARTATPG_ACTOR_V2
embedding_dim 64
hidden_dim 32
tensor gate_encoder.0.weight 32 64
-0.055408556 -0.0534343757 0.0481359921 -0.114912249 -0.12341316 -0.0174490716 0.0781975538 -0.124832764 0.0585454889 -0.108338952 0.0503026955 -0.0605493523 0.0329274684 0.0427392162 -0.059553083 -0.0341023877 0.13297604 0.0443476737 -0.0100019267 0.122683696 -0.017627839 0.0802528486 0.0419527553 -0.0158576854 0.0880371481 -0.0687774569 0.0742034018 -0.0232876297 -0.0511202849 -0.0921517387 0.10156671 -0.0247101393 0.0763622671 0.0149641167 -0.0890387148 -0.00258142082 0.0569715537 -0.0170157328 -0.014336328 -0.00896095391 0.105484493 0.0150721949 -0.121959724 0.00652774563 -0.0713849962 -0.0760623589 0.00510360627 0.0867060348 0.00342999492 0.0770706832 0.00623712456 0.0997911021 -0.0999267101 0.0257789809 -0.116392359 0.0225140285 0.00662831124 0.0209468249 0.0760966018 0.063060075 -0.0858423859 0.140667081 0.0884204283 -0.013614581 -0.0552230626 0.0144492481 0.00680624554 -0.125905439 0.0982971042 -0.0138096604 -0.103556179 -0.0271064602 -0.0929062143 0.0147026498 -0.0257620178 -0.0664981306 -0.127607465 -0.0172180478 -0.0393747352 -0.0478019454 0.0381912142 0.000129888431 0.0516064167 -0.110267527 0.0946622863 0.103075832 0.0388442948 -0.0145983491 -0.105940662 -0.0433318242 0.0733663142 -0.0730261356 0.0475851074 -0.029216012 -0.113022245 0.0874470025 0.060898982 0.0226515997 0.0245660264 -0.103072904 0.00190167932 -0.0632176846 0.0979403332 0.0591852106 0.0313698389 -0.0186493807 -0.0928278938 -0.0340138152 0.077761963 0.136117339 0.0631764308 0.0627936423 -0.0872506425 -0.0465536937 0.0199165754 -0.089137122 -0.0804252252 0.130747601 0.00125771284 -0.0395820998 0.00846200809 0.0640076101 0.138199911 0.0498784594 -0.00228924537 0.078492485 0.0714561269 -0.00444833934 -0.0729289055 0.0277466886 -0.0782693177 -0.104007982 -0.0731400922 0.00946339499 -0.0861310512 0.064870663 -0.115501203 0.0865228623 -0.0033283704 0.0212181155 0.0783948898 -0.0957600474 0.0114022167 -0.0268313456 -0.0968074277 -0.0126020927 0.0945149884 -0.0682305396 -0.00838277675 0.0864516124 0.0568395033 -0.030904362 -0.0466881469 -0.0124833677 0.0360511616 -0.0353864096 0.073435612 -0.0989755839 -0.0236704908 -0.0177551638 0.00628040265 0.00111450464 -0.122716352 0.0357956178 0.0140260346 0.0797470286 -0.0476778373 0.0925273597 -0.0119188931 0.0915390402 -0.105062857 -0.157934576 0.034162879 0.0124482512 -0.0356493257 0.12692894 -0.0786576942 0.00633676397 0.103823952 -0.0727385581 0.125625432 -0.073710911 0.0677411854 -0.10772641 -0.0657811016 -0.0149779087 0.100806989 -0.0802421197 0.0611076951 -0.0500305258 -0.015808709 -0.0412549414 0.0898941532 0.0948609635 0.0678121299 -0.113752522 0.149189472 0.0923283398 0.0948966965 -0.0619097017 0.0187268052 0.0793204531 0.0233435556 0.0576764382 0.0349356942 -0.0336860009 0.0916874632 -0.0630619898 0.0987865776 0.0138475774 0.0116697876 -0.0305800084 -0.0200859644 -0.0516890846 0.0695015565 0.0300909467 0.113006726 -0.0413148701 -0.0897258446 -0.0905776769 -0.0994363278 0.0462568253 -0.0290214624 -0.0690784827 0.0598663166 -0.0550982393 0.0149258571 0.0326158181 -0.0580018982 0.095116213 -0.00316068693 0.0239822026 -0.0766517818 0.174539015 0.0503930524 -0.0131208943 -0.106031552 -0.0220253952 -0.0915644467 -0.119246535 0.0212276578 0.0202418044 0.156307608 -0.118892312 0.0566996634 0.0533377305 -0.0493518263 -0.0436839983 -0.115198024 -0.0609531291 0.0881602839 0.0888246819 0.0144352131 0.123388864 0.0847902223 0.00520010106 2.96475828e-05 0.110942714 -0.0227342602 0.0519205742 0.0533488989 -0.0829950348 0.120754324 -0.044410456 0.014213738 0.111323297 -0.0391960703 -0.09091153 0.0099214036 0.00412070751 0.0873567164 -0.0355836675 0.000259957684 -0.0161379315 -0.00681376178 -0.0112498263 0.0308552608 -0.040517848 -0.100645959 0.0572798736 -0.075854212 -0.0383017734 0.0625047088 -0.0635640472 -0.0408096313 0.024160035 0.0739652589 0.0664915368 0.0650628805 0.0777694285 0.111848883 0.0984218791 -0.0201478843 -0.00572208455 0.0620396025 0.0516192168 -0.0506141782 0.0111893965 -0.0410357378 0.149517342 -0.152878031 -0.031808652 0.0125081446 0.0654815808 0.0003689687 -0.111055747 -0.0214179531 0.0273535904 -0.0199825279 -0.0370667614 -0.0229079146 0.0521312021 -0.010572101 -0.112050056 -0.0750956535 -0.0265445355 0.0420855172 -0.0210075602 0.10580314 0.113863543 0.0817714557 -0.098811768 0.0526412725 0.0810959414 0.108391106 -0.000775119173 0.0903876126 0.0246492457 -0.0995631069 0.0312287305 -0.0973475203 0.135316953 -0.100174494 0.115552001 -0.0911847204 0.0775377527 0.124092683 0.0649651438 -1.27656458e-05 -0.0604624078 0.0683171228 0.0101179127 -0.0400240347 0.0702739358 -0.0811986849 0.0627623647 0.0200453438 0.0779763237 0.094567515 0.00240762252 0.0075532035 -0.0316283293 -0.0409812555 0.0964659601 -0.114679903 -0.0568883158 -0.0772086084 0.117748931 0.0445925295 -0.0226655416 -0.0623331256 -0.000396118761 0.0639063641 -0.0778807253 0.0513596795 0.105152398 0.0524797663 -0.0612845495 0.117628194 0.056536179 0.0590674467 0.086866647 0.075576447 0.0127431815 -0.0388405323 0.0267825164 0.113794178 0.0280196704 0.132465184 0.00396773126 -0.0247417353 0.00843349844 0.0314490199 -0.0460344739 -0.0801355988 0.0486459471 -0.0337997153 0.0812801421 0.00644800626 -0.0723495856 0.0245108344 0.114817217 0.102360748 0.0159204528 -0.0675952062 0.106758535 0.117811896 0.0190581996 0.0968696252 -0.0994053707 -0.113079526 0.0124590937 -0.120385043 -0.0114369886 -0.031459935 0.00332344463 -0.110446826 -0.0948500484 0.0765180662 0.046545174 0.0188931245 -0.130865768 0.116908267 0.0910482928 0.110974349 -0.0274747945 -0.0404035002 -0.0443705209 -0.0597324371 -0.0345302485 0.101570971 -0.0605884418 0.0555794612 0.001747948 0.046617616 0.0648528412 0.0561473146 0.0593074039 0.0954411104 -0.104442976 0.0457815416 -0.0945522636 -0.0455467068 0.00954945479 -0.0252677146 0.0275173485 -0.0426458456 0.0811610967 0.0565406531 -0.0177166462 -0.0787717104 -0.0826926231 0.0624628589 0.0662731603 -0.0191960428 0.0510722958 0.101257138 0.109201781 -0.089107573 -0.0611499511 -0.0322912447 0.00757692009 0.0194573235 0.0699190944 -0.0240976978 0.0519954897 0.0245672688 -0.100148283 0.144799188 -0.102325119 -0.0135757709 0.00645532273 0.138350517 0.086479947 -0.155662358 0.101106144 0.0537194721 0.00575037394 0.0117936349 -0.027917359 -0.0183295533 -0.0293250866 -0.0927076787 0.00487188995 0.0459547825 0.0479092486 0.0695202574 -0.0482820161 -0.00922474544 0.0448566563 0.125605941 -0.0358386859 0.0404910482 0.133888945 0.0331600606 -0.0955810919 -0.100458145 0.095987834 -0.0211556014 0.0173128564 -0.0940748677 0.043482177 -0.0748183206 -0.0120429965 -0.0162554812 -0.00806197245 -0.0722217411 -0.0998604521 -0.124707378 -0.0694383904 0.0770997778 -0.083522588 0.0853892863 -0.0171770807 -0.10418161 -0.0341650732 -0.0135981245 0.0512048937 -0.00200368697 -0.0459452309 -0.0232817177 -0.0984086245 -0.0250786878 -0.0509233624 0.108703852 -0.0152023323 -0.011104146 0.0465706512 0.0710879415 -0.106167667 -0.0514000319 -0.050388094 0.107074171 -0.114429705 0.0206087083 -0.0981437638 -0.104220062 -0.1348349 0.0446966775 -0.0370916724 -0.110742778 -0.0896331742 0.0654179081 -0.0226800088 -0.0699614212 -0.0219116248 -0.0159010999 0.0712734908 0.0767073855 -0.070088923 -0.110585801 0.0615147278 0.104655817 -0.0842498541 0.129253715 0.00476474641 -0.111419797 0.0630212873 -0.107559793 0.0965245441 -0.114916086 -0.1032122 -0.0750582591 0.0406690799 -0.046829842 -0.0407999195 0.110928632 0.117644265 0.0567695014 0.0293791629 0.097318843 0.0787241086 -0.0609241426 0.00796554983 0.0584724806 0.0155724371 -0.0387488976 -0.0350935534 0.000678411103 -0.103586778 0.0381153747 0.117144771 0.119161494 0.122153431 -0.103339776 0.00197396078 0.137147337 0.0187420398 0.100428388 0.00618414115 0.0679176524 0.0641686246 -0.0436129086 -0.0795127749 -0.0541883707 -0.056423787 0.0914948806 0.1127441 0.00340417004 -0.0713771731 -0.0305867009 -0.116022564 -0.0694143325 0.0859537646 -0.12212982 0.135070175 -0.0364586897 0.0464249142 0.0179260168 0.0321698189 -0.0293700285 0.0777496174 -0.135257185 0.0551537089 0.000840143242 -0.0995454267 -0.0432379171 0.0321192257 -0.088866733 0.113356821 0.0958534107 -0.103849277 0.0645081103 0.0169882737 0.137642488 0.119128577 0.0879199728 -0.108051628 -0.0330557823 0.0192000605 -0.13894701 0.0750265568 -0.0437604189 -0.00933234394 0.0278864559 0.00672760792 0.0316762663 0.10499078 -0.00525175687 -0.0145632364 -0.102802172 0.0558313169 0.0344440006 0.0361507572 0.0448592193 0.105969653 0.0998198614 0.0862397626 0.120948903 -0.0381924994 -0.0676861182 0.0494537242 -0.0251857918 -0.010290578 0.00363637367 0.0833998993 0.0472445786 -0.113554619 0.0972979143 0.00816435833 0.049302347 -0.139911681 0.0227872804 -0.0503757447 -0.0564184934 -0.103811234 -0.0527619794 -0.102178857 0.0157763269 0.0697884411 0.0881495476 0.0249499641 -0.0397951677 0.13713102 0.0146855814 -0.0313383229 0.0734194964 -0.0775491521 -0.0444872193 0.0122010913 -0.0471920818 -0.0247787274 -0.0794585347 0.0682445094 -0.118447192 -0.0961882994 0.0705548152 -0.0224282835 -0.0699846894 0.0487285443 0.0478043891 0.0523657128 -0.0714347586 -0.134257436 -0.0155647043 -0.025505757 0.127371103 -0.0768565163 -0.1094703 -0.0846003219 0.0414588116 -0.048433505 -0.0700340271 -0.126295477 0.113964476 -0.12920469 -0.120143361 -0.0146665834 -0.121346712 0.0966929421 0.0761751309 -0.0131975254 0.00591318496 0.022729069 0.0801574588 0.0571144372 -0.00712215854 0.0255443323 0.0504901223 -0.0417103097 0.0464176759 0.0289759152 0.057975363 0.106278576 -0.146927431 -0.0285223499 -0.126670659 0.0909158811 0.0348499902 0.0591089129 0.138638049 -0.00711243181 0.0620669425 -0.0457384661 -0.0965591893 0.00646198168 0.0818270966 -0.0477749556 0.113468893 -0.024040008 -0.0551604815 -0.0757524446 -0.0141775506 -0.11058104 -0.102118321 0.0542039461 -0.0426527932 0.00847304985 0.0440458246 -0.0890948623 -0.00360875158 0.0446778126 0.1355059 0.126343846 0.110190921 -0.1130521 0.0392557196 0.0749148503 0.0476034582 0.0982662514 -0.0248567536 0.0537348352 0.144568339 0.128466055 0.118512072 -0.041650746 0.0578390621 0.0266668499 0.0807343274 0.0791684538 -0.0323200822 0.112144142 0.0241599493 -0.0345346704 0.107564852 -0.0306642521 -0.0827616081 -0.037121553 -0.0328273661 0.0890077353 -0.0114531899 0.0523959324 0.0675361156 0.00441037538 -0.0971988961 -0.0461750478 0.0894371942 0.114172041 -0.0935039595 -0.0338959061 0.115938894 0.126689151 -0.0711047575 -0.0125852488 -0.0498865694 -0.103921488 -0.0979034379 0.0875674859 -0.118054673 0.119162552 -0.0660266578 -0.0922489762 -0.125457719 0.123528078 -0.0384651273 -0.0782266706 -0.108076945 -0.00427626632 0.0559424832 0.0940050781 -0.0560459234 -0.0789522454 -0.024609372 -0.000695230323 0.092392467 -0.0630364418 0.0587156788 0.0689486638 -0.0618345216 -0.0606047623 0.0709838197 -0.101925321 -0.0503506102 0.00129256793 0.067857191 -0.142445832 0.0562109351 0.0665423572 0.0693708584 0.119743578 0.0107585499 0.0208413396 -0.0698276237 0.0909839794 0.047815036 -0.107216775 0.00766447652 -0.10364531 0.0354449451 -0.100553796 0.0417298824 0.118646726 -0.0620201267 0.129394576 0.0130415093 -0.00967307203 -0.0980401486 0.0245906971 0.0786441863 -0.0331360139 0.032558091 0.0533071943 -0.0104604997 0.0375292338 -0.0367956795 0.128944144 0.0382753797 0.0256664623 0.0981181487 0.0322797559 0.0719730631 0.116076171 0.0599881746 0.102367833 -0.0471526571 -0.0169253964 0.0213701054 -0.0160066336 0.047157418 -0.06463065 -0.0722721517 0.0230163559 0.114401489 -0.0976018682 0.0088599911 -0.106384963 -0.0232471954 -0.10002625 -0.00921134744 -0.0246498212 -0.00841641147 -0.0729301274 0.0439969562 -0.131894737 -0.124912634 0.141295746 0.0235545896 0.1262393 0.0415990464 0.0836818814 0.0401050523 -0.109182306 0.0492844507 -0.0424032621 -0.0693692118 -0.0867720172 -0.101842441 0.0557272583 -0.0856890827 -0.051383052 -0.0466679893 -0.0270601213 0.103102624 -0.0405407846 -0.0271752924 0.0735937878 0.0118088508 0.0922104642 0.054117091 0.0573594756 0.0113900946 -0.0705697611 0.0142230643 0.00572628435 -0.0305269882 0.0787715092 0.0738231465 0.0798136517 0.00441277772 -0.128491789 0.0515301228 0.0848221928 -0.101835556 -0.0786692798 -0.113745645 -0.152382046 0.0969336554 -0.135504857 -0.0223106854 0.0923561156 -0.00949296728 -0.0375296809 -0.0793287829 -0.103101954 -0.0235133898 -0.077447027 -0.0407408774 -0.026721539 0.00207483443 -0.0448226146 -0.106701873 -0.079840757 -0.0506536588 -0.0999724194 -0.00787975919 -0.0130917011 0.0783312023 -0.0780395716 0.126929998 -0.11651089 0.0510287993 -0.0634442866 0.0152214319 -0.10345158 -0.0282474067 -0.0720257685 -0.108309776 -0.11202465 0.0150755541 0.0963977724 -0.0521082655 0.00761311268 -0.0709175393 0.0208228026 -0.0618745722 -0.0947325677 -0.0553994179 -0.0832791254 0.101367138 0.0522254556 -0.0123017114 0.064548023 -0.0784799159 0.0368903652 0.00786087755 -0.0590896048 0.0303498451 -0.101657234 0.126904011 -0.11068733 0.0122563336 0.012333598 0.0635634735 -0.0480371565 -0.0103985006 0.0938624665 -0.0101148393 0.0843886808 -0.114066198 0.0654051974 0.106081605 0.0859690383 -0.108756751 -0.0300556626 0.0572181679 0.0723278672 -0.00300227432 -0.034097109 0.0792509094 0.0422390252 0.0714131147 -0.0680862144 -0.066710256 -0.0359174423 0.0113533 0.0749696419 -0.120462634 0.00915803853 0.12089131 0.0211150739 0.0216482952 -0.0697171763 0.00903932471 -0.0599096306 0.0240822975 -0.0462585166 -0.0169156529 0.0759898871 0.154420063 0.0472296849 -0.0831472799 0.140262127 0.0403567515 -0.0093548689 0.125108689 0.0848997161 0.0298739839 -0.00572642172 -0.0846784562 0.139884785 0.0698936209 0.0023241695 -0.0897029787 -0.0982398242 0.0633924529 0.0723803043 0.110292315 0.0120752631 0.086419031 0.0368042402 -0.0602270626 -0.0593569279 0.0683323368 -0.106527597 -0.0601611771 0.119238488 0.0471111313 0.0569400638 0.0788988695 0.118747093 -0.0880295411 0.124310315 -0.114798613 -0.0927435234 0.00770617696 -0.0749091357 0.0941474065 -0.120809816 0.129097432 -0.035635177 -0.108155191 0.127104014 0.0384420566 0.112304457 -0.0632653758 -0.0590944104 0.121427841 -0.0293534454 -0.0585287251 0.01134576 -0.0476694591 -0.113677964 -0.0420657061 0.0243161023 0.0252458584 0.082390368 0.0210534837 -0.0816159919 0.0136605436 0.124143057 0.0991756693 0.120650657 -0.0367682837 -0.0875920355 -0.055203218 0.0358708128 -0.0310133118 -0.0893358886 0.0810253397 0.0452673919 0.0389621109 0.0419357233 0.0311744474 0.107466795 0.00654872274 -0.00726199895 0.00838505477 0.0897880718 0.0460764132 0.047798153 0.0107970312 -0.0210437104 -0.00539042661 0.0478967205 0.104690917 0.0805410892 0.0964369997 -0.0779479668 0.00507462397 0.0667988136 0.0114335455 -0.0931564048 -0.126201242 0.0734771267 0.142794669 -0.0351987071 -0.0730546415 0.0716235414 -0.113197535 0.0853071958 0.148546651 -0.0771498084 0.0590991192 0.10245125 0.0421901755 0.0854051262 0.0933959261 0.057637766 -0.137985498 -0.0116834724 0.0472037643 0.00405345811 0.0149046015 -0.0981039926 0.0782638714 -0.0141295623 -0.0511732772 -0.0976502448 0.0275490806 -0.127128571 -0.0616840906 0.108408347 0.0926747099 0.0462027863 -0.0722830445 0.0235979147 -0.0410951115 0.0305769779 0.0437554978 -0.00542497914 0.107552283 0.0785680637 -0.102024533 0.129743606 -0.00107779866 -0.0684028938 0.00282657682 -0.019792961 -0.0135245789 0.0491714366 0.057552997 -0.00197161478 0.0980130285 0.0121881431 0.0067616161 0.101734236 0.0445522852 0.0304930434 -0.0603845641 0.0709938854 0.0109721478 0.11316587 -0.137305155 0.0118985651 0.0623457432 -0.109505929 -0.0769328475 0.0112747476 0.120094471 -0.0167800803 0.0358075052 -0.0661797747 0.0643197522 0.0243228618 0.0352560729 -0.0932197571 0.112926923 -0.039573092 -0.0113139432 0.0645932779 -0.0869935453 0.00309988088 -0.0391800813 -0.0566281304 0.0535853989 -0.116985761 0.00258646533 0.0317446999 0.0493572168 -0.0567764044 0.00885669328 -0.0248062722 -0.00783189945 -0.083606191 -0.0973846093 -0.0175143294 -0.151092246 0.0621551014 -0.0284648631 -0.122863941 0.00895936135 0.011518294 0.0990096778 0.110720262 -0.0517906472 0.044853881 -0.080021143 0.0351350754 0.107352644 0.00489477254 0.0137040699 -0.0836365893 -0.102512836 0.037151102 -0.0783425793 0.128731504 -0.038934283 -0.029673202 -0.0946242958 0.0686572343 -0.0143560879 0.128391221 -0.11654669 0.0249253493 0.0562603436 -0.0410003029 0.139044493 -0.0379568599 0.0853000209 0.125619352 -0.0416033603 -0.0274977107 -0.0645091385 0.0664527044 -0.0238752235 -0.0581266172 -0.0841376632 -0.0525193699 0.0308314264 0.104483113 -0.141241401 -0.013910315 0.0710070804 -0.0539699383 -0.0260098744 0.0669457316 -0.055287689 -0.0576202311 -0.0241142008 0.0648817569 0.0338539518 0.073062025 0.0687458217 -0.0308740195 -0.0909994468 0.0181648731 0.00441317772 -0.104509674 0.107735887 -0.108470999 -0.0372556672 0.0593779571 -0.0459721237 -0.025635045 0.0908975005 0.0333100483 0.00832455978 0.0263228398 0.101616934 -0.117451735 -0.0927956924 0.0188062023 0.0632298738 0.0431265049 -0.14687793 0.0686889738 0.0678034648 -0.110692941 0.124020703 0.0788263604 -0.081832476 0.0932606906 0.0544616804 -0.0837807357 -0.0710622743 -0.0215140507 0.054970488 -0.0486993976 -0.05601345 0.014166005 0.0749933869 -0.0226827748 -0.0913287774 -0.0138837257 -0.0201453697 -0.0508102849 0.0345036052 0.0205624327 0.053372737 -0.0033612072 -0.080250442 -0.0154250888 -0.0359870307 -0.0784392655 0.0867608562 0.109472953 -0.00368635752 -0.0856427476 0.0627194718 0.0314218774 0.0681137815 -0.0959233493 -0.0399590172 0.0541791059 0.0262012202 -0.0723042339 -0.0551895685 -0.0130367102 0.0444366634 -0.0444875211 0.00701322826 0.119963303 -0.0622164793 -0.0069625061 0.020533368 0.015023117 0.0403914824 0.041870866 0.0115726516 0.0537761301 0.123535611 0.0737025514 0.0813791603 -0.0542850718 0.0858953595 -0.0776915848 -0.0223605428 -0.0821193457 0.0131927393 -0.0789044201 0.067859903 -0.0122053269 -0.0847951621 0.022891039 -0.0457231551 0.0814396292 -0.0282807425 0.0566178672 -0.0684177727 -0.0883035585 0.117672756 0.0200787801 -0.0290457103 0.0423554853 -0.117017068 0.0295593329 -0.10802114 -0.0708502829 -0.0627182275 0.0169739164 0.0997668356 0.0489363112 0.0238144994 -0.0795037672 -0.0212507509 0.0920119137 -0.111145027 -0.109408513 -0.0585291646 -0.124834865 0.0380214602 0.0928440988 -0.0179836713 -0.0180278048 -0.017452376 -0.0266281422 -0.0368506163 -0.102376588 0.0878297836 -0.0974811763 0.104180217 -0.00897825323 -0.071193926 -0.00255556917 0.130096033 -0.0220706053 0.0316207483 0.0158821214 -0.0450797863 0.0657941177 0.00439876923 0.0886555165 0.14208591 -0.0820471495 0.0491414517 0.117733225 -0.140109465 0.141835809 -0.0592189617 0.0941457972 0.0127811506 -0.00443163328 -0.0887016058 -0.105179317 0.130175382 0.00206623273 -0.00793365762 0.129803404 -0.0104411012 -0.0606172904 0.105320789 -0.0692608282 0.139304876 -0.0504138544 0.0361169763 0.0181290768 -0.0461054929 0.092297487 -0.128737286 -0.00651808316 0.0705125928 -0.0191650987 0.0825413242 0.0982128084 -0.115487054 0.00431769714 -0.0617394373 0.0904345438 -0.011442503 -0.0820154995 -0.031840127 0.0337674171 0.0752586126 -0.0641960874 -0.0586926267 -0.0380060263 -0.0145609574 0.126013234 0.014701046 0.0623485185 0.007726165 -0.0829844028 -0.126670852 0.0167658441 -0.0303110611 0.020699583 0.0171467289 0.109927252 -0.103919961 0.107052222 -0.0239077657 -0.00500485254 0.0943786427 0.102488719 -0.0536391437 0.0378570594 -0.0763213634 0.0452756025 -0.0695690066 -0.0202444345 0.0740449056 0.00474541355 0.0257840883 0.0667865127 -0.00651623448 -0.052044481 0.14140977 -0.0681936368 0.163760334 -0.137138024 -0.037518993 -0.0352334566 0.0551209673 0.0108293248 0.0657530203 0.105369374 0.110214412 -0.0835277215 -0.00503199361 -0.04201198 0.056827385 0.0945565403 -0.0803533122 -8.36528125e-05 0.0462381244 0.0813447461 -0.0212260671 0.0882135183 -0.0140965208 -0.011985586 -0.00522936741 -0.108788319 -0.0728579685 -0.0774200484 -0.00668040011 0.0817395449 0.139665768 0.0507317744 -0.0311040618 -0.0294367149 -0.113367103 -0.0133122671 -0.113799885 -0.0037439547 -0.0880523697 -0.0454581678 0.0970560536 0.0970515385 0.0718628913 0.0354626514 0.0341378339 -0.0152284512 -0.0254576746 0.0581734516 0.00987073034 0.111393765 -0.113857426 -0.077117376 -0.104915224 0.00753829489 0.0769135281 0.0668623149 -0.0376529247 0.134662837 0.00679270271 -0.0447826236 0.109836102 -0.102169812 0.05025962 -0.0869582891 0.0716476291 -0.0920257643 0.121844597 -0.00812124275 -0.0676103309 -0.020865852 0.117840305 -0.110137135 -0.0705828071 0.075423032 0.151529476 -0.0655952618 0.0991195217 0.0150479535 0.036421597 0.117830895 -0.0188749786 -0.0897877514 -0.00331740594 0.0460398458 -0.0410996825 -0.101710014 0.137568936 -0.109241635 -0.10323111 0.0511995628 0.0239538494 -0.0518781282 -0.1032129 -0.0548723601 0.0874680579 0.0964924768 -0.0453913249 0.0733776689 -0.0511045381 -0.0424417034 0.0999824405 0.0880852118 -0.114148811 -0.109291971 -0.0175988935 -0.0502028726 -0.0898636803 0.0745013431 0.0863690227 0.0350113846 0.0297173318 0.0519770384 -0.115696065 0.15397799 -0.00797021482 -0.0726036504 0.113360077 0.0712781847 -0.0190933682 -0.00481198402 -0.00602337951 -0.0259129703 -0.0654766485 0.060466554 -0.0821389556 0.102858834 0.10264039 -0.0697409138 -0.0827242136 -0.074046582 0.0178290252 -0.0211301856 0.104791865 0.0624425113 0.0477768891 -0.0427101664 -0.0321170948 -0.0160535183 -0.00344699016 0.0992545336 -0.0338760726 0.0498792566 0.00642899191 -0.0395787135 -0.120078497 0.0905048698 0.12547335 0.0127069009 0.0280579012 0.0803307667 -0.0507408008 -0.0146978023 -0.0411538482 -0.100317717 -0.0502255149 0.0212850496 -0.00537659228 -0.0940473601 -0.0129719516 0.0219165031 0.0476764254 -0.0904816687 0.022094775 -0.0685150921 0.0434183851 0.0635178313 0.0996730998 0.129369989 0.0342960767 -0.0572643168 -0.0385250486 -0.0659249723 -0.0489902161 -0.0984055102 -0.107991099 0.0866241604 -0.0521676503 -0.0708520934 -0.0685565025 -0.0478887036 -0.00997959077 -0.10308601 -0.0814223364 0.100560836 0.134617135 0.0821809471 0.0127201043 0.115516432 0.0433251522 -0.13742663 0.127689525 0.0719751567 0.0976152048 0.0788900778 0.059551619 -6.8179339e-05 0.0788772255 0.0055776909 0.0100444583 0.0481095314 0.0606900007 0.121851198 -0.0676014498 0.0931229517 -0.0855774283 0.106534384 -0.119497523 0.0105579086 -0.0439954475 -0.083989352 -0.150688931 0.0106626702 -0.129410654 0.0624946132 0.124467142 0.0118814763 -0.0464264564 -0.00819912367 -0.0490678065 0.0254943445 -0.0014942009 -0.0160263181 -0.0133832805 0.00847906806 -0.133251727 -0.0864306018 -0.122631498 0.0325285159 -0.101220816 -0.0833494514 -0.133492306 0.0592769757 -0.0338169895 0.00986068882 0.0942953154 -0.110311247 0.0604219362 0.131722838 -0.0123221455 -0.0455348156 0.011432278 -0.0564585552 0.0299544055 0.0149830813 0.056302242 -0.048416011 0.0448974185 0.11833515 -0.0777752474 0.121664666 0.0102381371 0.121866472 -0.0164412931 0.11310222 -0.0779599473 0.0547912195 0.112237625 -0.0264313295 0.0649494231 -0.0324328616 -0.0163427796 -0.0681787804 0.0942424238 0.0649263933 0.0429528728 0.0797748268 -0.01429951 0.0984076038 0.101956762 -0.0872806087 0.107599273 0.0804735944 -0.0808001459 0.0563072562 0.148750097 0.086660251 0.105195262 0.0063666543 -0.0914818197 0.0536711104 -0.028882945 -0.128536031 0.0216299817 0.105172023 -0.129638076 -0.0110305147 -0.00723484671 0.0651403591 0.00334367808 0.102910027 0.0561591797 0.0273661166 0.0400625095 -0.0808916837 -0.125429928 0.0384711958 -0.0948077515 -0.0839138031 -0.0470278636 -0.0396631025 -0.0582872033 0.0882755071 -0.0917105749 0.0550234728 0.00516347447 0.0529608317 -0.0337581523 -0.0418222062 0.0352274776 0.0994753838 -0.0237881523 0.0978747532 -0.121616632 -0.103300191 -0.0365710929 -0.0821890011 0.063147828 -0.0462819785 0.102392159 0.0892360881 0.0425577722 0.0713934526 -0.0137107773 -0.0767275989 -0.0615085103 0.0115561476 0.0329999663 -0.0311695524 -0.0515319146 -0.0356714353 -0.0391222164 0.00036179024 -0.0991474763 0.0381415263 0.0156019032 -0.0693799332 -0.0930915475 -0.08919999 -0.0534107983 0.106800593 0.00738882506 -0.0878927484 -0.159164131 0.0382898003 0.0996172503 -0.0127166593 0.111818217 -0.00784474425 -0.144369051 0.0544701479 -0.111977652 -0.0581709072 -0.0210949685 -0.024931822 -0.0692492053 -0.0171148852 -0.102888152 -0.00474038208 0.0285506956 0.0721225217 -0.116176337 -0.0135003142 0.0996686593 -0.106806457 -0.0392488614 -0.135629863 0.0573298968 0.00391390827 -0.0979014635 0.0889731199 0.0961810946 0.0552550256 -0.0105643533 -0.0939593613 0.0246290751 0.029514432 0.00615982944 0.0392526165 0.0866084099 -0.0153417867 -0.00893972255 0.0897163004 -0.127673864 -0.0820410177 0.0496820845 -0.119166881 0.0822311044 0.0780173838 -0.121406712 0.01070794 -0.0417502485 -0.0188139193 -0.0707514584 0.0308171436 0.00395281566 0.103922702 -0.0707967803 0.090080902 0.0296836719 -0.0556521192 0.044523038 0.0832268968 -0.0406571589 -0.0939921811 -0.0978251472 -0.0112828789 -0.0193821043 0.0332901403 0.0311913937 0.043506436 0.0182822477 -0.0972023606 -0.0650890768 0.0579453073 -0.0597741455 -0.109278545 -0.109291479 -0.0236254986 -0.000187562255 0.0382703207 -0.0460181497 -0.0761179104 -0.0221872143 -0.0187814385 -0.0136991553 0.0492787659 -0.0663764477 -0.010157194 0.0213357508 0.00388554414 0.0194831658 0.00999855995 0.0221801661 0.0613668263 0.0927676484 0.00164700311 0.00411068229 0.0460756607 -0.0662752315 -0.0778971985 0.0238826238 0.0565461628 0.113359056 -0.00512543134 -0.00188794639 -0.00826876331 -0.0656877905 0.0649023876 -0.0919528082 0.103935011 -0.119491085 0.05031652 -0.0167910364 -0.120568641 0.135697022 -0.0454387255 0.00527439173 -0.0360129327 0.0153635209 0.0225970782 -0.0564853735 0.065923892 -0.0112772146 0.106338523 -0.0786874816 -0.0504995063 0.0020257025 -0.0138052423 -0.160447165 0.108566627 -0.0624393448 -0.00999011565 0.00742948428 -0.0761769488 -0.0878786817 -0.101677053 0.0739860386 0.0494678356 0.149310648 0.0057759718 0.000142077479 -0.0759715363 0.0594595484 -0.0397487655 -0.0238042977 -0.0686074793 -0.144383878 -0.109263949 -0.0710451081 -0.00158070354 0.020304963 0.0792622119 0.0115570929 0.07353203 -0.0235080998 0.0467332192 -0.0156700257 -0.0332700498 0.0388330184 0.0316566862 0.0961573869 -0.0926730782 0.00638062926 -0.0788017586 0.0917223766 0.109657981 0.0364945903 -0.0281475075 0.106535852 -0.0151274307 0.0130069265 0.0568258911 0.0232256651 0.0913790166 0.0314588025 -0.0771544054 0.0446479023 0.0650178641 -0.100458771 0.0481160767 -0.0423435345 0.0741454512 -0.104759969 0.0398231335 0.00731913326 0.0277613848 -0.0844087005 0.00284657208 0.137061387 0.0619039051 0.0954627395 -0.109396495 0.0980348438 -0.0136498986 -0.110151671 0.100305095 0.112613693 0.0950209126 0.132787406 0.041649688 0.118258633 -0.0540654697 0.00828139111 0.0937734842 0.109169491 -0.0653347 0.040058583 0.0782870725 0.027802553 0.0415225215 0.096809864 0.0666262284 -0.104975224 -0.0604640171 -0.0295830052 -0.0237274189 -0.0622727796 -0.101528361 -0.070149906 0.0224745944 0.125577807 0.0798430666 0.126536623 -0.0620639771 0.115504585 0.0914036408 -0.015904611 -0.0936286747 -0.0769203752 -0.00617718603 -0.0677391365 0.0689185038 -0.120412871 0.102301873 0.00512076123 0.0289468076 -0.0186856538 -0.100209996 -0.106867366 -0.0615142211 -0.0273134466 -0.0250413176
tensor gate_encoder.0.bias 1 32
-0.00407734513 -0.0197914969 -0.0916220099 0.115697987 0.136009783 -0.010600144 -0.137587294 -0.0378453732 0.000891070522 -0.0855569914 -0.0932118148 0.076181531 -0.0621584468 0.132001549 -0.0339771621 -0.0880180374 0.112803482 0.0999064669 -0.0575119965 0.0709728152 -0.0027111154 0.0951894149 0.0926200002 -0.072392568 0.0857511535 0.0491490178 0.0518659092 0.054817535 -0.138294473 -0.11176987 -0.0430235378 -0.0628833026
tensor objective_value_embedding.weight 2 32
0.177850604 0.452056885 0.116289437 0.727012575 -1.37641466 0.233678788 -1.75729191 0.408991069 0.576253295 1.66989148 -0.287413269 -0.0070476234 0.577024221 0.565276802 -0.115078986 1.03392339 -1.40993166 -0.824330747 1.20015311 -0.583021164 -0.0724657029 0.395711511 0.322292119 -1.26324248 0.234576866 0.392656416 -0.288889706 1.2994858 0.992982566 -0.758083105 0.427696109 -0.999429107 0.706285834 -1.0969491 -0.120854795 -0.385691047 0.836672544 -0.427069068 -0.230045527 -0.00441912981 -0.813349724 0.859970987 0.482519656 1.67177892 0.408353567 0.38816303 -0.425531328 -0.607178748 -0.991522253 -0.601822495 1.22096765 0.2261668 -0.175195277 1.20626032 -0.683789134 0.818413019 -1.42955256 -0.396547765 0.707805336 0.0716932118 -1.93049002 -0.304926813 0.0736920089 0.0915141106
tensor backtrace_actor.0.weight 32 32
-0.121524565 -0.141186789 -0.0757548809 0.163606361 0.150963053 -0.0143933157 -0.0114403879 0.0179046039 0.141125515 -0.0197204333 -0.0970023945 -0.0557341091 0.0141934203 -0.189094648 0.0502536148 -0.0304841958 -0.0848970339 -0.157079637 -0.113289617 -0.0746953115 0.0726975128 -0.00764879864 0.012909906 0.0837694407 -0.162231237 -0.117518373 0.0376555063 0.039425157 0.0301444363 0.167693704 -0.0080298027 0.0167748909 -0.176235542 -0.11495173 -0.147523075 0.0639326349 -0.0796116516 -0.142274484 0.115610525 -0.046229966 -0.126016825 -0.0415690877 0.0676498264 -0.0848531574 -0.0244002026 -0.0455508977 -0.133093178 0.0358948968 -0.0153994253 0.109349623 -0.160872981 0.173037589 -0.0248393323 -0.0359253176 0.0678977147 0.0202188306 0.0483109802 0.153177902 0.061402116 -0.0486107506 -0.0848834068 -0.0817980096 0.00618259003 0.160297304 0.174401432 0.0069085299 -0.0469049513 0.00169351487 0.0360350981 -0.174010679 -0.0749767572 -0.106536962 0.144887358 -0.138032869 0.00915089995 0.0173817836 0.0404015407 -0.0842352733 -0.0465757959 0.129267573 -0.0837792233 -0.0475816801 0.084621869 0.105436817 -0.0799733847 0.176387593 0.148448318 -0.0999259576 0.157629937 -0.13176623 -0.145835772 -0.0836533383 0.0593191907 -0.177437544 -0.0703140199 -0.0383774415 -0.117247202 -0.031911768 0.0921397805 0.0713620111 -0.0778900236 -0.113324121 0.0640178844 -0.135891348 -0.0116340537 -0.073018983 0.0778235272 -0.08498317 -0.194496825 -0.0277887359 0.081250608 0.122979462 0.121113233 -0.057217937 -0.0453339815 0.0129694212 -0.135870785 -0.10969986 -0.0602546409 -0.0204378925 -0.00620028144 0.000728603743 0.00806377828 -0.115896091 -0.0312206 -0.025000805 -0.100980982 -0.139335766 -0.00583911082 0.0111622503 -0.0585721545 -0.122327588 0.167238295 0.00221501663 0.080345124 -0.041505821 0.0572806709 0.0373449437 -0.0456380397 -0.113711648 0.0666772798 0.127069488 0.0270406269 -0.164949059 0.15298821 0.0572782233 -0.112399533 -0.0182984564 -0.00247484329 -0.00858855993 0.045255173 0.144361377 -0.10172084 0.0219969489 0.11541751 -0.0555830784 0.0529889278 -0.0362907499 0.100055225 -0.203867272 0.0442682691 -0.0621512234 0.154785946 0.0168844182 0.0430417433 -0.0213031899 -0.023991175 -0.0678200945 -0.16920054 0.0676195621 0.131516084 0.165585816 -0.0830818713 -0.0391334966 0.113892481 0.163103968 -0.0388091728 0.0740555674 0.118071459 0.111032836 0.0903385803 -0.041325938 0.153928503 -0.141026065 0.00873586629 -0.0872275829 0.122588336 0.113139704 -0.108156919 -0.185774326 0.178259999 -0.203487188 -0.146937236 0.00548944715 -0.0910376087 0.162244558 -0.0537749454 0.170061752 -0.0319257788 -0.161501646 -0.00679410528 0.116503216 -0.0664947554 -0.0195770729 0.0128415255 0.19058463 0.0707186684 0.0649817139 0.102384754 -0.0340536758 0.126086667 0.103194453 -0.00147135661 -0.00800353196 -0.147012427 -0.143685147 -0.136597544 0.108531192 0.0715510175 -0.0458607711 -0.106772117 0.099042654 0.0249772798 0.152483955 0.0101600168 -0.137184113 -0.131809413 -0.149732232 0.104137331 -0.045974344 0.109540887 -0.0506900474 -0.0978479311 0.0672241524 -0.00141676667 0.187879011 0.150456324 0.0886350796 -0.163933054 -0.0372232907 -0.151306048 -0.0696550459 0.125761762 -0.00859080628 0.050079111 -0.0778922439 -0.0173704084 0.151956484 0.0800587907 -0.114663549 0.0937284529 0.0730895475 0.0884889588 -0.195699066 0.0687171221 0.149079293 -0.136489525 -0.0522373207 0.104850791 -0.0292717963 -0.00700895535 0.0377150886 0.0910445601 -0.0202292278 0.0231381766 0.0316530392 -0.121636607 0.189490914 0.0550699867 -0.0132215628 0.111430056 -0.110167526 0.125994235 -0.179084182 0.148000613 -0.00797081087 0.0221123975 0.0585994422 -0.0464072302 0.010781697 0.105675325 0.118677072 0.00237721601 -0.0975755081 -0.112792708 0.104425296 -0.155763805 0.0457913876 -0.129833281 0.0579018332 0.160253063 -0.124898516 -0.155965835 -0.126559094 0.049613975 -0.0929159597 0.155888706 0.0655457675 -0.158044711 -0.0105254017 0.0416722298 -0.131974384 0.18658112 -0.0728062987 0.021459356 -0.123006143 0.152633578 -0.0768952593 0.0901617482 -0.049064856 -0.0267496537 -0.0696313381 0.0504492335 -0.108859576 0.0146043273 -0.137815639 -0.155571327 -0.0801297426 -0.0892141312 -0.144622445 -0.148117408 -0.0463645421 -0.135899827 0.162696958 0.0177642964 -0.0619950071 -0.0767803416 -0.0714671388 0.0511273034 0.0777332038 -0.147115737 0.174900144 -0.124123655 0.161583886 0.0571456812 -0.0151705844 -0.0343233831 0.0389440358 0.172106996 0.111810215 -0.0137060741 -0.0421869233 0.0290629286 0.087686874 -0.0827947184 -0.0481784157 0.141061246 0.135843113 -0.0087653799 0.0184012502 0.0352545641 0.0848528147 0.0919671729 -0.00915274676 0.141719475 -0.0500279367 -0.113721803 -0.016075585 -0.131057903 0.016735239 -0.160042599 -0.202653378 0.106449604 -0.0448477753 0.0788563415 0.112697147 -0.137683257 0.0416107625 -0.11594075 -0.0115088597 -0.0731422976 0.171800524 -0.130673245 0.0943021476 0.129363492 -0.133559912 0.174632296 0.16353631 0.102765068 -0.111722909 0.169015944 -0.0678053945 -0.133762121 -0.0914187133 0.0704200938 -0.0837572068 -0.145311847 -0.0407397561 0.121749192 0.173121616 -0.0563571975 0.034361627 -0.126540408 -0.00422044238 -0.0903520584 0.0749093741 0.0576564968 0.0321274139 0.0394504741 -0.0359173082 0.0577123053 -0.15577592 -0.00344775408 0.158881322 0.0821140185 0.033716172 0.0799577162 0.125406131 -0.0761394724 -0.138983026 -0.0862520188 0.131123111 -0.0448490977 0.183396339 -0.14202112 -0.0787153989 -0.0730882958 0.108606651 -0.109983884 0.0648315623 -0.0412472896 -0.119641215 0.149114594 0.00958003849 -0.0674391016 0.0969386846 0.125170782 -0.0185054671 0.106705144 0.0372777432 0.12638931 -0.049247954 0.112381905 0.115840048 -0.0861596093 -0.0738946125 0.0475660227 0.102060959 -0.000717238523 -0.0681673065 -0.0299167037 -0.0732831955 -0.0852310136 -0.192538396 -0.00632345909 -0.0772802606 -0.0621651113 0.0501321442 0.060645394 0.130268708 -0.172428504 -0.0769281238 0.0855694637 0.0895214677 0.134423196 0.176711217 0.117678709 0.163478479 0.144241825 0.174605727 0.0689167306 0.129704699 0.0745321438 0.0709803849 -0.0355904326 -0.159282014 0.133351877 -0.00345888943 -0.114454798 0.165161729 0.0382834673 -0.134052485 0.086187318 0.0514875427 -0.0651129261 0.129621357 -0.000142204139 -0.0208381973 -0.163468719 -0.188728437 -0.165345818 0.123542674 -0.103969239 -0.129799411 0.0851534307 -0.164772317 0.140323177 0.047098957 0.108717449 0.099597916 -0.0496285297 -0.0272540022 0.0881158784 0.102213226 0.164999858 0.0271448996 -0.0126596568 -0.0188232902 0.0557269119 0.0586789995 -0.00239897007 -0.0558273531 -0.166875243 -0.0461945422 -0.11522828 0.161571711 -0.101279639 -0.0115395328 -0.0405357741 0.117535286 -0.176450923 0.164201468 -0.12705709 0.131369099 0.045262102 -0.114095211 0.13708961 0.160343334 0.0180628058 -0.11162585 -0.0444892831 0.0876505971 0.0313586816 0.0693915859 0.123805888 -0.0600925535 0.0525638163 0.129930377 0.143187061 -0.153206497 0.112062037 -0.189576358 -0.00220662565 0.119833484 -0.0877242684 0.127422646 0.0454966351 -0.130042508 0.00787806604 -0.0532342605 -0.159289673 0.127042934 0.126804039 -0.0740071237 0.0051764478 0.139537409 0.0512502678 0.164970189 -0.154074878 0.0947200283 0.0913568363 -0.12387526 -0.1657947 0.198295116 -0.0955157802 -0.105310768 0.0217332374 -0.0837088078 -0.0408609621 0.175664485 0.134437665 -0.0204158425 -0.0886671022 0.0722389221 0.0738683641 0.0492476262 -0.123697221 -0.119186968 -0.0633112192 0.132461429 -0.116563901 -0.143911332 0.147868127 0.0858947784 0.0187961031 0.0249934532 -0.185319379 -0.0163480639 -0.157743543 -0.123965643 -0.00804795325 0.0557023697 0.184056252 -0.0971553624 -0.068095699 -0.0857119635 0.100166798 0.0150435269 -0.191828191 0.0489606485 -0.122177728 0.000859764288 0.0205517411 -0.137993634 -0.0489447005 -0.0619841516 0.0540947765 0.0948980972 -0.132458925 0.12030267 0.141771644 -0.0554744862 -0.119795188 0.0557367355 -0.159929469 -0.128508478 -0.0362582318 0.144368604 -0.132146135 0.165391937 -0.186871365 -0.037261188 -0.00223172829 -0.0108405426 -0.174219847 0.0331341885 0.13334918 0.0373481326 -0.133850157 -0.0224143453 0.0661954582 0.0599452965 -0.142473847 0.00734956563 0.106843419 -0.00608640956 -0.034752436 -0.0641906932 -0.157731399 0.177310273 0.00338641624 -0.0962788165 0.132426143 -0.0557739511 -0.0424317233 -0.131354466 -0.079667151 0.12188495 -0.0671776906 -0.0146511793 -0.0973078161 0.0936299041 0.189158395 -0.0266075097 -0.142883509 -0.137576804 -0.0959623903 0.163858876 0.176243484 -0.0100233871 0.142437398 -0.0691509545 -0.0248967428 0.000183204451 0.0370358974 -0.15159826 -0.0399865881 0.0374587849 0.0778342411 0.142918497 0.10076914 -0.0497967824 -0.1596376 -0.125324249 -0.0981856212 0.0461470485 0.0307327714 0.0934084207 0.169798911 0.202256575 0.0859159231 0.198572725 -0.0475402251 0.0500021912 0.0699474737 -0.00392198097 0.0141634513 -0.10649506 0.0259063207 -0.0932442024 -0.0997456983 0.012117574 -0.0168447942 -0.0391296111 0.0695289671 0.188221365 -0.040122889 -0.0461100563 -0.148418456 -0.108563378 -0.0947726816 0.0794653967 0.148070753 -0.047333356 -0.00632246677 0.14801304 -0.107638411 0.117939025 0.152432129 -0.0262724087 -0.16856122 -0.083674252 0.191742852 0.0424317084 0.0904022753 -0.00537115103 -0.179724038 -0.121271074 -0.0481183305 0.112651967 0.0392444059 0.0746852234 -0.0228049364 0.0330705158 -0.0956098959 -0.0694369003 0.163571998 0.142047137 -0.144965768 0.00637622271 -0.0344506055 0.145768076 0.0977443084 0.0403446369 -0.0635429621 0.145253137 -0.173429474 -0.0391410962 0.0644255504 -0.011700795 0.115238294 -0.0932333618 -0.136955589 0.0755856782 -0.081406109 -0.00613927003 0.0676144287 -0.0458932184 0.0717844069 0.194392517 0.0500945263 -0.084130615 -0.124814995 -0.146469772 0.181912363 0.0962265134 0.0397558808 0.0522397943 -0.135259002 -0.0474552512 0.098220259 0.0541511141 0.16081503 0.118246198 0.118880428 0.157876149 -0.0350694358 0.0391871706 -0.145102173 -0.162040576 -0.148738176 0.183819458 -0.126308456 0.0372391641 0.0242293514 -0.148245856 0.0582511127 0.141675919 -0.0198124461 -0.107314885 -0.0631570444 -0.0480719469 -0.111206725 0.115451366 0.0650043786 0.0225884896 -0.112497292 -0.0817764401 0.155168921 0.0694098175 0.134769365 -0.191972852 0.00351263885 -0.0747991353 0.0327881426 -0.0444071442 -0.00263358885 0.0755338967 -0.0727950707 0.0266858824 -0.100627698 -0.13697286 0.0333683603 0.131402433 -0.0727352649 0.140279442 -0.0717291683 0.049044311 -0.0750182867 -0.00762408879 -0.146849215 0.148380995 -0.0556003191 -0.014691323 0.0346659347 0.0526121408 -0.118769765 -0.0481272452 0.108959503 0.177494183 -0.0091007743 -0.0706699714 0.165763482 0.146620974 -0.175294131 -0.151711941 -0.141051456 -0.066644825 -0.143670768 -0.0299553629 0.110000163 0.145071924 -0.0201515015 0.165749207 -0.0334740803 0.0403754078 0.118906565 0.0510250628 0.0799744874 -0.149639785 0.0880989879 -0.00562424958 -0.137249738 0.168866426 0.148376018 0.0905837938 -0.111878 -0.13468492 -0.181093022 -0.0151570262 0.0566519797 -0.148329899 0.0106996987 -0.118731901 -0.0497237444 0.0314681791 -0.143204108 -0.0543023013 0.0427285321 0.100610033 0.0023536121 0.0452180877 0.0812003687 -0.0892116502 -0.0641054362 -0.0515127219 0.081930235 0.0768271461 -0.149395019 0.00602471316 0.0677776486 0.0688036308 0.17557174 -0.108932167 -0.00036662654 0.089823544 0.0149582857 0.028219698 -0.166835591 -0.0302705597 0.0861909166 -0.0548121333 -0.1561694 -0.199782401 0.000642615661 0.119702496 0.0809622109 -0.104938135 -0.0306104925 -0.0228563324 -0.0800252631 0.190361381 -0.183845222 0.0258739144 0.167126328 0.098750107 -0.0389944874 0.108740918 0.155829802 -0.144214749 0.135212481 0.0634373501 -0.0521973521 0.146121189 0.101059191 0.0818152726 0.046508953 -0.0481745228 0.132818833 -0.073907353 -0.000278364139 0.176957294 0.159994245 0.0740120411 0.0287993234 -0.128527924 0.160443738 -0.183887094 -0.118215442 -0.0701316819 -0.0498171747 -0.0829647928 0.00974288024 -0.0462790541 -0.0967778713 -0.105394162 0.155811951 -0.142811209 -0.0926055536 -0.0275276378 0.126359656 -0.165521011 -0.0754007995 -0.08438012 -0.121972859 -0.058144249 0.0614939891 0.0251945425 0.0170773268 -0.141786069 -0.0404853262 0.105203152 -0.0646749586 -0.00169554842 0.122538485 -0.0682542846 -0.00929604936 -0.17975536 -0.0659588948 0.0977882296 -0.0973964408 0.0759300813 -0.102286421 -0.137530491 0.118985057 0.177113831 0.0300622433 0.143660918 0.0577213094 -0.0433983915 0.123575121 -0.0216102693 -0.022569539 -0.0458470322 0.0663060024 -0.153272033 -0.0898206905 -0.0141940424 -0.160955369 0.0771416873 -0.050597474 -0.00847511645 0.0195480734 -0.0135975787 0.0741925687 -0.161992371 0.198385775 0.104953937 0.016997546 -0.180487782 -0.00107645488 0.157782689 0.0449473225 0.104479104 0.143585786 -0.101928093 -0.0147134475 0.0471262224 0.00204167399 -0.130685806 0.0897649229 -0.178367928 0.148703188 -0.156624079 -0.093306452 -0.123421334 -0.0481911451 0.105554767 0.108082995 0.0445313938 0.0712679997 0.152828529 0.00194867956 0.0132553941 -0.0835703909 0.0165670738 -0.043217998 0.148693666 0.0152527289 -0.0150849959 0.0686508939 -0.171363071 0.102103479 -0.152020499 0.0983204097 -0.150528699 -0.112050764 -0.116669498 0.113370821 -0.0814558864 -0.102931917 0.160120979 -0.132849038 -0.00863396563 0.0484559201 0.168346867 -0.0565423779 -0.162895158 -0.0814567953 0.0590153821 -0.123716705 0.200892448 0.025496725 0.138260961
tensor backtrace_actor.0.bias 1 32
-0.113281809 0.118600048 0.0852531046 -0.158531085 -0.00957957748 0.100850232 -0.0714145452 0.157085434 -0.0598321334 -0.16732654 -0.0307044201 -0.0675909966 0.0541337468 0.0815925598 0.00863517914 0.097680755 -0.119180381 0.182124421 0.0404120684 0.182178184 -0.190189674 -0.120198742 -0.0598078594 0.0818634555 0.053870853 0.187069267 -0.02112142 -0.125585288 0.130108505 -0.117145903 0.0889194235 0.0841439143
tensor backtrace_actor.2.weight 2 32
0.119889602 -0.134662956 -0.112449601 -0.164934501 0.0977112353 0.120536722 0.137689352 0.0644316077 0.0144660296 -0.0274304524 -0.0551694185 0.0205052346 -0.0508271605 0.119343884 0.0381231569 -0.155881003 0.0963381454 0.0528340712 -0.0415101759 -0.0338931568 -0.13988246 0.110339791 0.000428054744 0.135427773 0.116611108 -0.0943270549 0.00792792253 -0.0732835382 -0.183029011 -0.178754404 -0.146581084 -0.0477240272 0.151621461 0.179163232 -0.173621491 0.128774419 -0.0739340633 0.0400526859 -0.0215896033 -0.0570609793 -0.0431394912 0.120046258 -0.188847199 0.167615399 0.0454539619 0.155595511 -0.192833394 0.0542568751 0.094390437 0.022237584 0.0688310117 -0.154031694 0.164706796 0.0386270061 -0.1231158 0.127117857 0.124603644 -0.187345535 -0.0674089044 -0.00853539724 -0.0247734766 -0.119398311 0.126553968 0.0343086757
tensor backtrace_actor.2.bias 1 2
0.126002386 -0.0780091211
end
