SMARTATPG_ACTOR_V2
embedding_dim 64
hidden_dim 32
tensor gate_encoder.0.weight 32 64
-0.0866497606 -0.0606589168 0.0594753288 -0.111319885 -0.123073921 0.00104707316 0.0625221208 -0.127111748 0.0523744263 -0.113873661 0.079845272 -0.0743485093 0.0552393869 0.0364827998 -0.0259439778 -0.0387798101 0.104064174 0.0520649143 -0.00119407149 0.10578417 -0.0184788723 0.0664407983 0.050215181 0.00591900153 0.0649360642 -0.0642867684 0.0963649973 -0.0494711995 -0.0410158448 -0.108785622 0.11121136 -0.0216861553 0.0885498598 0.0205227099 -0.0980262235 0.0101413876 0.0735251978 -0.0150815332 -0.0320763215 -0.0283013098 0.084386915 0.0285702441 -0.105336912 -0.0229750182 -0.0309725143 -0.0888754278 0.0178692825 0.0906961635 -0.02789215 0.0708920732 0.00276567414 0.0597612262 -0.0770384073 0.000898088794 -0.121238895 0.00329748192 -0.0131929386 0.0135232089 0.0592811108 0.0516877212 -0.0920633599 0.111487612 0.0833083466 -0.0306512695 -0.0763814673 0.0117787644 0.0147684831 -0.112859793 0.0960084274 0.00999006163 -0.112819768 -0.0294772312 -0.106161602 0.00877581723 -0.00452599023 -0.0702563599 -0.116215527 -0.0100457938 -0.0191614218 -0.0418202914 0.0314699374 0.000775098393 0.07442379 -0.104307838 0.0956251845 0.0946088731 0.0656296909 0.00510950433 -0.123855501 -0.0451100059 0.0930104554 -0.0926630795 0.0702451989 -0.0536138453 -0.119790435 0.0764129683 0.068839483 0.0286716018 0.022724105 -0.108440235 0.00241198414 -0.0545018762 0.0809469521 0.0430345796 0.0297096316 7.73482782e-07 -0.0847587064 -0.0561634526 0.104230784 0.119225852 0.0891550705 0.0650619715 -0.114395998 -0.0507627763 0.0176542215 -0.122814208 -0.0567645654 0.113416009 -0.0128736971 -0.0362040363 -0.00995349139 0.060116291 0.11845763 0.0438852683 -0.0223125573 0.0617304929 0.0731360763 -0.0157361776 -0.0419984646 0.0342120267 -0.0940368921 -0.0994628817 -0.0668627396 -0.00423158891 -0.0676149726 0.0667022392 -0.112603351 0.0926649794 -0.0354180224 0.0411408953 0.0545925796 -0.0949760079 -0.0173148718 -0.0120231416 -0.0591687113 -0.0179091301 0.09099859 -0.0502949171 -0.00494601252 0.0970411152 0.0589733869 -0.0534559451 -0.0188979525 -0.0196989551 0.0152653186 -0.00966514461 0.0686411262 -0.0884017199 -0.0369803086 -0.0300406497 -0.00500627188 -0.00342879281 -0.110437728 0.0189852957 -0.00490757497 0.0797900632 -0.0284705255 0.113898635 0.0191420726 0.0824555457 -0.122472845 -0.123606816 -0.000313133525 0.024191536 -0.0413318463 0.120665304 -0.0525601879 0.0134863388 0.110462546 -0.0390990227 0.115736775 -0.0440936685 0.0713933408 -0.0869912207 -0.0530216582 -0.00327973836 0.114139162 -0.0610226765 0.0625761896 -0.0279699657 -0.00988151506 -0.0212524887 0.0874287412 0.067898348 0.0769306943 -0.10202267 0.126023248 0.11632327 0.0941501409 -0.0692312419 0.0283182338 0.0950322896 0.0608337969 0.0390436277 0.0417350903 -0.0569329634 0.0971865728 -0.0907869413 0.0982917547 0.0520615652 -0.0315157324 -0.0742975995 -0.0281834323 -0.0499299131 0.0568598062 0.0118516367 0.0737583041 -0.0581454262 -0.110724434 -0.0847697929 -0.105879895 0.0157361664 0.00824715756 -0.0851405635 0.0965845585 -0.0500571281 0.0145944981 0.0186347179 -0.0313410126 0.0983792096 -0.0335776582 0.0498031266 -0.0835623518 0.127413213 0.0346191414 -0.0315359868 -0.0645367429 -0.0421890132 -0.0819904432 -0.100691244 -0.0221532919 0.0536976196 0.124413706 -0.120474569 0.0387784727 0.0358495973 -0.0332507938 -0.089161694 -0.109058462 -0.04359781 0.0663226843 0.0697215125 -0.00525855226 0.109238788 0.0817613229 0.0105856806 -0.0277642384 0.107954755 -0.0108415037 0.0524730347 0.052153077 -0.0690489784 0.103690609 -0.0455738455 0.00956237875 0.104731523 -0.011694029 -0.106385276 0.0331248194 0.00266606268 0.113615766 -0.0411069021 -0.0301863439 -0.014252821 0.00246712728 -0.0232990701 0.026079677 -0.0516887233 -0.0961335525 0.0796389431 -0.0986935124 -0.0306898821 0.0823883861 -0.0870313495 -0.0324465781 0.0112748072 0.0811740234 0.0738996342 0.0729549751 0.0822468847 0.101753026 0.112816066 -0.00626996858 -0.00396049209 0.0455856249 0.0312820487 -0.0732546374 0.025595909 -0.0236480478 0.120285347 -0.119726062 -0.0420489386 0.0225369036 0.0683548525 -0.0241759662 -0.120137043 -0.0238933526 -0.00634932052 -0.00232303119 -0.061564479 -0.0294643249 0.0380148999 -0.0248745084 -0.120898589 -0.0890325904 -0.0403559916 0.0388540253 -0.0444741398 0.103414699 0.0975243375 0.0544118881 -0.102574304 0.0676955432 0.0834073275 0.103381447 0.0167845506 0.0732854083 0.0208348464 -0.104546621 0.0249984097 -0.0683038756 0.118328728 -0.0777404979 0.113295533 -0.060664203 0.0708269775 0.096278131 0.0704709813 0.00504709501 -0.0748332664 0.0632957146 0.00145490398 -0.0362355895 0.0880515352 -0.107430786 0.0676609054 0.0398079492 0.0539897121 0.104021914 -0.0149033628 0.0171644986 -0.0274819098 -0.0292213894 0.102592506 -0.125043362 -0.0457482114 -0.0641380548 0.121883735 0.0253907852 -0.04130546 -0.0818769783 0.00885925721 0.0796359703 -0.109660894 0.0873683468 0.090531677 0.0650226101 -0.054564923 0.0897445828 0.0519100092 0.052332174 0.0554455929 0.0898194537 -0.0123887481 -0.0433974825 0.00617939653 0.100503266 0.0196668226 0.116726659 -0.0124002136 -0.0338485502 -0.0154359872 0.029557595 -0.0627574325 -0.0424461477 0.0668268055 -0.0449414551 0.068953611 0.00553867454 -0.0851306021 0.0426832885 0.121135376 0.108289585 0.0173501987 -0.099126555 0.114251509 0.0948130116 0.0412937775 0.0583661906 -0.0992489904 -0.0912786201 -0.00524578895 -0.1178554 0.008613999 -0.0391101465 0.0254734457 -0.114208311 -0.114243917 0.10043966 0.0460855179 -0.00623329962 -0.102202065 0.101006195 0.113354109 0.0986979529 -0.0247784648 -0.0627795458 -0.0549473055 -0.0490689836 -0.0522089228 0.0860595182 -0.0668130144 0.076812394 0.0173486788 0.0569487549 0.0533039533 0.0393200256 0.0875861049 0.0416699536 -0.0887150839 0.0306785163 -0.104162015 -0.00858428888 0.00463305879 -0.0205621105 0.075580664 -0.0686537996 0.103806786 0.0552411452 0.0086825965 -0.0507862195 -0.0775219649 0.0913119689 0.07428471 -0.0066414699 0.0891945809 0.114464022 0.121645965 -0.0627856702 -0.0571020059 -0.0455451496 0.0127457939 0.0304347407 0.0609234385 -0.00479415944 0.0533238947 0.0237123817 -0.0975481346 0.113502041 -0.0822558403 -0.0391657315 0.0116246874 0.105038851 0.111564644 -0.118260279 0.0937244222 0.0516345762 0.0270233732 0.0177568812 -0.0201582275 -0.00862052664 -0.0399738066 -0.0614939593 -0.0023089915 0.0313353948 0.0676151812 0.0696428791 -0.0391208194 -0.0317420773 0.030081423 0.11531923 -0.0399240293 0.0541925766 0.113060705 0.0130377822 -0.0883203521 -0.0817574114 0.113915525 0.00979870278 0.0126765268 -0.110483766 0.0760904849 -0.106778122 0.000652281742 -0.016982615 -0.00984516926 -0.049638167 -0.0961533561 -0.117292568 -0.0443365872 0.0748775899 -0.0589620955 0.0818643346 0.0120348409 -0.0962291136 -0.0212646388 -0.00534513546 0.0684160292 -0.000275767146 -0.0270448327 -0.0117481872 -0.0845988914 -0.0352582447 -0.0539799593 0.103967004 0.00493701128 -0.00873568188 0.0728351325 0.077434741 -0.0970571712 -0.0856538638 -0.0530541353 0.116138205 -0.104660846 0.01760884 -0.080559805 -0.105675332 -0.124415971 0.0676502585 -0.0494799353 -0.0717622414 -0.0577143021 0.0811640024 -0.0242219251 -0.0149429599 0.00292089419 -0.0179352202 0.064468421 0.089218013 -0.0782478824 -0.0799994916 0.039808508 0.0861055404 -0.107764788 0.119584933 0.000896206009 -0.0937049016 0.0406994447 -0.119574383 0.100365669 -0.124370359 -0.111309461 -0.0654896051 0.0719370842 -0.0473476537 -0.0425642356 0.113019153 0.105794184 0.0996270552 0.0152207026 0.0835618898 0.0693194792 -0.0568624735 -0.0273482669 0.091818817 0.0153658045 -0.0774502531 0.00996371452 -0.0219555963 -0.102552414 0.0169484876 0.120101772 0.0957568288 0.116381034 -0.0928589478 -0.0022193247 0.104792036 0.00932127424 0.110983036 0.0116044972 0.0687840804 0.0830036327 -0.0585704371 -0.0812424123 -0.0628663823 -0.0629485399 0.119359724 0.0999475941 0.0242322348 -0.0761046335 -0.00318292575 -0.115802348 -0.0973990336 0.0910917073 -0.111606941 0.121906199 -0.0352247171 0.0316037945 0.0304967258 0.0604800098 -0.0498058274 0.0819742829 -0.111831121 0.0285731461 0.0145378979 -0.116925947 -0.0397286192 0.0333504044 -0.0780510977 0.119478375 0.088093102 -0.0942589194 0.0781600848 0.0217124633 0.120723099 0.0987310261 0.0682872832 -0.0933905467 -0.0167181995 -0.00947603304 -0.104274593 0.061561659 -0.0278500337 -0.00520978589 -0.00315463706 0.000641514722 0.0270644836 0.0637218207 0.0199862029 -0.0389357433 -0.112606294 0.043516811 0.0125060668 0.0285496209 0.0260432158 0.095269978 0.0914264023 0.05651474 0.117207989 -0.0566637218 -0.0391914546 0.0548076592 -0.0418663993 -0.0114648882 0.0115169398 0.0651472881 0.0635621846 -0.108747162 0.102669843 0.0141848614 0.0182515886 -0.121976689 0.000917407044 -0.0492887385 -0.0872154012 -0.0957901701 -0.0241196826 -0.109544069 0.0134687871 0.0871141776 0.0922304988 0.0315786786 -0.0426719077 0.120941907 0.0433046333 -0.0346094146 0.0534487665 -0.0527451523 -0.0534792729 0.0310430117 -0.0581988432 -0.0279064626 -0.0934037492 0.0622214563 -0.109004952 -0.105786018 0.0567502677 -0.0267432909 -0.0495114997 0.0662762448 0.0685204491 0.0469899662 -0.0856855661 -0.100397028 -0.0533021837 -0.00855629239 0.114226028 -0.085573487 -0.0800972432 -0.082704857 0.0512700714 -0.0171204228 -0.0828221962 -0.0998703763 0.118394136 -0.106671542 -0.107913256 -0.00603810418 -0.103878409 0.115815587 0.0871751234 0.0109640574 0.00745319109 0.0409501716 0.0430189259 0.0449798405 0.00740336441 0.0229505729 0.0508140847 -0.0246178843 0.0274924971 0.0262567606 0.0554839559 0.098739624 -0.11727602 -0.0490449332 -0.100072742 0.0847176537 0.0660526752 0.052648522 0.09804748 -0.0038588075 0.0692811087 -0.0599976368 -0.0943418816 -0.0113718864 0.0844710022 -0.0170748364 0.0894222632 -0.0152020333 -0.0290865991 -0.106349587 -0.00694071781 -0.118439443 -0.0949023962 0.0685790107 -0.0291997269 0.0166900139 0.0302584339 -0.0705436766 0.0148790702 0.0469001271 0.118760735 0.101275802 0.0751327127 -0.097006321 0.0587439463 0.0378917828 0.0814782828 0.088026613 -0.0202178806 0.0582598783 0.114851117 0.117176183 0.116878726 -0.0880883411 0.0771245062 -0.00433572195 0.0708773285 0.0645487085 -0.0557716228 0.100280605 0.00886723865 -0.0489740036 0.110957779 -0.0552691072 -0.0928230807 -0.0598320067 -0.062305212 0.0735392123 -0.000682374055 0.037030451 0.0679679811 0.0215507243 -0.106535755 -0.0544126928 0.0968834832 0.104199074 -0.0837965384 -0.0260759015 0.111421764 0.119588874 -0.0599592887 0.00587893697 -0.0650493056 -0.0995092243 -0.102982655 0.077121973 -0.110217482 0.0920461044 -0.0470217764 -0.0730741769 -0.124070577 0.124465458 -0.0110405777 -0.106732272 -0.0913520977 0.0037802374 0.0521294028 0.0973586217 -0.023054285 -0.06216475 -0.0348884799 -0.00303405337 0.0940274969 -0.0521112084 0.0634741113 0.0562412031 -0.0704214573 -0.0513493009 0.0808207393 -0.106875747 -0.0281053111 -0.00692425948 0.058684133 -0.122611724 0.0430975109 0.0596107766 0.074692823 0.0924713463 0.0400838442 -0.00458418857 -0.0694737881 0.0956652761 0.0267597083 -0.109557047 -0.0136683835 -0.09936288 0.0530549474 -0.123050749 0.0417365059 0.0908214301 -0.09573365 0.118208781 0.0237725601 -0.00701093627 -0.0972431973 0.042688638 0.0638940111 -0.0342681371 0.024344191 0.0473618507 0.0188587047 0.0256169792 -0.0164244361 0.123333625 0.0660044402 0.0245678835 0.0673535392 0.0382880233 0.0815160275 0.101144865 0.0631628036 0.0887040943 -0.0355572216 0.0135850357 0.000818897912 -0.0128288837 0.0710004494 -0.0920551941 -0.0600176901 0.00752518652 0.118817337 -0.0952164903 0.0201755799 -0.100463435 -0.0299547799 -0.0897256732 0.00605747756 -0.0212049633 -0.0260890108 -0.0929724574 0.0217035618 -0.118407294 -0.109216958 0.112741902 0.0616910681 0.112498477 0.0559917428 0.0880702659 0.00979885459 -0.114415027 0.0432880744 -0.0847387537 -0.0429835021 -0.112530418 -0.114471518 0.0425534733 -0.108289331 -0.0589913428 -0.0658442378 -0.0381067358 0.09664464 -0.0699657947 -0.031838309 0.0536308326 0.0422074832 0.110447444 0.0327707045 0.0635105893 0.0300638396 -0.079993166 0.0435114205 0.00805015489 -0.0425646156 0.0723609403 0.0273982976 0.100996383 -0.0227143075 -0.102519043 0.0148542412 0.12067236 -0.0640632361 -0.104030877 -0.0869314 -0.115681529 0.105570108 -0.116339274 0.00895557553 0.0945601836 0.0373285599 -0.0454811305 -0.0895020813 -0.0829070657 -0.0189505145 -0.0633383468 -0.079892002 -0.0488085486 -0.0351835862 -0.0576734729 -0.0839048848 -0.103314035 -0.0811626315 -0.0945503041 0.0204999298 -0.00502567086 0.108108133 -0.0653758049 0.112738758 -0.0862988085 0.00526592555 -0.0478392728 0.0349247456 -0.113713868 0.00659353985 -0.0808836147 -0.102081463 -0.0808313712 0.0292460602 0.125509277 -0.0725441501 0.0519293919 -0.0641699731 0.0203777421 -0.0527308807 -0.0713788196 -0.0562790222 -0.0607942678 0.120477431 0.0628542751 -0.0395599827 0.0555162169 -0.0568175614 0.0430537462 -0.00145015668 -0.0365571715 0.0167980958 -0.111029729 0.118524484 -0.117417678 0.0427615233 -0.00792017207 0.0820270777 -0.0506301522 0.0161399655 0.0889985263 -0.0314459652 0.0957645401 -0.119359665 0.0463273562 0.104057595 0.0817252025 -0.100820594 -0.0162514355 0.029142702 0.0698106438 0.017786108 -0.0599652231 0.0885621533 0.0179395881 0.081285961 -0.0723200291 -0.0506217554 -0.0265809242 0.00322184199 0.0759785846 -0.109986372 0.0181240346 0.0996451229 0.00808104966 0.00821502041 -0.0704196393 0.0183933955 -0.0982594043 0.0627895817 -0.0666186288 0.00220389827 0.0885366797 0.120841958 0.0518215969 -0.0987763926 0.111926846 0.0490269922 -0.034953557 0.12123026 0.0585317984 0.0168336965 -0.0132084209 -0.105967455 0.119190507 0.0503024943 -0.0216709301 -0.0896237493 -0.118670695 0.0432018116 0.0735529214 0.121504426 0.0149441855 0.0822660923 0.0476361066 -0.0755499005 -0.0612760298 0.0621960275 -0.112541094 -0.0393569842 0.108937599 0.0658952147 0.0650412962 0.103587247 0.11825788 -0.110708795 0.121625416 -0.0992492139 -0.0937080532 0.00383799686 -0.082124874 0.100387461 -0.10288769 0.111231349 -0.0287672542 -0.0905888081 0.10876777 0.0516753644 0.102719352 -0.065276444 -0.0547154918 0.123653337 -0.025155548 -0.065994598 0.0197937358 -0.0416369103 -0.107622489 -0.0584048107 0.00654469104 0.0123342434 0.0997985676 0.0341200456 -0.105962306 0.0343219154 0.111509606 0.110671297 0.124273293 -0.052493751 -0.0950787067 -0.0574025437 0.0104010832 -0.0168857817 -0.110159643 0.0712294951 0.0373388454 0.0277188662 0.0331390388 0.0185256246 0.0954244956 0.0005594549 -0.020941373 0.00840561092 0.07752271 0.0277843885 0.0468975231 0.0298184585 -0.0235603098 -0.0173682775 0.0463013649 0.0788978785 0.0712541118 0.103128865 -0.0833923891 0.0236842763 0.0424548499 0.0403021909 -0.098722145 -0.097215049 0.0530238934 0.104176998 -0.0324857384 -0.0749979392 0.0617464967 -0.121985435 0.0810949728 0.116784267 -0.0671504065 0.0356117226 0.116562068 0.0534118675 0.0714656711 0.0894160047 0.0581592694 -0.123958707 0.00999662653 0.0419858582 0.0139404545 -0.00534466188 -0.0711672753 0.0879103914 -0.0109186126 -0.0652763397 -0.114222914 0.00505876308 -0.122506663 -0.0458559059 0.072753638 0.108761661 0.0349588841 -0.0813670158 0.0290561244 -0.0503169671 0.0289407019 0.0337194279 -0.0137723358 0.0959180817 0.0555126257 -0.104079738 0.105194151 -0.00162699434 -0.0862101912 0.00806385186 -0.0417057537 -0.0161034148 0.0431060418 0.0360192098 -0.0119588058 0.061914891 -0.00852346141 0.0157233365 0.11056114 0.0489019156 0.0554507039 -0.0763430446 0.0676021054 0.00573856942 0.108668208 -0.110413484 0.0029850523 0.0841007307 -0.122241423 -0.0426669829 0.0172538944 0.0906405225 -0.00571019854 0.0485822037 -0.0803085193 0.0781133249 7.55054134e-05 0.0513825566 -0.0711482093 0.0968476012 -0.0364430584 0.0132383984 0.0349914692 -0.070960708 -0.0109947799 -0.0362405442 -0.056724079 0.0715072379 -0.104327694 -0.00742256548 0.0399170592 0.0612788871 -0.0499553457 -0.00641577691 -0.043872159 -0.0293354895 -0.0704623535 -0.082745865 -0.0457817204 -0.109787799 0.0476251058 -0.0174144749 -0.115891643 -0.0273510665 0.00653644279 0.0981457531 0.0623470768 -0.0236007217 0.0224021263 -0.085593611 0.0195240825 0.0740799531 0.00488328096 -0.00236256933 -0.0828435719 -0.10582348 0.00568677532 -0.0915919542 0.111100323 -0.0176141746 -0.0283105876 -0.104007177 0.0588424429 -0.00866211019 0.100616381 -0.111688942 0.0274246987 0.0692218393 -0.0323374979 0.115477242 -0.033778321 0.0777687207 0.112694964 -0.0534885563 -0.0323887579 -0.0628813133 0.0636658743 -0.0381202735 -0.0529775545 -0.0868502334 -0.0560274646 0.00325075909 0.0870226175 -0.122375488 -0.0026025828 0.0549439192 -0.0361909531 -0.0421105102 0.103606179 -0.0495422892 -0.0367954746 -0.0246727858 0.0581800416 0.0250869561 0.0838931799 0.0677328408 -0.0370427966 -0.0749037191 0.0264820028 0.00572536746 -0.106772706 0.10540852 -0.0900920704 -0.065531075 0.0817609206 -0.0762248337 -0.020962052 0.12272279 0.0299689174 0.0199191365 0.0559559874 0.0787733495 -0.105518721 -0.0686142445 0.0221018866 0.0764275715 0.0445336848 -0.124204069 0.0804265663 0.0965869948 -0.0867640525 0.115737028 0.0936190635 -0.0509731025 0.10617134 0.0502755418 -0.0876969695 -0.0775493309 -0.0371627994 0.0657954663 -0.0520131774 -0.0469806306 0.0168018118 0.0508610867 -0.0173716731 -0.108237751 -0.00735094631 -0.0472626537 -0.0526211299 0.0617838986 0.014541517 0.038837485 0.0107303122 -0.0856080428 -0.00180515111 -0.0526224077 -0.109548569 0.101576291 0.1086955 -0.0239742436 -0.0632580742 0.051532384 0.0445180573 0.0645872056 -0.0958761126 -0.0482825935 0.0520416684 0.0294621848 -0.081111379 -0.0683762357 -0.0144974375 0.0562812537 -0.0275059976 0.0251386836 0.103513755 -0.0748770088 0.0163660105 -0.015174984 0.0229560044 0.0264382269 0.0398854464 0.0385435149 0.0584233962 0.125789464 0.117204234 0.0515169948 -0.0327958651 0.0951323137 -0.0702375174 0.00113363506 -0.0763381124 0.0318053178 -0.0763939098 0.0718370453 0.0154029336 -0.0799774304 0.0373943597 -0.0770399794 0.0746975541 -0.0164405331 0.059975177 -0.0681881681 -0.0706015155 0.100107282 0.0177374259 -0.0350992829 0.0359258689 -0.0879902467 0.0141889015 -0.0848154575 -0.0766507387 -0.028945934 0.0134314103 0.0711716413 0.0550649352 0.0322163105 -0.0941966474 -0.0239761025 0.0777191892 -0.103338145 -0.0871315449 -0.0813652426 -0.118256427 0.0605168045 0.0668438897 -0.00721018575 -0.0339466259 -0.00967446435 -0.0225047842 -0.0256696567 -0.0963974074 0.0772401765 -0.0844416097 0.119147889 -0.00563984038 -0.0888211727 -0.0235741436 0.108855255 -0.00738873286 0.0496080741 -0.0142418453 -0.00555895595 0.0538278893 0.0169984605 0.0928979293 0.112068333 -0.0896449611 0.0457920991 0.0786948279 -0.118869893 0.116947815 -0.0644562244 0.0764475092 -0.00599875022 -0.0127834119 -0.105373979 -0.117419422 0.124229506 -0.0263209641 -0.0125137707 0.112617761 -0.00641810009 -0.0723435655 0.112448119 -0.0521207377 0.118386537 -0.0128065459 0.0474702939 0.0166791901 -0.0661700591 0.0977682993 -0.117953777 -0.0145227648 0.0657051429 0.00165423506 0.0736402124 0.107120857 -0.0978445336 0.00708914176 -0.0484028235 0.103603967 0.00742359739 -0.0617081709 -0.00751105603 0.0400380939 0.0621418729 -0.0775722861 -0.0590221547 -0.0331554338 0.00136583485 0.100022249 -0.0016075254 0.0328984298 0.00385420187 -0.0819241256 -0.111957058 -0.0111547764 -0.040077623 0.0460418202 -0.0111509133 0.117715918 -0.0924838409 0.0965926424 -0.0382283181 -0.0228760857 0.0934688598 0.0818732604 -0.0226799287 0.0544981472 -0.097644113 0.0626998767 -0.0974784046 -0.0247398522 0.0704285875 -0.000795066531 0.00591099961 0.0729851201 -0.0187504478 -0.0451019481 0.120880648 -0.07508187 0.126891539 -0.12256074 -0.0177839249 -0.0297496766 0.0266978685 0.00723152375 0.0794748664 0.0990790725 0.100739062 -0.0741530061 -0.0248378105 -0.0434044711 0.0568658412 0.0898424536 -0.0491034538 -0.0198491346 0.0723053068 0.0792004094 0.0137002291 0.0671403259 -0.0535071194 -0.00699909683 -0.00135015266 -0.127625644 -0.0788640231 -0.0864871368 -0.0148381116 0.0964037552 0.109882265 0.0591370873 -0.0140947504 -0.0514322855 -0.111670978 -0.0214587655 -0.095243372 0.0117852613 -0.0788351893 -0.0415379964 0.0833148286 0.118134432 0.0908999816 0.0297255963 0.0154740429 -0.0356201753 -0.0585907549 0.0657494366 0.0277858451 0.0781272799 -0.0814323276 -0.0890847221 -0.103616737 0.00999963842 0.0551064648 0.0601524785 -0.0435229242 0.106366485 0.0128452228 -0.0717470497 0.110221379 -0.126306832 0.0416449793 -0.100231268 0.0619641878 -0.110315271 0.122365408 -0.0280426536 -0.0765844285 -0.0374272987 0.0961104706 -0.119124405 -0.040799249 0.07772699 0.122800589 -0.0484591424 0.0761299208 0.00287647569 0.0367179997 0.113343388 0.0136238448 -0.114146493 0.0190480705 0.0391101763 -0.0166775342 -0.119694769 0.110293023 -0.0952834114 -0.122205019 0.0312487967 0.0183274131 -0.0528774448 -0.119988173 -0.0491210334 0.0453577526 0.1004152 -0.033242967 0.0548378378 -0.0480290949 -0.0603238158 0.118034564 0.0916925594 -0.0989917144 -0.0926775783 -0.0338005163 -0.0426452458 -0.0795973241 0.0868329704 0.0493691973 0.0255209506 0.0140034538 0.0436076634 -0.107538685 0.113035455 0.0221708454 -0.101489797 0.121625133 0.0912930816 -0.0468359366 0.00330377044 -0.0251784455 -0.0382178314 -0.07357198 0.0290834326 -0.0837321207 0.0737203509 0.0993102565 -0.0740919709 -0.104116477 -0.102608338 0.00157252431 -0.0323365442 0.101574764 0.0495637842 0.0328917541 -0.0547089279 -0.0323645286 0.0122402217 -0.00296617672 0.116881132 -0.0276402235 0.0581174605 -0.0237455741 -0.0410139337 -0.100418471 0.0944308192 0.122547746 0.0284246653 0.0357131511 0.0853598788 -0.033213038 -0.000161820892 -0.0215387605 -0.0974283069 -0.0388101377 0.0186700076 0.0488773547 -0.0738504305 -0.0242992733 0.0116061028 0.0599104054 -0.0966093764 0.0304583721 -0.107548371 0.0343942158 0.0241674464 0.0916713774 0.125782594 0.0627458617 -0.07701502 -0.0374954231 -0.0677592531 -0.060695719 -0.100959584 -0.103849702 0.0932296589 -0.054881718 -0.0787359104 -0.040241655 -0.0674538389 0.0289380345 -0.116314515 -0.105053335 0.113837004 0.120492935 0.0492079891 0.0419673845 0.1132112 0.0198259484 -0.110306635 0.105052024 0.0735513419 0.0722627565 0.0744131729 0.0202385075 -0.0171600264 0.0894664004 0.00149010064 -0.023702994 0.0384578295 0.0735447779 0.117870063 -0.0709670484 0.105413929 -0.103672557 0.104439907 -0.121681243 0.00704485411 -0.0091786515 -0.101646975 -0.12505956 0.00259443559 -0.0916612819 0.0470299013 0.0863211006 0.0214409642 -0.0403283611 -0.0287674665 -0.0500302128 0.0116827404 -0.00315410155 0.003524072 -0.0421603806 0.0153739611 -0.111123569 -0.112655915 -0.118074954 0.0235206746 -0.0842351988 -0.0701458305 -0.118914068 0.06351953 -0.0465839282 0.0293038134 0.116071343 -0.112729356 0.0400214121 0.110300392 -0.0434199832 -0.0331371725 0.0292044561 -0.088194035 0.069934234 0.00307421875 0.0592643656 -0.0433054753 0.0173072796 0.112444364 -0.0818484724 0.0794614106 0.0273587499 0.0922500864 -0.0160651673 0.087898463 -0.0959528163 0.04423346 0.0980325788 -0.0420768224 0.0662456378 -0.0567248873 -0.0276343729 -0.0867350623 0.110175751 0.0632579923 0.0340410471 0.0810408741 -0.0150653785 0.102241762 0.119909756 -0.0852177367 0.107015684 0.0829481035 -0.0951872841 0.0716068 0.12510179 0.0858902186 0.0794070438 0.0209673904 -0.058923766 0.0555923469 -0.0383519121 -0.122003935 0.0269770678 0.109484524 -0.110871598 -0.0222356822 0.00416330947 0.0546050817 -0.00685283169 0.113981955 0.0568699129 0.0270003211 0.030453356 -0.0983977243 -0.115004301 0.0362828709 -0.0826689824 -0.106554583 -0.0567844361 -0.0365422107 -0.0514576025 0.104457244 -0.0715200976 0.0426497497 -0.00869386178 0.0784019306 -0.0465965495 -0.0405686907 0.036442399 0.103247054 -0.0167842451 0.103099689 -0.11784032 -0.0888485685 -0.0361667834 -0.0656800494 0.0653410554 -0.0277750362 0.106984116 0.107192427 0.0370200425 0.0840929151 -0.0133924307 -0.0692235827 -0.0437967628 0.0187982731 0.0577203929 -0.0219720211 -0.0675350577 -0.0104085496 -0.0413567312 0.00789850578 -0.0781497583 0.0366354249 -0.00452061417 -0.0583032593 -0.0983369201 -0.0662306622 -0.0721081123 0.117197052 -0.0144412238 -0.0742063895 -0.105062865 0.0496527217 0.0983394533 0.00285122101 0.115061216 -0.00137229299 -0.112506464 0.0481936894 -0.0986759588 -0.0708756 -0.0328431316 -0.0108695608 -0.0591998622 -0.0267100837 -0.108834684 -0.0409128666 0.0253823344 0.0554663315 -0.0929014757 -0.0429800041 0.0886680558 -0.114070475 -0.0471919514 -0.112495244 0.0972620025 0.0059769433 -0.113058396 0.115096763 0.0950862095 0.0545023754 0.0253455397 -0.0952503309 0.0281942803 0.0375648476 0.00240655569 0.0471691787 0.120398946 0.00578335952 -0.0219466481 0.0981706381 -0.12263567 -0.0583681613 0.0319134817 -0.110418096 0.0582748391 0.0689634234 -0.0956411511 0.0324335434 -0.0424360484 -0.0136762001 -0.0728857219 0.0423174649 0.0214087218 0.0955501869 -0.071351178 0.0880552009 0.0184507761 -0.0610801652 0.0331790373 0.0802341849 -0.030161975 -0.0832377747 -0.0891717002 0.000559381675 -0.0259365346 0.00753273722 0.0700818151 0.0804020762 0.0280235335 -0.101189293 -0.0556632057 0.0806303322 -0.0417381376 -0.102622643 -0.0962851495 -0.0278620142 0.0119562466 0.0485151634 -0.0695863292 -0.0652100146 -0.0524979122 -0.0203418322 -0.0154906455 0.0542030595 -0.0779787302 0.00110971811 0.0271875989 -0.0110142538 0.0213342458 0.044298362 0.0256448798 0.0481431186 0.0725686625 0.0120105045 0.0107097197 0.0345720835 -0.0512173511 -0.0907156467 0.0346987918 0.0436187498 0.121833488 -0.00813711062 -0.019188026 0.0227137171 -0.0812091976 0.0505711325 -0.0819504261 0.109428704 -0.119611233 0.0641181469 -0.027846761 -0.120582171 0.0954861417 -0.0698932111 0.01879826 -0.034558408 0.0083543621 0.0364190191 -0.0765068084 0.0619517975 -0.011208998 0.116062425 -0.0370000564 -0.060912177 0.0226261839 -0.0362975821 -0.123236299 0.0922380388 -0.088033624 0.0156202167 -0.008891128 -0.108246274 -0.0809616223 -0.116649792 0.0625387728 0.0571330339 0.11390397 0.0022547422 0.0209112056 -0.103224128 0.066266425 -0.0587072857 0.00277346908 -0.067724824 -0.108090691 -0.103295349 -0.0819135159 0.01258168 0.0441189818 0.0788523331 -0.014528105 0.072212562 -0.0406829268 0.0439524204 -0.00591784157 -0.0622874349 0.0911027268 0.0153695429 0.0996742994 -0.0760093257 -0.0299840607 -0.0628576651 0.0795783103 0.0646619722 0.0475014001 -0.0556767657 0.117352083 -0.0520924702 -0.00607312936 0.0609984286 -0.00650372403 0.0743176341 0.0212979149 -0.106586285 0.0311861988 0.0529814474 -0.0708178431 0.0582095794 -0.0487997681 0.0646822453 -0.106922798 0.0203762427 0.0184089113 0.0265103988 -0.071576044 0.00856469292 0.113405757 0.0675893202 0.0798838362 -0.111779153 0.0764394104 -0.0197940934 -0.0900769532 0.0964085981 0.096085839 0.103691444 0.12748909 0.0562812313 0.0957588479 -0.0839966461 0.022303164 0.0935429856 0.0879499316 -0.0418242514 0.0219047442 0.0999746919 0.031214254 0.0487615168 0.0895271152 0.0611104332 -0.102865167 -0.0629671812 -0.0390634425 -0.0288852621 -0.047083918 -0.0845569596 -0.058033675 0.00704622548 0.112183981 0.10202986 0.0950763375 -0.0478988551 0.0933623388 0.0906241909 0.0150860194 -0.0891984031 -0.0727203339 0.0348215066 -0.0976816416 0.087530449 -0.099950105 0.10719014 0.0282152835 0.0338685513 0.00163269904 -0.0941849425 -0.0934816226 -0.0308443736 -0.0258760676 -0.00953470357
tensor gate_encoder.0.bias 1 32
-0.0294807069 -0.0372514464 -0.0653600469 0.118060693 0.112378187 -0.0348922126 -0.107598364 -0.0147226145 -0.00100127305 -0.111157343 -0.0685109347 0.0456497297 -0.0842456222 0.105850995 -0.0085833557 -0.114159599 0.0933342054 0.0760266632 -0.0828184038 0.0831276178 0.0189126153 0.0689957365 0.0952866375 -0.096797362 0.0617972873 0.0436631255 0.0238811485 0.0728477463 -0.116242141 -0.120641835 -0.070796378 -0.0430128053
tensor objective_value_embedding.weight 2 32
0.151755705 0.452658147 0.1440752 0.719021201 -1.40263319 0.212722227 -1.73571897 0.432446301 0.623940766 1.64406312 -0.267549813 -0.0412733667 0.544657767 0.537606537 -0.0894698501 1.01945031 -1.42395008 -0.841314375 1.16836286 -0.606892288 -0.0428817682 0.370137542 0.374568313 -1.28974378 0.222445816 0.428466886 -0.317593545 1.31927586 1.04392958 -0.742214978 0.406637937 -0.976240635 0.695291758 -1.11187196 -0.108259544 -0.381217897 0.824343324 -0.440431476 -0.223797008 0.00646213396 -0.82751298 0.848692656 0.496430784 1.66170144 0.403476179 0.377689362 -0.416553169 -0.620723665 -1.00635028 -0.616145313 1.22000265 0.239914909 -0.167514548 1.19440126 -0.701344311 0.806358695 -1.44955349 -0.407865345 0.696662962 0.0808356106 -1.94221771 -0.317792475 0.0781016722 0.102320373
tensor backtrace_actor.0.weight 32 32
-0.109103002 -0.147253767 -0.0854597315 0.1648615 0.147193834 -0.0186565053 -0.0340975858 0.0258444585 0.137299851 0.0019048868 -0.0964770466 -0.0455196649 0.0389581397 -0.169840023 0.0375838615 -0.0297119431 -0.105782703 -0.176821008 -0.0926913172 -0.0794635266 0.0677066445 0.00706356019 0.0106878178 0.0782619044 -0.168686554 -0.117744811 0.0436260179 0.0614050142 0.0253105704 0.146885738 0.000571924029 -0.00430248305 -0.160913795 -0.123768494 -0.160627112 0.0702783987 -0.0821001753 -0.148909107 0.0884447396 -0.0365120582 -0.132309794 -0.0137999961 0.0700035691 -0.0715104863 0.00237152772 -0.0214903411 -0.148873717 0.0349208526 -0.0407219827 0.0860480145 -0.138377056 0.168084398 -0.0332897007 -0.0184145179 0.0629793406 0.0151513712 0.0390240178 0.151198819 0.0707167313 -0.0216750894 -0.0926623344 -0.108938761 0.0186602622 0.134812921 0.159940466 0.0148356427 -0.0351412185 -0.00552583486 0.0388410464 -0.168139383 -0.0497967005 -0.114831991 0.150403351 -0.163783625 0.00733493455 0.00498743961 0.0139855053 -0.10718824 -0.0317852013 0.129748538 -0.059425272 -0.0250482857 0.0625246987 0.110207014 -0.0725976452 0.159666598 0.152444243 -0.0948912501 0.166031808 -0.130209967 -0.154038355 -0.108285002 0.0661320835 -0.152183548 -0.0807836056 -0.0149087766 -0.0989880115 -0.0379575156 0.0796967149 0.0793815926 -0.0865632296 -0.116531335 0.0341335684 -0.121384181 -0.0143820522 -0.0413919054 0.0751894042 -0.0700020343 -0.165157169 0.00114604994 0.0627055094 0.127403885 0.0920515433 -0.0834618136 -0.0175402984 0.00125616661 -0.147289455 -0.0878146142 -0.0610580258 -0.0322853029 -0.0140490606 0.00412967661 0.0154469702 -0.088011533 -0.0362129547 -0.0541961119 -0.0827717111 -0.165578902 -0.0206374954 0.0221067294 -0.044050619 -0.126110896 0.164601997 0.011280166 0.107501857 -0.0463563129 0.066303134 0.0132541526 -0.0520001128 -0.127468944 0.043266397 0.106872737 0.0427689217 -0.15980202 0.17463094 0.077544041 -0.132173866 -0.0193906296 0.00601624418 -0.0250686407 0.0531963408 0.143508032 -0.0908631459 0.0281258449 0.104275122 -0.0838211849 0.0631109774 -0.0119854826 0.0881854743 -0.172909752 0.0260917824 -0.05999697 0.16403918 0.00290691736 0.0585704669 -0.0222299211 0.00872475933 -0.0879787654 -0.171347216 0.0321943834 0.14033629 0.152254298 -0.116336428 -0.0712774321 0.131994233 0.152394578 -0.00597110949 0.104195096 0.0868882313 0.129054844 0.100952215 -0.0639284998 0.149647057 -0.122258224 0.0132224923 -0.0970586911 0.11853417 0.0817870945 -0.107467569 -0.152719155 0.156940937 -0.174344957 -0.16289255 0.0125184022 -0.0788514987 0.151469961 -0.0479398184 0.174630314 -0.00364775443 -0.173819184 -0.00266547082 0.0886277631 -0.066192694 -0.0331010111 -0.0138847157 0.166053742 0.0871953219 0.0629978925 0.127672508 -0.0110419374 0.102070972 0.111771926 0.0075071957 -0.0268032439 -0.144568264 -0.134936616 -0.128484011 0.107446872 0.0636873618 -0.0728980228 -0.10079404 0.125156447 0.00936386082 0.178323507 -0.0108407326 -0.142660305 -0.120433241 -0.166635975 0.124292739 -0.0554143079 0.138191327 -0.0712327659 -0.107294179 0.035056483 0.0136118326 0.17119652 0.122818708 0.0563419722 -0.144935563 -0.0538632832 -0.120296918 -0.0430457182 0.0965980291 0.00657860376 0.0596984066 -0.102610551 -0.0286275465 0.173125997 0.0785834342 -0.130360976 0.0975932106 0.0475147106 0.0814917311 -0.166750371 0.0476872846 0.174227387 -0.151383162 -0.0438862629 0.117901042 -0.0389157198 -0.00429451978 0.0437528491 0.120565049 -0.0316795669 0.0290552918 0.00587678375 -0.124035031 0.176156521 0.0309097506 -0.035377495 0.127265275 -0.109484449 0.148877501 -0.158186123 0.126816988 -0.00287765684 0.0307039507 0.0414674692 -0.0418814421 0.0162606593 0.114692576 0.120310657 -0.00666486425 -0.126580387 -0.105241537 0.128980309 -0.173050076 0.0752002969 -0.114043042 0.0503159687 0.147746295 -0.113315195 -0.160734788 -0.131723359 0.0201308206 -0.0809148923 0.151054889 0.0931885913 -0.157311276 0.00326255872 0.0677351728 -0.107901201 0.170006528 -0.0718287528 -0.00334023382 -0.14557761 0.175918147 -0.0846191421 0.0808910429 -0.0305116102 -0.0299238749 -0.077393584 0.041844748 -0.108883299 0.0230605565 -0.109573975 -0.1622352 -0.106180787 -0.0727565065 -0.172473416 -0.167321593 -0.0423916318 -0.124706648 0.151909888 0.0297460128 -0.0611641034 -0.0458101891 -0.0884418637 0.0513406023 0.0448886268 -0.141622499 0.159797341 -0.153290451 0.131477639 0.0766422525 -0.022624908 -0.00437805057 0.0657029152 0.143647179 0.126472428 -0.00220238371 -0.065500088 0.027166741 0.102821335 -0.0764787123 -0.0546869487 0.135330632 0.107008263 -0.00596011896 0.0484299175 0.0153067866 0.112047754 0.1075342 -0.0181718357 0.128573239 -0.0407582074 -0.115570553 -0.0228412915 -0.161117852 0.0266187862 -0.166623473 -0.176364616 0.109422944 -0.0307459794 0.10450761 0.135464445 -0.154355347 0.0401386358 -0.139690116 -0.0335493423 -0.0505642258 0.167571843 -0.140042201 0.112464093 0.124379791 -0.137969047 0.164997444 0.161031291 0.112408318 -0.082235463 0.16087912 -0.093171522 -0.116556421 -0.12195082 0.0885000676 -0.0850408748 -0.156906411 -0.0294846427 0.107489668 0.175219357 -0.0811234191 0.0495703444 -0.123833247 0.023612706 -0.0988906324 0.0886913463 0.0816189423 0.0580417365 0.0211859457 -0.0256604441 0.0319834687 -0.177687407 0.0205469131 0.143285528 0.0747291073 0.0556684509 0.0849701092 0.108856417 -0.0801390484 -0.129637539 -0.0833771303 0.153559059 -0.0447977744 0.15850161 -0.125947818 -0.100571565 -0.0610417165 0.104255013 -0.118546784 0.0699112639 -0.0478848629 -0.122065499 0.123814523 0.0210808534 -0.069241263 0.120057859 0.123247221 -0.00919130538 0.132340044 0.0572303869 0.114155218 -0.0458614603 0.090818502 0.0955686197 -0.0649588555 -0.0820969567 0.0431731306 0.116581708 -0.000904992339 -0.0768818185 -0.0348579362 -0.0708689764 -0.0807107165 -0.167843327 -0.00938238017 -0.0993551463 -0.0503454171 0.0257800221 0.0457306318 0.141028747 -0.158496559 -0.0815124065 0.0837688893 0.0985584706 0.163586393 0.170841977 0.126445517 0.135453045 0.138780668 0.160957262 0.0438767336 0.107129417 0.0900415778 0.0754538029 -0.0114271725 -0.136929587 0.112669885 -0.00378508633 -0.105981261 0.148423865 0.0459369384 -0.1340262 0.0969108641 0.056948863 -0.0760235712 0.0989905074 0.00965365022 0.0072802403 -0.175148576 -0.157776549 -0.14911972 0.116366044 -0.116412982 -0.124630317 0.0792711973 -0.169455886 0.112873591 0.0592547506 0.10448797 0.127492607 -0.0499100573 -0.0135709029 0.115132406 0.126847833 0.148335338 0.0290654935 -0.0381839909 -0.0421479866 0.080068931 0.04993755 -0.0115416935 -0.036784865 -0.169397429 -0.0550136082 -0.123496294 0.162491158 -0.0932515413 0.0146434167 -0.0466412455 0.0913634598 -0.161761478 0.139466539 -0.135713115 0.127518758 0.0472563729 -0.141824782 0.157331988 0.153808326 0.058745902 -0.144058183 -0.0518836454 0.0584024377 0.0420366488 0.065000087 0.102799319 -0.0828144699 0.0592451654 0.115504049 0.166168943 -0.133448869 0.0950136334 -0.168541044 0.00216673594 0.109718673 -0.0946744159 0.152932629 0.0439642146 -0.144806638 0.00901243743 -0.0933400095 -0.163338035 0.153783083 0.0939739943 -0.0312231444 -0.0153827919 0.14396657 0.0688312277 0.157471761 -0.144705549 0.0957010165 0.112388 -0.134562716 -0.164877847 0.172146216 -0.0903654546 -0.121729925 -0.00208698283 -0.109591812 -0.0201485008 0.169175133 0.159337237 0.000904607237 -0.11339397 0.0776142702 0.0835671946 0.0246109404 -0.124946058 -0.108654484 -0.0561865084 0.127400011 -0.122005239 -0.162178904 0.151053086 0.109009415 0.00581035484 0.0429908484 -0.170925006 -0.023947563 -0.169979781 -0.120699748 -0.0122669209 0.0504503101 0.159435555 -0.0867162645 -0.0729878992 -0.0604304969 0.101028398 0.0273308028 -0.166598722 0.0707686469 -0.136934146 0.00147633138 -0.002784468 -0.159516037 -0.0277636442 -0.0685643256 0.0472458042 0.111427329 -0.135952786 0.113513976 0.1336319 -0.0559012964 -0.111749254 0.0805592462 -0.166375741 -0.153158993 -0.0257825945 0.121248178 -0.147816613 0.172826409 -0.174212173 -0.0411835499 0.00283548492 -0.00585309323 -0.149066761 0.0226865169 0.13793315 0.0102853244 -0.134110138 -0.0356017575 0.039214693 0.0359281227 -0.126517281 0.00604693126 0.131954953 0.0169726275 -0.0583326593 -0.0567021817 -0.149453878 0.159100667 0.00637419941 -0.0885387585 0.14071916 -0.0560225919 -0.0505037718 -0.155545369 -0.0733509287 0.147536203 -0.0792921782 0.0079865437 -0.0809755474 0.0881794095 0.178476289 -0.0124777947 -0.151108995 -0.140278012 -0.126720592 0.178902432 0.173941791 0.019036606 0.140081465 -0.0549181215 -0.000187081183 0.0254641827 0.0194724016 -0.147544548 -0.0652410388 0.0152032385 0.101054601 0.131995469 0.0924184397 -0.0297714807 -0.159826562 -0.136596009 -0.105291657 0.0494588464 0.037227612 0.12222594 0.165443286 0.17571874 0.105883211 0.170496747 -0.0640377402 0.0571401715 0.0824444965 -0.0156344157 0.0197992586 -0.102055453 0.0563311316 -0.106627874 -0.0955074951 -0.0156171732 -0.0169990212 -0.0534045212 0.0449669175 0.164217234 -0.0226657707 -0.0478036962 -0.124055654 -0.0866423547 -0.118048966 0.0876781866 0.157399341 -0.0667199865 -0.00380411604 0.156640828 -0.0992963538 0.117204934 0.144219339 -0.0552272834 -0.16234906 -0.0579789095 0.172962338 0.0708564967 0.0735476613 0.000902854546 -0.168189317 -0.136182487 -0.0407086685 0.116291337 0.0718278587 0.0593877323 -0.0195931774 0.00331987208 -0.094172515 -0.0838114396 0.137011081 0.11606548 -0.127203256 0.00317954179 -0.00810061861 0.169491991 0.0728069097 0.0507342108 -0.0537181161 0.124960825 -0.172107622 -0.0285049118 0.0722176284 -0.0140644489 0.107796259 -0.124305911 -0.131679118 0.103266597 -0.102126464 0.024963107 0.0923334137 -0.0659979135 0.0452170447 0.179307804 0.0662283152 -0.102385573 -0.148306936 -0.157400191 0.162663013 0.123513259 0.0557381175 0.0755624697 -0.106040657 -0.0196818169 0.0750345513 0.0380942374 0.13638939 0.0949394852 0.143782616 0.169654042 -0.0587995797 0.0636453554 -0.166143164 -0.148804992 -0.170131728 0.168516606 -0.10391026 0.0562400185 0.00293988921 -0.173347637 0.0730277449 0.124526218 -0.000340970641 -0.120858587 -0.0826127008 -0.0530062467 -0.1077483 0.104201555 0.0482271947 0.0228035785 -0.123802058 -0.059229672 0.161993891 0.0880740881 0.16130808 -0.168866351 -0.0172059741 -0.0809790418 0.0111912908 -0.0647724494 0.0216164459 0.0768443272 -0.0877601653 0.049004402 -0.110735133 -0.135849297 0.0187734663 0.124804877 -0.0584445819 0.15462321 -0.084641397 0.0284171999 -0.0673943982 -0.021167038 -0.161975369 0.155518979 -0.0443123318 -0.0272234343 0.0402496047 0.0575825088 -0.0867527947 -0.0619448349 0.113132194 0.144514814 -0.0087730037 -0.0831519291 0.135119691 0.118693523 -0.1600205 -0.153466284 -0.11114496 -0.0389320478 -0.168656871 -0.0217057839 0.118118227 0.127295002 -0.0174552128 0.174107373 -0.0257400535 0.0395347401 0.111108258 0.0187825225 0.0858580023 -0.11660862 0.0718922988 0.024839526 -0.159631982 0.164049253 0.159840152 0.0766327456 -0.0936698541 -0.143372163 -0.158279926 -0.0313192159 0.0478299372 -0.174711317 0.0256691258 -0.134509251 -0.0727718845 0.00484978827 -0.122714512 -0.0704989582 0.0683560669 0.122003555 -0.0225867685 0.0579863787 0.088610515 -0.113893397 -0.0747495964 -0.0329064913 0.0817016065 0.0624286495 -0.146419197 -0.0139164105 0.0616106465 0.0921461731 0.159299806 -0.0885997713 0.01160134 0.0829911008 0.00483258255 0.0362394266 -0.169693485 -0.0352479145 0.0579449981 -0.0460899845 -0.160706058 -0.172085971 0.00188528362 0.129638046 0.104265556 -0.0838920325 -0.042830877 -0.0229048859 -0.103296384 0.169151753 -0.165245891 0.0219151229 0.162673175 0.112400644 -0.0423778109 0.104224794 0.1490639 -0.145337194 0.142076746 0.0929263085 -0.0577845313 0.117728427 0.110008761 0.0521793924 0.062769644 -0.0568971373 0.119820431 -0.0639289841 -0.00369823398 0.170434445 0.129562706 0.0853572711 0.022799015 -0.0974963307 0.162083477 -0.169984296 -0.0884103477 -0.0430663861 -0.066342853 -0.0831734017 -0.0187176932 -0.0726642907 -0.071937792 -0.111505657 0.146365672 -0.124105059 -0.0972230583 -0.0337238498 0.116984129 -0.166682869 -0.0659773201 -0.0540658273 -0.129620075 -0.0888587758 0.0769365653 -0.00353324506 0.0296891499 -0.152360961 -0.0531539284 0.10442657 -0.0603299364 -0.010843792 0.100583874 -0.0700006187 -0.0183200724 -0.157800108 -0.0590206198 0.1094134 -0.0787256584 0.0918917134 -0.115365557 -0.143731281 0.100874595 0.160002187 0.0457682014 0.148653105 0.0522475578 -0.0298006535 0.115314715 -0.0176810138 -0.0324876234 -0.0530118421 0.0765754879 -0.126168132 -0.0993669033 -0.0368319899 -0.16017957 0.0414681695 -0.0341610722 -0.0154933417 0.00726459501 -0.00747104594 0.0679189712 -0.166548014 0.168882772 0.11820437 0.0129623506 -0.150832579 -0.00183590653 0.17152229 0.0739472285 0.130730823 0.1267986 -0.099602133 -0.0419423394 0.0220823679 0.0276464727 -0.139771298 0.0802392811 -0.158938974 0.146344617 -0.165881827 -0.101451896 -0.12206506 -0.0402204543 0.13389267 0.102143086 0.0164129678 0.0878286138 0.126055017 0.0150006413 0.0032998072 -0.0960496962 0.0184702799 -0.0407001637 0.140323609 -0.00974478014 -0.0130640538 0.0604909696 -0.146522701 0.10780219 -0.140296459 0.119155414 -0.132174835 -0.125440896 -0.121434167 0.0929356664 -0.100498937 -0.0856548026 0.162587672 -0.138721585 0.00562226679 0.0411434099 0.169907048 -0.0660512522 -0.168630108 -0.0716349855 0.0872312412 -0.132619947 0.17555739 0.0297309346 0.108884715
tensor backtrace_actor.0.bias 1 32
-0.0918740928 0.141901776 0.0622946098 -0.129963964 -0.0297646504 0.0686407611 -0.0961076319 0.126259446 -0.0815560296 -0.143450752 -0.0600127652 -0.0445869341 0.0793362409 0.103662565 -0.0127829984 0.122709922 -0.137530386 0.156359509 0.0624435097 0.157755986 -0.166270643 -0.143951938 -0.0852962881 0.106969595 0.0781915784 0.1610021 -0.0475476049 -0.105912201 0.15588437 -0.100777149 0.115281098 0.102169812
tensor backtrace_actor.2.weight 2 32
0.124258988 -0.128583372 -0.116403759 -0.143587738 0.130974457 0.0985771939 0.150827453 0.0568980165 0.0305778589 -0.0513486639 -0.0712729543 0.00977152586 -0.0639099404 0.124117717 0.0125117609 -0.165847763 0.10396152 0.0606865883 -0.0415074304 -0.0300491117 -0.137438685 0.114640191 0.00174454087 0.112635761 0.102149591 -0.1192213 0.0177666284 -0.059762504 -0.157205209 -0.169372514 -0.134721234 -0.0310299844 0.147252023 0.173083603 -0.169667482 0.107427604 -0.107197322 0.0620122738 -0.0347278304 -0.0495273955 -0.0592513084 0.143964455 -0.172743678 0.178349137 0.058536727 0.150821641 -0.167221978 0.0642237887 0.0867670551 0.0143851042 0.0688282773 -0.157875791 0.162263021 0.034326531 -0.124432199 0.149909914 0.139065146 -0.162451282 -0.0772475675 -0.0220563989 -0.0505971871 -0.128780231 0.114694156 0.0176146235
tensor backtrace_actor.2.bias 1 2
0.100932159 -0.0529390424
end
