SMARTATPG_ACTOR_V2
embedding_dim 64
hidden_dim 32
tensor gate_encoder.0.weight 32 64
-0.0971274748 -0.0495898239 0.0682671145 -0.0965390578 -0.109131634 -0.0193592627 0.0525991246 -0.131059155 0.0392784737 -0.123697788 0.0860201865 -0.0974150971 0.0710159615 0.0330919512 -0.0140070831 -0.0520008765 0.0940210521 0.0288728811 0.0174730998 0.107935965 -0.02750591 0.064690575 0.0427941382 0.0137580596 0.060877379 -0.0506280251 0.106465884 -0.0603376031 -0.0593482368 -0.124610104 0.100646965 -0.0131765995 0.0692174584 0.0200992357 -0.0995105803 0.0203521382 0.0770874545 -0.021981677 -0.0447912812 -0.0434318148 0.0592525005 0.0434041172 -0.0955936536 -0.0360758007 -0.0215200651 -0.0825619698 0.0345710143 0.0809504762 -0.0166691784 0.0606792048 0.00335332751 0.0443044268 -0.0686728507 -0.00757887727 -0.13847284 0.0107001066 -0.0246697702 0.00066688942 0.0579113029 0.0349151343 -0.10318514 0.105144277 0.0868715197 -0.0402303934 -0.0613583252 0.000384722487 -0.00703197857 -0.075332962 0.129121095 -0.0109500922 -0.0954884812 -0.00476726284 -0.138781026 0.0320068374 -0.0134576987 -0.079742983 -0.117792733 -0.0282525495 -0.0262902863 -0.0686756 0.0537878051 -0.00360083464 0.0988428667 -0.119771577 0.110116459 0.1150878 0.0834364668 -0.00552510237 -0.104267925 -0.0547207445 0.0724356472 -0.0691192001 0.0264414959 -0.0793622285 -0.117496349 0.0543327183 0.021422077 0.00339411316 0.0503798537 -0.118920088 0.0198060777 -0.0866417363 0.0780152753 0.0574031472 0.0212239008 -0.00709013874 -0.098969385 -0.0451556221 0.106339015 0.140002429 0.12362536 0.0273063481 -0.105072431 -0.036072053 -0.00504239788 -0.12318676 -0.0409586579 0.140797645 -0.016111061 -0.0260524638 -0.0333654247 0.0610702373 0.126788527 0.0511857308 -0.0532213338 0.0635750368 0.0595126376 0.00764553715 -0.0248499606 0.0335671045 -0.0955159515 -0.0869040266 -0.0508786254 -0.0226195026 -0.0602340996 0.060306076 -0.108251914 0.0984188467 -0.0515355691 0.0380814187 0.0507964902 -0.117759243 -0.0284868442 -0.0133741926 -0.0447449088 0.00269194064 0.0666291341 -0.0558892973 -0.00909857079 0.0852548555 0.0574389212 -0.0625704154 -0.00445028394 -0.0198813658 0.0074926801 -0.000645477034 0.0572295152 -0.078590937 -0.026881326 -0.0371063873 -0.00981057528 0.000746726524 -0.112171493 0.0131033547 0.00248721801 0.0764806569 -0.0340282209 0.122639708 0.0331598371 0.0788132027 -0.125247717 -0.121784732 0.00402041525 0.0413783938 -0.0496755168 0.124257147 -0.0398687087 0.017967049 0.115218878 -0.0209493153 0.10972245 -0.0375559404 0.0923179537 -0.103300296 -0.03183911 0.000216348897 0.132037401 -0.0547696352 0.0751599371 -0.0261145122 -0.0281063989 -0.0130993528 0.0801958218 0.0676661953 0.090828456 -0.0880637243 0.133366391 0.101122417 0.0874041617 -0.0727828294 0.0142093077 0.0897591189 0.0683127567 0.0127013577 0.0547973476 -0.0509087928 0.104694039 -0.0931605548 0.0840413049 0.0395003743 -0.0327105895 -0.0758590177 -0.0329103693 -0.0606107712 0.0508947372 0.0128030041 0.0734711289 -0.0464025326 -0.0965575576 -0.0909973979 -0.127480745 0.0132818185 -0.0044497638 -0.0821196362 0.0829856023 -0.0405558124 0.00911345333 0.0198264848 -0.0275878236 0.108419314 -0.0425027683 0.0331121162 -0.0942732841 0.140990347 0.0423576534 -0.0513931438 -0.0638042465 -0.0264260303 -0.0650294423 -0.0911983475 -0.0280985851 0.0454835147 0.104482487 -0.126130357 0.0378833823 0.0244989749 -0.0345419906 -0.0906817243 -0.113919988 -0.0595826916 0.0570453703 0.0554950349 -0.0175196975 0.111067072 0.0792455822 -0.00162140722 -0.0260378253 0.102361195 -0.0185048953 0.0762195513 0.0864357576 -0.0819029883 0.108149745 -0.0340812691 -0.0118509214 0.112333529 -0.0114654098 -0.120974086 0.0454799794 -0.0141426902 0.117401294 -0.0596229732 -0.0326056853 -0.036908213 0.0259842779 -0.0212263744 0.030491678 -0.045944728 -0.0924554318 0.0916696787 -0.0948051065 -0.0300157461 0.0779509693 -0.0841243938 -0.0575620942 -0.00415103789 0.0726190433 0.0751534849 0.0488250591 0.0627720281 0.111718662 0.115337521 0.000436572358 -0.0247526728 0.0486655645 0.0294859949 -0.0922162607 0.0335993469 -0.026186876 0.10923548 -0.117602065 -0.026534291 0.0431795828 0.0473127104 -0.00923315436 -0.119563967 -0.0169058666 -0.0225641187 0.00430540228 -0.0565059669 -0.0486419089 0.0526878238 -0.0467739142 -0.130291566 -0.0845023245 -0.0398189835 0.0249752924 -0.0436341986 0.0965868905 0.105024077 0.0510994494 -0.118864253 0.042440705 0.104965918 0.12742503 0.00642266683 0.0829096809 0.0588683151 -0.143911332 0.0441732556 -0.0622758232 0.113428883 -0.0683999807 0.114415191 -0.0522408001 0.0343954526 0.0903121606 0.0489824601 0.0384241343 -0.0826829672 0.0827136487 0.0367918946 -0.00259658624 0.0994722694 -0.105094157 0.0589627847 0.0303825215 0.0622935742 0.0764195845 -0.0434733294 0.00955856871 -0.0378752351 -0.0809307545 0.0626420081 -0.0857293159 -0.0487298481 -0.0494998693 0.0894131064 0.0265898239 -0.0391965397 -0.109741986 0.0122357812 0.0690531135 -0.102158889 0.0947707891 0.0875106379 0.105667189 -0.090269886 0.0921099558 0.0598867387 0.0338332765 0.0330589525 0.109430626 0.00108382909 -0.0674717948 0.0246497244 0.0724352077 0.0124864355 0.112609796 -0.0088485973 -0.0626736507 -0.0182811208 0.0255546663 -0.0500051975 -0.0455530137 0.0590234287 -0.0475725569 0.0522322915 -0.01010409 -0.0632644966 0.041524861 0.125740573 0.118841015 0.0172078311 -0.098513782 0.126978099 0.0867649987 0.0520585813 0.0576464795 -0.0927917659 -0.0970383584 -0.0103713432 -0.120733753 0.0122202188 -0.031484019 0.0312627032 -0.111573949 -0.112325855 0.0956995785 0.0386528261 -0.00624064216 -0.103736192 0.116068132 0.121389814 0.099288322 -0.0208096765 -0.0496471114 -0.0567503124 -0.0489580892 -0.0535122454 0.0772270039 -0.0630024299 0.0891222134 0.0186936073 0.0587071031 0.0480416529 0.0349755101 0.0914321914 0.0336353183 -0.102728434 0.0197976902 -0.101601802 -0.0189259108 0.00623221882 -0.0191967152 0.0770471245 -0.0736895725 0.102884755 0.0527806319 0.0179498382 -0.0494699627 -0.0746175572 0.0882823244 0.081310004 -0.00270625926 0.0964022428 0.116555654 0.119666778 -0.0563690215 -0.0463851877 -0.0420131311 0.0299117565 0.0462363437 0.0433579944 -0.00322907348 0.0451804549 0.0227505397 -0.0983213782 0.109623671 -0.0929170549 -0.0317629129 -0.00567827234 0.103738859 0.104921058 -0.11023955 0.103269272 0.0421943329 0.0224395022 0.00663519558 -0.0284295399 -0.0131393531 -0.043354433 -0.0569784716 0.00505706947 0.0291886479 0.0698494688 0.0539140254 -0.0439287573 -0.026796123 0.0259665307 0.106434882 -0.0345012024 0.0515958853 0.114854068 0.0201937985 -0.0914480388 -0.0943304226 0.114999287 0.00982293021 0.0146914497 -0.106041744 0.0720280483 -0.0956266224 0.0124822091 -0.0127666956 -0.0107197734 -0.0381712131 -0.0982443988 -0.112672187 -0.0418019816 0.0726739094 -0.0571531169 0.0910952985 -0.00155727984 -0.0853733495 -0.0220900141 0.00215589791 0.0629046187 0.00189000356 -0.0348187573 -0.0164581556 -0.0808584988 -0.0400688984 -0.0669129863 0.0879634097 0.00661977381 -0.0143927541 0.0681052357 0.0840898529 -0.0679219663 -0.119873539 -0.0423447452 0.122765943 -0.0980912372 0.00862343051 -0.0607503615 -0.102723703 -0.139803886 0.0686455742 -0.0661375746 -0.0414039977 -0.0732881352 0.10483335 0.00574060995 0.00380764855 -0.00196599634 -0.0187991094 0.0517274328 0.0845547393 -0.0687971264 -0.0941844061 0.0124401599 0.074155964 -0.118966348 0.0839184001 -0.0248698853 -0.0688627884 0.0302407164 -0.110524602 0.0830361173 -0.116439849 -0.107897475 -0.0805160999 0.0644477904 -0.0599528477 -0.0302218087 0.106465273 0.0941699222 0.135525763 -0.00786514115 0.0778942183 0.0774940103 -0.0941766053 -0.0359220654 0.109166913 0.0282070525 -0.095666334 0.0354302749 -0.0371197574 -0.105906337 0.000669846195 0.122739449 0.0682191327 0.121750221 -0.0813253745 0.0014231716 0.0965703502 0.0209712517 0.115639895 0.0293038283 0.0828829035 0.0712614655 -0.063818045 -0.0837801844 -0.0798054934 -0.067644082 0.127192855 0.0801340342 0.0396084115 -0.0825981796 0.00594658544 -0.128029943 -0.102758162 0.0803202614 -0.0937940553 0.117006667 -0.0441760235 0.0302490741 0.0281502958 0.0680720657 -0.0554336905 0.0930523276 -0.104922973 0.0211180169 -0.000675927266 -0.136610195 -0.0465547182 0.0325804874 -0.0952365249 0.11529509 0.0899769813 -0.0868784338 0.0885243267 0.0147660887 0.100839831 0.0893001482 0.0540440157 -0.0823606104 -0.00822310988 -0.0197313223 -0.0899035484 0.0664334074 -0.00833888166 -0.0127189374 -0.00277405255 -0.00465585198 0.0252714995 0.0504990593 0.0325821266 -0.0452518165 -0.124573797 0.0432938598 -0.00237321481 0.0216061119 0.0219511185 0.0809447691 0.0770540908 0.0415715948 0.122103542 -0.059930969 -0.0388468988 0.0661965683 -0.0221469048 -0.0418611132 -0.0143102193 0.0773645714 0.0543568917 -0.13769269 0.139158905 -0.00389387598 0.0168427732 -0.102382846 -0.00989732612 -0.0404099897 -0.0936223865 -0.0575345568 -0.0236558951 -0.087306954 -0.0171019174 0.0973156467 0.0773164034 0.00199875841 -0.0663464963 0.113984704 0.0372112803 -0.029528575 0.0642192215 -0.0635981932 -0.00485907169 0.0640230998 -0.0516836084 -0.0147678182 -0.0381068103 0.0916420147 -0.144044966 -0.102653913 0.0425908491 0.00832069945 -0.0442686044 0.0648251399 0.0982910767 0.0422001705 -0.0764741004 -0.100300632 -0.0642903447 -0.00882860366 0.0708470419 -0.0429973714 -0.080117844 -0.0901803225 0.0745561346 0.00292237755 -0.101531684 -0.117888488 0.137727752 -0.124132067 -0.0814139098 0.00346065522 -0.102574281 0.11616639 0.121838108 0.015151157 0.0130143194 0.0261052325 0.05225344 0.0482429415 0.00443789596 0.045127172 0.0719585866 -0.0415858403 0.0344122984 0.0248801298 0.0449074097 0.103553802 -0.124738216 -0.0563461743 -0.0963897929 0.066870153 0.060943976 0.0463692285 0.109569401 0.00210198946 0.0747600943 -0.0612579845 -0.0975941047 -0.0135783637 0.085556455 -0.0221070033 0.0987971276 -0.0131159732 -0.0349867232 -0.100035354 -0.0224223826 -0.127144247 -0.0926098153 0.0614372604 -0.0396004207 0.0151115619 0.0333553404 -0.0725773424 0.0209030807 0.040181499 0.110095136 0.105870329 0.0776676908 -0.0971651748 0.0574014485 0.0379591323 0.0871438012 0.104488604 -0.0100721885 0.0521654487 0.126091897 0.120294593 0.11933063 -0.0855002999 0.0813329592 0.00174570584 0.0766299888 0.0607120469 -0.0611519851 0.102806717 0.0176542699 -0.0495730415 0.105410114 -0.0604586489 -0.0992428884 -0.0515546426 -0.0881511122 0.0840206742 0.0174055137 0.00673773512 0.0369791426 0.0361899622 -0.127726048 -0.0667171478 0.11576698 0.0847573429 -0.0609198138 -0.0321833082 0.123537757 0.145621777 -0.038963411 0.0148639474 -0.0920791849 -0.118106402 -0.111573786 0.0830587819 -0.121700332 0.0825559497 -0.0600729845 -0.0541852154 -0.147567272 0.138144463 0.0107662985 -0.129347727 -0.0719142109 0.0123403035 0.0403892659 0.116994463 -0.00740020489 -0.0480378903 -0.0501471981 0.0116314422 0.0849444047 -0.0352272317 0.0632126778 0.035677705 -0.0881775767 -0.0361397825 0.0977018476 -0.120950468 -0.0226767026 -0.0322411172 0.0468513295 -0.105635822 0.0330513269 0.0415825434 0.0795999989 0.0725155994 0.0333917253 -0.0260315575 -0.0879894271 0.0953025147 0.0374162234 -0.125352427 -0.0354807489 -0.11622712 0.0660255402 -0.128512174 0.0622943044 0.0676689148 -0.0893943608 0.12259993 0.0223359521 0.0148225762 -0.0770293251 0.02541239 0.0688867122 -0.0363636613 0.0129979523 0.0507131033 0.0145249385 0.0155770658 -0.0102524972 0.10663721 0.063869305 0.0169432517 0.0767962635 0.042449329 0.0883679241 0.0985204503 0.0585754737 0.0857838318 -0.0354379863 0.0112100923 0.00811119378 -0.00874011312 0.0670554489 -0.0878861472 -0.0761147887 -0.00275318767 0.120191969 -0.10107968 0.00795127451 -0.102038585 -0.0276625697 -0.089872323 0.0136250565 -0.0279344488 -0.0363746285 -0.0906934366 0.0210785251 -0.116324797 -0.108444035 0.110930525 0.0696887299 0.128506556 0.0677378699 0.0824976489 0.0200297143 -0.113235191 0.0451437458 -0.0852598622 -0.0377889015 -0.10836713 -0.111358769 0.0383916721 -0.114962131 -0.058647465 -0.0592204109 -0.041061502 0.0902110338 -0.0767882019 -0.0363307931 0.0602336302 0.0361721441 0.10642384 0.0321677998 0.0444867909 0.0114806481 -0.0624542125 0.0403735042 0.0131220473 -0.0332810208 0.0705126151 0.0321330726 0.110229403 -0.0289126281 -0.0866643265 0.0168602262 0.125744343 -0.0712905973 -0.109830528 -0.0916113704 -0.116991058 0.111358859 -0.109896474 0.0103149628 0.0959276333 0.0307302792 -0.050738886 -0.0874379575 -0.0851724893 -0.00728298398 -0.0585346632 -0.0805760846 -0.045273494 -0.0273419786 -0.0593209043 -0.0835562646 -0.103634566 -0.0872144327 -0.0906623602 0.0309408903 -0.00590018788 0.10633418 -0.0700094849 0.110626981 -0.0836996436 -0.00175742991 -0.0629407391 0.0269021746 -0.111953512 -0.00427691452 -0.0810812563 -0.107095361 -0.0812475756 0.0237596724 0.123938046 -0.0760637596 0.0588045903 -0.0592887737 0.0208059102 -0.0600919798 -0.0681085661 -0.0536860377 -0.0540367067 0.126792669 0.0584925711 -0.0529026203 0.0528216027 -0.0543996468 0.022616934 -0.0229247361 -0.0229545124 0.00895676203 -0.105984405 0.121129945 -0.121681847 0.0567854755 -0.00412726542 0.0815432072 -0.0298050717 0.0253012385 0.0925566182 -0.0442767106 0.0866451412 -0.118177786 0.0434463732 0.107595339 0.087028347 -0.100612111 -0.00943455938 0.0175605826 0.0691873282 0.0253511388 -0.0670167431 0.100684933 0.0183555819 0.0759827718 -0.0665356815 -0.0470534898 -0.0287526753 0.00272275577 0.0791647658 -0.110731907 0.0228739604 0.104627766 0.00159842498 -0.000186617777 -0.0684450939 0.0211066902 -0.0987431556 0.0600883663 -0.0833936483 0.00105211884 0.091695413 0.105649076 0.0483886302 -0.108179368 0.103164241 0.0504106246 -0.0413138606 0.109390475 0.0632283017 0.015591559 -0.0174548924 -0.119637944 0.11650873 0.0496818833 -0.0199678354 -0.0789442211 -0.127634659 0.0355628058 0.0595328063 0.113268837 0.0094031496 0.0765621662 0.0576573499 -0.0740001351 -0.0466551334 0.0474745072 -0.108881392 -0.0354386121 0.117921859 0.0615564846 0.0802419186 0.108025879 0.115947589 -0.117079556 0.104918234 -0.0710787475 -0.0920915902 0.0198716782 -0.0687170103 0.109270439 -0.0958227366 0.107865013 -0.0360421576 -0.0901789516 0.107543223 0.0589156523 0.0980113 -0.0732194632 -0.0516737066 0.11966081 -0.0396723822 -0.0575676821 0.0196932759 -0.0444342867 -0.113407232 -0.0455164686 0.00513415225 0.00381607329 0.0998161659 0.0282332636 -0.101055041 0.0250802636 0.102062784 0.12044654 0.117147543 -0.0572013147 -0.0931188539 -0.0640897453 0.0019802188 -0.00635605585 -0.109150447 0.055303432 0.0599809326 0.00258650188 0.0313805379 0.00914925709 0.100415282 -0.0140770385 -0.0135153942 0.0126397414 0.0767301321 0.0358490348 0.0196523238 0.012148574 -0.0204640739 -0.0126085859 0.0479660705 0.0913110375 0.0935622826 0.0869435668 -0.0681704283 0.011519446 0.0576999299 0.0256754439 -0.0908855796 -0.104931004 0.0477481224 0.10798683 -0.0423027836 -0.0505567752 0.062431816 -0.0956164077 0.0981858373 0.132243022 -0.0714960396 0.0511202067 0.099916257 0.0428962894 0.0826358572 0.0891262069 0.0611777753 -0.125560239 0.00782702491 0.033121191 -0.00373006146 0.00988804456 -0.0816222206 0.0850956589 -0.0226602349 -0.0444517657 -0.105502285 0.00540592056 -0.129983321 -0.0635076538 0.0848128423 0.0880497023 0.03491069 -0.0718125924 0.0169817042 -0.0485215709 0.0414355323 0.0229009036 -0.00761153875 0.101031303 0.067290768 -0.107934497 0.131827965 -0.025944965 -0.081948474 0.0109057352 -0.0249463897 -0.0313812159 0.0658265725 0.01898003 -0.00311857322 0.0312763378 0.0265071336 0.0461606532 0.0978838503 0.0319277644 0.0414036512 -0.10938032 0.0405073836 0.0106486548 0.0760011375 -0.0864052698 -0.0259692725 0.113491476 -0.108850703 -0.0156142199 0.0211275183 0.0613742471 -0.0364147201 0.0505389348 -0.0694731921 0.0464606769 -0.020813318 0.0264122877 -0.0527355187 0.0694088265 -0.00615860615 0.0436369926 0.00497023296 -0.0730056986 -0.0148810009 -0.0599582233 -0.0377103984 0.0711821988 -0.0827813074 -0.027779134 0.0653482452 0.0555303991 -0.0317550004 -0.0196584091 -0.0756097361 -0.0559270047 -0.0436062664 -0.0525900126 -0.0714642033 -0.101500221 0.0435172468 -0.0124389706 -0.10266877 -0.0111529231 -0.0218724944 0.112446286 0.0372904241 -0.0268346108 -0.00482253358 -0.110619009 0.0206770878 0.080946818 -0.0215511881 -0.0204343684 -0.118434384 -0.101833448 -0.00617779093 -0.0701573417 0.07804735 -0.0238485895 -0.0316715017 -0.100207314 0.0338767171 -0.0295694284 0.118534014 -0.119003505 0.0255467612 0.0868631825 -0.0373764895 0.120110564 -0.0222733263 0.0713231862 0.127783403 -0.0514465272 -0.0238598865 -0.0741995797 0.0625198931 -0.0500437021 -0.0471981764 -0.0848344341 -0.0581014454 -0.000809034915 0.0902187824 -0.130760565 -0.00526086427 0.0591543987 -0.0421987772 -0.0224371701 0.118446261 -0.0475165918 -0.0259720944 -0.00696753664 0.0633118153 0.0179246496 0.0854110792 0.0583506413 -0.0291226748 -0.0658179447 0.0235822555 0.00861590635 -0.107262842 0.106420852 -0.0893906653 -0.0733064711 0.0629735887 -0.0949672237 -0.0114665432 0.115523152 0.0271547493 0.0256586485 0.056972038 0.0720363259 -0.112155519 -0.0709944442 0.0219473038 0.0881193429 0.0445284285 -0.128690049 0.0833707154 0.110827558 -0.081317544 0.119065881 0.0860402808 -0.0459139273 0.0978125408 0.0447425097 -0.102383532 -0.0940186679 -0.0124516059 0.0719611868 -0.0464584939 -0.0365751199 0.0237433985 0.0495744869 -0.00392875448 -0.120328724 0.00184184802 -0.0555494316 -0.0417906195 0.0655202121 0.0353089012 0.0233853739 0.00839249697 -0.0780840889 0.00485956855 -0.0477448069 -0.114611305 0.0999553055 0.0974380001 -0.031056121 -0.0563854016 0.0687571242 0.0538323075 0.0738468841 -0.10210564 -0.0305900965 0.0516401194 0.0306170713 -0.0887549594 -0.0709945634 -0.00737634907 0.0607392415 -0.0167806484 0.0392449051 0.0902699828 -0.0820956677 0.0253024958 -0.0238616709 0.0113589009 0.0137597676 0.0466843881 0.0180176832 0.0676281303 0.119285375 0.126642153 0.0441911072 -0.0290749464 0.10796725 -0.0780052468 0.00832651276 -0.0632212535 0.0291313641 -0.0644030944 0.0758622363 0.0174191725 -0.0782320648 0.0441115759 -0.0830222443 0.0802184567 -0.0147512155 0.0829787329 -0.0471424907 -0.0851324499 0.0970355868 0.0191963054 -0.0552338101 0.0339833274 -0.081504181 -0.00539631443 -0.0711936802 -0.0851357803 -0.0210324861 -0.000558470027 0.0673656017 0.0361677371 0.0535834506 -0.0945111141 -0.0282882508 0.0795933902 -0.103966005 -0.0791087449 -0.0817926675 -0.109117195 0.0652045161 0.0615268983 -0.0278156754 -0.0534193218 -0.0195536222 -0.0215735603 -0.0476896875 -0.10356909 0.0816649422 -0.0783629194 0.126962706 -0.0167363565 -0.102448218 -0.0327180624 0.0873868912 0.0044944277 0.0548676699 -0.0236413572 0.00466126949 0.063155517 0.0389740691 0.0803998634 0.11897435 -0.0939042866 0.044392664 0.0638649091 -0.105827205 0.113459654 -0.0808665231 0.083690308 -0.0242491271 -0.0210877676 -0.106202058 -0.129213884 0.107622869 -0.0365686044 -0.0105146896 0.111362644 -0.015877327 -0.0758182853 0.112820335 -0.0676909015 0.100478992 0.000456178415 0.0425068662 0.0223939158 -0.0639299303 0.0950868502 -0.109728999 -0.00972928386 0.0631558523 0.0202061012 0.0797810555 0.110217452 -0.107051395 -0.00413007755 -0.0464639477 0.101536915 0.0132105285 -0.0547659993 -0.005411922 0.0433937125 0.0539420173 -0.0803568214 -0.0540282354 -0.0371301584 0.0099683525 0.100970812 -0.00750296284 0.0364352539 0.00510554854 -0.084633112 -0.110140689 -0.0102875372 -0.0433641374 0.0490042493 -0.00196656119 0.113484994 -0.100076407 0.095835425 -0.0385024212 -0.0225008018 0.0879877433 0.067743443 -0.0219166577 0.0549102277 -0.10822814 0.060689535 -0.107464939 -0.0296912864 0.0690745413 -0.00361337606 -0.00285986206 0.0832822025 -0.0185230877 -0.0496309772 0.10953588 -0.076078549 0.124176107 -0.115831919 -0.00985870883 -0.0362347513 0.0259824656 -0.00861459505 0.066985473 0.112223722 0.124976166 -0.0761324316 -0.0207888316 -0.025281541 0.0359646007 0.0989514515 -0.0551718399 -0.0111134145 0.0736360252 0.0707364604 0.0165717676 0.0491906106 -0.0566760711 -0.0332084149 0.0264885239 -0.116597041 -0.0682823211 -0.0752975121 -0.00133717363 0.11377155 0.117578819 0.0548476689 -0.0174507443 -0.0522878729 -0.10983748 -0.0223511755 -0.105528392 0.0193662867 -0.0822439119 -0.0627958924 0.0952508226 0.122380584 0.0873161927 0.0171130467 0.0331261382 -0.0360517614 -0.0720442533 0.0744834989 0.0234238207 0.0829653814 -0.0861478895 -0.07822714 -0.0909640938 -0.0020154533 0.0699221641 0.0622950569 -0.0233856104 0.0950199738 0.0219503529 -0.067712903 0.0929512084 -0.104476787 0.0127198882 -0.107048512 0.07120087 -0.102354012 0.111174993 -0.0204268619 -0.0918777883 -0.0326954834 0.114567831 -0.127030119 -0.0542973168 0.111046009 0.154818743 -0.0693131983 0.0918470547 0.0122634796 0.0144071011 0.129482791 -0.000865846639 -0.119118258 0.0165810753 0.0146302292 -0.0280465912 -0.13051711 0.131856143 -0.0840729475 -0.110013016 0.0235104058 0.0251563061 -0.04865174 -0.110447682 -0.0600183941 0.0637369752 0.0945695862 -0.0489322431 0.0724647716 -0.0723643377 -0.0702013373 0.122823067 0.0763937756 -0.120932035 -0.105447389 -0.0211430099 -0.0509998128 -0.0673090741 0.0702761412 0.047428906 0.0388595499 0.0191758219 0.0372865759 -0.117518686 0.119866483 0.0221248493 -0.0746103302 0.141376138 0.0761729926 -0.0346180126 0.0148095647 -0.0321000963 -0.0290063787 -0.065590851 0.0460652858 -0.0719423369 0.0755840689 0.0832517296 -0.0690290108 -0.0909882784 -0.0939983353 -0.0123003339 -0.0289709549 0.0859961137 0.0682928935 0.0246713851 -0.0543891713 -0.0295829047 -0.00183404924 -0.0237315036 0.130770102 -0.033747226 0.0634723827 -0.0164187737 -0.0439879186 -0.0916849673 0.0959075987 0.121764287 0.0470312871 0.0414190069 0.0846409351 -0.0421672761 -0.00682225963 -0.0292965528 -0.102845974 -0.036283765 0.0270159245 0.0473190285 -0.074096106 -0.0339015424 0.0101603735 0.0632212609 -0.0990701914 0.0330496542 -0.108887956 0.0347876064 0.0274899323 0.0890391171 0.127047732 0.0626067147 -0.0753651783 -0.0400808863 -0.064452529 -0.0567433909 -0.104679078 -0.111733995 0.0896545127 -0.0540009625 -0.0801421329 -0.0443524607 -0.083802104 0.0270974394 -0.117367692 -0.121360086 0.112043716 0.105397679 0.0466834791 0.0341958776 0.111040175 0.0156987552 -0.106717736 0.113171242 0.0709489062 0.0625669137 0.0710489899 0.0181955099 -0.0116594946 0.0969004259 -0.00429223618 -0.0203434099 0.0413368046 0.0744447187 0.138275579 -0.0503094308 0.0939628407 -0.101776801 0.0993573666 -0.131467625 0.00779747497 -0.0131416824 -0.112400763 -0.117292114 -0.0146671003 -0.0918031037 0.0414453298 0.0905466899 0.019687267 -0.0294864383 -0.0248484481 -0.0552560128 0.00482329773 -0.0049766805 0.00606687088 -0.0365067199 0.0212409794 -0.111498468 -0.112974137 -0.13017191 0.0173242167 -0.0857851878 -0.0702216476 -0.126123399 0.0637010261 -0.0476555042 0.0315182842 0.120174162 -0.11735452 0.0301665496 0.108664349 -0.045015879 -0.0256846305 0.0319732986 -0.0930861235 0.0770297945 0.0196834914 0.0684143901 -0.0451919362 0.0291811563 0.110958621 -0.0725083575 0.0757712051 0.0337451287 0.0917994305 -0.0175433625 0.0865886286 -0.106258959 0.0417549945 0.104827859 -0.0458749086 0.0625894815 -0.0635755807 -0.0331787355 -0.0834608003 0.114042707 0.0812119991 0.0437111184 0.0870265141 -0.00996491872 0.0912854373 0.115984432 -0.101104155 0.120102935 0.0758590847 -0.0971818194 0.0610628538 0.132595152 0.0714482516 0.0786965936 0.0209721774 -0.0542335175 0.067760095 -0.0609189011 -0.123843178 0.00952192303 0.0964187458 -0.120313488 -0.026685426 0.00438816659 0.064419724 -0.00495224679 0.112305894 0.0470768064 0.0278882459 0.0357181728 -0.100598887 -0.114858501 0.0505874977 -0.0910635591 -0.103471726 -0.0544796288 -0.0318635963 -0.0602443069 0.103097968 -0.0684933811 0.0448210575 -0.000440151605 0.0718990192 -0.0338807479 -0.0320677087 0.0312404055 0.108599991 -0.00724165747 0.0976409167 -0.109397031 -0.0845382512 -0.0453539528 -0.0679787472 0.0772988722 -0.048141811 0.131664515 0.105613694 0.044087816 0.0754233822 -0.00132861128 -0.0788099915 -0.0448696204 0.0171370432 0.0784817785 -0.0273089595 -0.0788100287 0.0227702614 -0.0102484329 -0.0177398603 -0.0618713684 0.043892201 -0.0223600846 -0.0436772108 -0.116527103 -0.0716998801 -0.075370729 0.0937473401 -0.0272920225 -0.084863849 -0.0827239826 0.0619940124 0.10093648 -0.00685746549 0.120645568 0.00137755985 -0.105377525 0.0332020856 -0.0785592124 -0.0760032907 -0.0480993502 0.00729632191 -0.086091049 -0.0325735286 -0.102574125 -0.0554250032 0.00309859798 0.0467335433 -0.0820367783 -0.0521863215 0.100247785 -0.129011959 -0.0483824313 -0.0995012373 0.102667935 -0.00206310186 -0.123072192 0.120422587 0.0950825736 0.0801359415 0.0408760235 -0.109353669 0.0444827825 0.0480042435 -0.00720706815 0.0611285865 0.121625923 0.0229955446 -0.00427869102 0.0990318656 -0.126994073 -0.0544789545 0.0466791503 -0.10287565 0.0483539291 0.0744180009 -0.113541849 0.0499919206 -0.041153729 -0.0422342159 -0.0988279432 0.052599676 0.0401856638 0.0971423611 -0.0550010689 0.121613994 -0.0204019584 -0.0376999006 0.0383509882 0.0923613906 -0.0360990204 -0.0783033594 -0.0894624963 -0.0161854178 -0.0241374634 0.0062919911 0.105876803 0.0713318661 0.0544731542 -0.0773118883 -0.0277376678 0.0914195701 -0.0366642103 -0.11889945 -0.108209848 -0.0170174018 0.0149521912 0.0309843812 -0.0642090812 -0.0734227076 -0.0659294277 -0.0594055988 0.00854238216 0.0495603085 -0.057543423 -0.0188790411 0.0313151442 -0.001069305 0.0129681183 0.0406240709 0.0113456408 0.0648696348 0.0756262764 0.00971587189 0.0347002149 0.0175211094 -0.0629290715 -0.0759222209 0.024348516 0.0299032759 0.153760329 0.00204958324 -0.0348381698 0.0325256549 -0.111602917 0.0629422888 -0.084335953 0.128003806 -0.135857701 0.0546695329 -0.0331338681 -0.103948094 0.0635135025 -0.0504528321 0.0390901156 -0.0535295792 -0.0315107033 0.0556430407 -0.102723345 0.0498465486 -0.0110314563 0.0968538597 0.00220596651 -0.0771272704 0.0420917906 0.00560587691 -0.0957630575 0.0979565606 -0.1150648 -0.00107235962 -0.00349248946 -0.106620505 -0.0959302709 -0.118442088 0.0523598753 0.0707755983 0.0802694559 0.0196130667 0.0446741469 -0.125949979 0.0802064985 -0.0744543299 -0.0154608889 -0.0583893098 -0.10554488 -0.0886425376 -0.0905770287 0.0250667147 0.0408840403 0.0937539041 -0.0323086157 0.0503426269 -0.0639297739 0.0582766384 0.013850715 -0.078491956 0.103370123 -0.0273611136 0.11576812 -0.0648938045 -0.0502142459 -0.0777227506 0.0623167455 0.0353301018 0.0554551408 -0.0768607408 0.0885372609 -0.0568295419 -0.00414634496 0.0435432754 -0.0483937785 0.0449221432 0.00610033749 -0.123612963 0.0640288591 0.0289113224 -0.0730973855 0.0520208552 -0.0503193662 0.0436610766 -0.127148524 0.0333255045 0.0160970893 0.0304318275 -0.0590612926 0.00835233089 0.115340754 0.0821904391 0.0705642328 -0.0970147699 0.0749793425 -0.0121088903 -0.0957497433 0.0963298082 0.0867049024 0.106626526 0.13389039 0.0611505695 0.0973164216 -0.085574463 0.0175183304 0.0863294825 0.0878454 -0.0425627157 0.0387882628 0.11045441 0.0333934873 0.0521477535 0.103391677 0.0621205419 -0.103311613 -0.0654415563 -0.0473121926 -0.0235915892 -0.0373477489 -0.0824779272 -0.0536708385 0.000892084732 0.108152017 0.107531622 0.0866762698 -0.065085724 0.0792775303 0.0942513719 0.00392303197 -0.0866774842 -0.0740305111 0.0385336392 -0.102923125 0.0867482275 -0.0999833122 0.109452814 0.0373186693 0.0382814184 -0.00150941091 -0.0876900554 -0.0866041929 -0.0243869722 -0.0251151919 -0.0126218423
tensor gate_encoder.0.bias 1 32
-0.0408173129 -0.0187708959 -0.0598837249 0.102846101 0.114098959 -0.0252286457 -0.105731696 -0.0154325664 0.00846686587 -0.119475245 -0.077644363 0.0496512502 -0.104316548 0.107634172 -0.00868437998 -0.119347408 0.0954406559 0.088528499 -0.112157956 0.0799749568 0.0265759472 0.0628916845 0.0927871466 -0.092937544 0.0749759078 0.0411286205 0.0220972896 0.0687362999 -0.103550434 -0.108009219 -0.0923868641 -0.040725939
tensor objective_value_embedding.weight 2 32
0.158515334 0.469907969 0.140048012 0.693710864 -1.38673317 0.230728984 -1.73924136 0.430917919 0.640283465 1.64005709 -0.268232763 -0.0339562222 0.523343861 0.542616665 -0.0960173756 1.01197708 -1.41776001 -0.816739559 1.15618014 -0.610636473 -0.0502902195 0.374946654 0.367570639 -1.27621365 0.236205667 0.416155368 -0.312603444 1.31357372 1.05534875 -0.737400353 0.384932935 -0.976983309 0.675415874 -1.09666741 -0.0996151417 -0.388618082 0.819265604 -0.433884859 -0.220860273 0.00769757433 -0.820280671 0.840480447 0.485760152 1.66463113 0.386269867 0.379063785 -0.414434344 -0.624423921 -1.00719535 -0.609947741 1.18548417 0.235834956 -0.151310518 1.18518054 -0.702422261 0.800080895 -1.43766475 -0.406577379 0.693170071 0.0792855397 -1.92978096 -0.298540711 0.0614446774 0.103861071
tensor backtrace_actor.0.weight 32 32
-0.117263697 -0.141020894 -0.0821044371 0.159117952 0.147523388 -0.0116426125 -0.0325693637 0.016045602 0.140755355 -0.00525232451 -0.0993618593 -0.0566979423 0.0304630809 -0.180953488 0.0447942689 -0.0260128956 -0.0948904306 -0.16623351 -0.105368599 -0.0723079816 0.0852915943 -0.00607122993 0.0142089017 0.0815011933 -0.1614995 -0.115007855 0.0345954262 0.0609644726 0.03146936 0.153121367 -0.000177449037 -0.00637700176 -0.15705286 -0.130940586 -0.173209146 0.0496103801 -0.0660604164 -0.154882044 0.094310239 -0.059743993 -0.142626151 -0.0192121472 0.0816264302 -0.0697579309 -0.00445012981 -0.0275750682 -0.153741241 0.0240090787 -0.0344348066 0.0917686075 -0.142738685 0.189173877 -0.0275347121 -0.0193334855 0.051927112 0.0343600586 0.0336435474 0.138118669 0.07540562 -0.0277265925 -0.100115806 -0.103426978 0.0086080078 0.13968876 0.157551274 0.0215627886 -0.0225918833 0.0149016911 0.0221247654 -0.162696153 -0.056785997 -0.0920104235 0.160808414 -0.156497568 -0.00461738883 0.00504300045 0.0227011126 -0.0987512022 -0.0288022254 0.141216725 -0.0681889206 -0.0332981162 0.0697829798 0.0886276215 -0.0801999792 0.16318512 0.16352728 -0.114178367 0.170828968 -0.116925903 -0.157802328 -0.101489067 0.0733817294 -0.159421951 -0.0707612634 -0.0207019281 -0.095695816 -0.046202518 0.0647450686 0.057782501 -0.0682691187 -0.123571776 0.0404474325 -0.143121362 -0.0267217159 -0.048039414 0.0895215645 -0.0689712986 -0.173137337 -0.00627089804 0.0586706847 0.1137833 0.0998269171 -0.0758200958 -0.0237647332 0.0223226193 -0.140820771 -0.0902594253 -0.0743619055 -0.012551127 -0.0199133437 -0.0114824986 0.0207950119 -0.0947538614 -0.0451320931 -0.0472060107 -0.093275167 -0.159240663 -0.0241765492 0.0268586315 -0.0356119312 -0.107599393 0.156467885 0.0146285351 0.100549623 -0.0161872711 0.0726632625 0.016485652 -0.0583910346 -0.129238665 0.0490425602 0.111304231 0.0481295139 -0.154787004 0.170519248 0.0746228471 -0.130059779 -0.0359933376 -0.00085682486 -0.0254967976 0.0597867891 0.130012915 -0.0872336179 0.0353704952 0.101523638 -0.0781791657 0.0675215647 -0.0145155592 0.0993037522 -0.17335017 0.0211945511 -0.0508717969 0.179266721 0.0243446156 0.0405745097 -0.0141828516 0.00276671862 -0.0670099258 -0.158660173 0.0375495404 0.125572935 0.14959307 -0.109915428 -0.0655455142 0.13725768 0.166071296 -0.0121644195 0.0981839597 0.0911557153 0.108282961 0.0972205549 -0.0634198487 0.163326859 -0.141581371 0.0202160887 -0.0816066787 0.11193753 0.0884075239 -0.0977395847 -0.158778846 0.166645244 -0.180410802 -0.165689677 0.0192525815 -0.0654446557 0.172078654 -0.0645460933 0.180053934 -0.00955070928 -0.150847256 0.00763254194 0.0946871042 -0.0777578726 -0.0339066572 -0.00639809435 0.172909796 0.0909259915 0.0742266998 0.120572239 -0.0178970657 0.107511573 0.0907932892 0.000782594027 -0.0248131584 -0.133345351 -0.154439434 -0.123736665 0.120974258 0.0595659129 -0.0665741414 -0.0936164036 0.118904702 0.0201185811 0.173058197 -0.0136513459 -0.130199924 -0.0955851302 -0.141462341 0.103282154 -0.0442082547 0.12913911 -0.0509915166 -0.0893122703 0.0427510515 -0.00621559285 0.171225771 0.130645126 0.0645398721 -0.143521056 -0.0353492759 -0.129206583 -0.0529883802 0.105160102 -0.0170957502 0.0545645282 -0.09760122 -0.00900392421 0.152875438 0.0873111486 -0.110624708 0.088868618 0.0572829396 0.0957322493 -0.175298095 0.0607169494 0.163027376 -0.15488255 -0.0381065495 0.128741547 -0.0182638187 -0.0160567202 0.0482214615 0.113842525 -0.0041381754 0.0370709896 0.0102759199 -0.132292658 0.174034819 0.037389271 -0.0302952956 0.132677302 -0.101914361 0.144068822 -0.162184522 0.129505455 -0.0218842514 0.02404573 0.0410765149 -0.03324176 -0.000945549866 0.118989244 0.130450949 -0.0104707796 -0.120044105 -0.0995245576 0.125071779 -0.160093278 0.070658803 -0.111029677 0.0442317426 0.135530084 -0.134480849 -0.145897925 -0.13646327 0.0262402277 -0.105803572 0.141917273 0.0876055062 -0.147382483 0.00435359403 0.0603742637 -0.114255585 0.165691182 -0.0812518299 0.00310671888 -0.139611453 0.171350643 -0.0636770725 0.0878727883 -0.0317711346 -0.0398524404 -0.0582472458 0.037493784 -0.12084683 0.0266897622 -0.115942396 -0.168499693 -0.100609355 -0.0843846798 -0.167634264 -0.1714499 -0.0332458317 -0.108567066 0.175424322 0.0107077956 -0.0531830974 -0.0522665344 -0.0663839579 0.0644891039 0.0512400083 -0.156654477 0.157785162 -0.145821378 0.138355285 0.0814001709 -0.00816949271 -0.0116221737 0.0585495718 0.149140969 0.104913928 -0.00745123578 -0.0640214533 0.0413756333 0.0824260861 -0.069675222 -0.0382974334 0.128957659 0.11399287 0.00389884925 0.0416954868 0.0267132297 0.105279803 0.110815302 -0.0233548433 0.119207419 -0.0605352484 -0.105069026 -0.0266733151 -0.154065058 -0.000989801716 -0.173887819 -0.180943236 0.116954997 -0.0291582644 0.0976261497 0.130009785 -0.159423172 0.0336056389 -0.134471744 -0.0293480214 -0.0536718443 0.185985506 -0.132979974 0.112328649 0.116706021 -0.122015476 0.161164492 0.152090102 0.115519695 -0.0887406543 0.155869767 -0.0890747011 -0.128252059 -0.118936867 0.0919563547 -0.0991386473 -0.181579456 -0.054165557 0.128464893 0.162172928 -0.0737428591 0.0301107187 -0.143080547 0.0170012098 -0.0782631412 0.0896009505 0.0752944648 0.0509211607 0.0195619315 -0.0449523926 0.0398381948 -0.16868335 0.012773036 0.164399892 0.0769267529 0.051223319 0.0642818511 0.128628701 -0.0906239226 -0.149672836 -0.0728834122 0.145426333 -0.0608460717 0.165820599 -0.137693793 -0.0916824415 -0.0653387085 0.109130859 -0.11554452 0.0702550411 -0.0517405011 -0.116655596 0.117346682 0.0171902943 -0.0653250292 0.120346919 0.119134292 -0.015328995 0.131224811 0.0538608842 0.116959378 -0.0401711389 0.0935781524 0.0986108184 -0.0695959032 -0.0820048004 0.0555313081 0.110527307 0.00280879671 -0.0788356885 -0.0295289382 -0.0661824495 -0.086839959 -0.160759673 -0.00420364365 -0.100724459 -0.047692012 0.0157467946 0.0419339091 0.146414861 -0.150396124 -0.0631251857 0.0735622197 0.10265895 0.156976521 0.196810484 0.133789316 0.139425263 0.130744472 0.159112006 0.050472185 0.112182587 0.0955854729 0.0819972232 -0.0162492711 -0.140504628 0.115400814 -0.021268148 -0.112740301 0.148364261 0.0534114391 -0.148983449 0.101013616 0.0657906085 -0.0792456567 0.104666024 0.0147758322 0.00373388547 -0.166264564 -0.160052121 -0.144631252 0.107276276 -0.132414073 -0.146134928 0.0980672985 -0.177414045 0.118958756 0.0364702307 0.0916604176 0.121848933 -0.035689652 -0.0110355802 0.10847903 0.120733723 0.143166676 0.0151555538 -0.031711746 -0.0358668193 0.0754073933 0.072139293 -0.00668698456 -0.0374884978 -0.183213592 -0.0342480615 -0.130522862 0.14666374 -0.0868497491 0.00810176879 -0.0563492179 0.0972211584 -0.17316246 0.145437896 -0.141309142 0.134285897 0.0627395064 -0.132477239 0.150894448 0.15967676 0.0648992583 -0.128686816 -0.044748392 0.0523391664 0.036722824 0.0577978268 0.0980564281 -0.0879029632 0.0679063424 0.121574521 0.172592118 -0.127693102 0.0882504731 -0.174228281 1.35973305e-05 0.101657875 -0.085466437 0.143649578 0.0495400392 -0.136044919 0.00168860599 -0.0999286696 -0.156365961 0.162212029 0.107693397 -0.0184122603 -0.0183761548 0.162261456 0.101339035 0.180788785 -0.164257303 0.112780727 0.104545407 -0.116408013 -0.14342837 0.178874254 -0.111629628 -0.121903345 0.00374864251 -0.102237642 -0.0204086974 0.18815209 0.151299953 -0.00865495671 -0.104561031 0.0529510826 0.0841881633 0.0315535255 -0.102500752 -0.126935154 -0.0414790064 0.146797329 -0.136519805 -0.153559521 0.171224833 0.10167902 0.0178480893 0.0333145224 -0.167495951 -0.0322888307 -0.185468584 -0.142402872 0.0069878581 0.0432828888 0.166280597 -0.109642558 -0.0854286328 -0.0672583953 0.115374275 0.0285870731 -0.174342096 0.0634148046 -0.140584216 -0.0125555396 0.00497318292 -0.151849613 -0.0338160209 -0.0460484549 0.0521903262 0.109229296 -0.149494871 0.134587467 0.12754868 -0.0718661323 -0.106114283 0.0731443167 -0.175473496 -0.145905912 -0.0370622464 0.127978727 -0.150417641 0.180468947 -0.159089312 -0.0205120966 -0.0153869502 0.000555264472 -0.155798316 0.0447756574 0.149690434 0.0173115749 -0.147662863 -0.0359046832 0.0469937511 0.0437511429 -0.123603158 0.0191748645 0.123691365 0.00879594032 -0.0515180118 -0.0782428682 -0.155801967 0.1622518 0.0192174055 -0.108429492 0.146074325 -0.0410325192 -0.0552502014 -0.14843674 -0.0649408251 0.140171602 -0.0689030364 0.00154959946 -0.0786468759 0.0825558081 0.166777268 -0.0334415436 -0.136226013 -0.144503474 -0.119483121 0.154679388 0.165113151 0.0120660653 0.149821743 -0.0547234491 -0.00889903493 0.0177211761 0.0161155071 -0.15685004 -0.0573318228 0.0225761719 0.095062539 0.153019384 0.099988319 -0.0322136022 -0.1694199 -0.117490128 -0.10914664 0.0376785733 0.0402967073 0.11478585 0.159604937 0.182785124 0.0944577008 0.176733583 -0.0681934208 0.0637722313 0.0943999887 0.00512046879 0.00663533062 -0.0966285914 0.0505332053 -0.0811168775 -0.0864733905 -0.0116871661 -0.0263094828 -0.0561587885 0.0506363362 0.168712616 -0.0167624056 -0.0390334278 -0.128397882 -0.0902987272 -0.115760885 0.0678478405 0.151426554 -0.0676190257 0.00598418387 0.138614133 -0.0941655859 0.128414646 0.139564961 -0.0495005734 -0.155682519 -0.0614913851 0.185300305 0.0666045696 0.0699704587 0.00724385539 -0.156471044 -0.1159641 -0.0545113757 0.121354908 0.0661363751 0.083672747 -0.0105697829 0.00818698946 -0.10374926 -0.085712187 0.143655017 0.121612184 -0.122105308 0.0121988934 -0.0136276968 0.164607301 0.0763371065 0.0308390986 -0.0601677559 0.125199422 -0.16240184 -0.046663519 0.076957576 -0.00260806642 0.103674755 -0.118403248 -0.12524876 0.0985473767 -0.0911752209 0.0210616589 0.0938030109 -0.071819976 0.03146597 0.158061385 0.0826924518 -0.106770001 -0.141340464 -0.181490943 0.152954534 0.116340123 0.0663347766 0.074998416 -0.114506409 -0.0279048383 0.072450459 0.0275138132 0.144770682 0.103124201 0.13685447 0.191169798 -0.0497386493 0.0601721443 -0.176925421 -0.128865451 -0.173855364 0.155408263 -0.10099867 0.0492977984 -0.00334587693 -0.166314363 0.0608311594 0.130804688 9.44330386e-05 -0.128672421 -0.100015722 -0.0736973137 -0.0891898423 0.0977304131 0.0546892583 0.00281956606 -0.13688758 -0.0662394837 0.176844478 0.0860114917 0.153960466 -0.177167028 -0.0174252577 -0.0955155417 0.0199814178 -0.0553974658 0.0128449826 0.0972292349 -0.0794380978 0.0429123938 -0.125168011 -0.116987437 0.0139003722 0.108686455 -0.0541618541 0.147896901 -0.093784228 0.0356750526 -0.0777225494 -0.0145411603 -0.167637914 0.163259685 -0.0341060087 -0.00617711199 0.026419105 0.0642193183 -0.0946401656 -0.0354241095 0.122987457 0.148604989 -0.0197596103 -0.0867937654 0.14131327 0.123247661 -0.153649062 -0.143711656 -0.115902707 -0.0424133502 -0.166478232 -0.0428051986 0.114861488 0.126012638 -0.0075332881 0.156306341 -0.0191192925 0.0508931503 0.105590351 0.0261917766 0.0935876667 -0.120878942 0.0813751593 0.0189353563 -0.162947848 0.184730679 0.194920257 0.0985787064 -0.111640021 -0.124114871 -0.166645586 -0.0142686171 0.0696016476 -0.168205783 0.00530747604 -0.134363145 -0.0671840981 0.0117286462 -0.124405734 -0.0528929904 0.060802795 0.112622991 -0.0143474489 0.0349052772 0.0929008797 -0.106845677 -0.0519294143 -0.0495206192 0.0995544717 0.0804980621 -0.163437292 -0.00455789501 0.0836770535 0.084674716 0.171231762 -0.0991600901 0.0183329098 0.0742634833 -0.00489564287 0.0150527582 -0.155359343 -0.0430083089 0.0654687583 -0.0739185736 -0.171318933 -0.174944535 0.0134712895 0.134471402 0.0988869667 -0.0872260928 -0.0496474802 -0.0336522758 -0.0996723771 0.171348631 -0.166462943 0.043690674 0.164300919 0.114688896 -0.0527118407 0.122161344 0.141068578 -0.156961232 0.148592502 0.0869037434 -0.0665041283 0.120402135 0.099898465 0.0573172383 0.0671068653 -0.064178519 0.108414203 -0.0852344781 0.0115007656 0.164337546 0.137127116 0.0599811748 0.0127688991 -0.103269815 0.173345298 -0.167661563 -0.0960232764 -0.049363263 -0.0717031583 -0.0935334787 -0.0122568076 -0.0671628788 -0.0759740919 -0.0900048167 0.151690975 -0.124438345 -0.107684635 -0.0146753946 0.111269638 -0.179064006 -0.0611046888 -0.06157488 -0.137050569 -0.0829908475 0.0665507913 0.0023135154 0.0345591977 -0.158128753 -0.0601137988 0.0860958621 -0.0512962043 -0.0153944185 0.10730584 -0.100012943 -0.0256804936 -0.160551101 -0.0510555878 0.111959115 -0.0849267691 0.0877916291 -0.121680319 -0.149786115 0.104730472 0.162296385 0.0439534187 0.166179314 0.0585811846 -0.0289643668 0.108102374 -0.00401315652 -0.0372780971 -0.0608720668 0.0801201463 -0.130630121 -0.104696445 -0.0348389298 -0.169569358 0.0397972614 -0.0308308862 -0.0228017848 -0.00622763718 -0.0276496392 0.0844726488 -0.172592178 0.174892575 0.0958196074 0.0022641439 -0.156908333 0.0102214245 0.172868535 0.0665823221 0.123897523 0.122650564 -0.111183293 -0.034858942 0.0288158078 0.0223626401 -0.119048148 0.0863188207 -0.160552904 0.134811431 -0.146791682 -0.106848225 -0.135676131 -0.0354830697 0.127522439 0.094364278 0.0226630922 0.0775722861 0.131316647 0.0206938423 -0.00342442584 -0.103654407 8.58521435e-06 -0.0305841304 0.134703964 -0.00324814976 -0.0415151566 0.0521913543 -0.148688033 0.116777308 -0.136782736 0.113765642 -0.135494664 -0.132336289 -0.128645077 0.0961139724 -0.0988739505 -0.0867104158 0.180675462 -0.133557469 0.00733056897 0.0330438279 0.184202805 -0.0718793646 -0.177408695 -0.0670901313 0.0828900933 -0.138966992 0.177076459 0.0208327882 0.109444425
tensor backtrace_actor.0.bias 1 32
-0.104095802 0.137556568 0.0694128498 -0.13611424 -0.0277342927 0.0728456303 -0.0907268375 0.13436684 -0.0789155886 -0.147957951 -0.0545884259 -0.0476367772 0.0720662773 0.0994315296 -0.0100716138 0.118141271 -0.144803807 0.164382339 0.0564138107 0.164496511 -0.172208652 -0.141756475 -0.0818268731 0.100156605 0.0697713867 0.163169771 -0.0403198898 -0.106970236 0.151829794 -0.102466144 0.110047393 0.101255707
tensor backtrace_actor.2.weight 2 32
0.128776237 -0.14766635 -0.10491845 -0.143798664 0.121588774 0.0987923071 0.135492891 0.0478355289 0.00989221409 -0.0353495367 -0.0759937689 0.0330439545 -0.063388221 0.135176301 0.0174278561 -0.160306156 0.0842266306 0.0621393956 -0.0533991605 -0.0237632021 -0.119279668 0.0948831141 -0.0196668506 0.11889711 0.104010105 -0.112670906 0.0188867357 -0.0710532367 -0.162472099 -0.18891573 -0.111661002 -0.0469559245 0.142734826 0.192166582 -0.181152716 0.107638426 -0.0978117287 0.0617971532 -0.0193933267 -0.0404649079 -0.0385656804 0.12796551 -0.168022826 0.155076757 0.058014974 0.139763147 -0.17213811 0.0586822368 0.106501952 0.0129323201 0.080720067 -0.164161667 0.144103929 0.0540835857 -0.103020824 0.143648416 0.137204692 -0.169001862 -0.078367725 -0.0107656922 -0.0453300737 -0.109237023 0.0916339755 0.0335405841
tensor backtrace_actor.2.bias 1 2
0.106173418 -0.0581803583
end
