SMARTATPG_ACTOR_V2
embedding_dim 64
hidden_dim 32
tensor gate_encoder.0.weight 32 64
-0.0909583718 -0.0597991981 0.0621596351 -0.112276293 -0.124963358 0.00336049567 0.0602300949 -0.128133237 0.0529282466 -0.117315114 0.0828921497 -0.0795811489 0.0596885979 0.0396066345 -0.0218467209 -0.0426968783 0.100186221 0.0541515276 -0.0030287574 0.103900693 -0.0210291054 0.0729492083 0.0488572866 0.00411398988 0.0622746125 -0.0602614693 0.0997762606 -0.05250258 -0.0376973748 -0.113588206 0.113710091 -0.0240366515 0.0907190368 0.0220861062 -0.10074272 0.0129811224 0.0773949847 -0.00986902788 -0.0343036577 -0.0320308767 0.0794931129 0.0264665578 -0.101439349 -0.0265747271 -0.0282219276 -0.0908905119 0.0177817177 0.0947738811 -0.0299743358 0.0738982931 -0.000214571643 0.0539474934 -0.0825147182 -0.00303736352 -0.125779018 0.00145395473 -0.0115202572 0.0157917552 0.0553182252 0.0480816774 -0.0989825055 0.10833475 0.0868475437 -0.0335091315 -0.0803994909 0.0146690346 0.0171586331 -0.114418179 0.0948815122 0.0111559117 -0.114876911 -0.0308445301 -0.105297551 0.00519694434 -0.00225991663 -0.0755812451 -0.111869641 -0.00588330999 -0.0147205768 -0.0453381501 0.0268221684 0.00128141162 0.0736342147 -0.104407869 0.0934801251 0.10005457 0.0635054708 0.00435749115 -0.125771478 -0.0410998464 0.0968975425 -0.0953695253 0.0725871399 -0.057242848 -0.118894145 0.0750539973 0.0699889958 0.0302530192 0.0195761696 -0.104281098 0.00513646193 -0.0497164577 0.0796782374 0.037673194 0.0248497967 -0.000701798766 -0.0804792047 -0.060535837 0.105634026 0.118089579 0.0880219489 0.0681134909 -0.115453646 -0.0511996299 0.0150884232 -0.127878204 -0.0620163269 0.110105783 -0.0187700819 -0.036884889 -0.00924056768 0.0618768521 0.115816042 0.0405582823 -0.0280116741 0.0597111322 0.0756671801 -0.0190702435 -0.0450532101 0.0387761109 -0.088237904 -0.104660414 -0.0739741325 0.00208470621 -0.0738669634 0.0619203262 -0.106924333 0.0891133621 -0.0291995276 0.0476253144 0.0543666184 -0.0886966065 -0.0163735989 -0.0080594644 -0.0574013926 -0.0100573478 0.0833846852 -0.0578627922 -0.0115683675 0.100404486 0.0546526052 -0.0544297956 -0.0254109781 -0.0160123035 0.0163634941 -0.01368667 0.0714970231 -0.0934562236 -0.0355735533 -0.0367814861 0.000623356143 0.00241950667 -0.113772169 0.0196607504 -0.000546425057 0.0813542381 -0.0358753651 0.115336128 0.0251381285 0.0747554675 -0.119605765 -0.117227666 0.00649105618 0.0169528779 -0.0460178405 0.124337129 -0.0600081757 0.0151101034 0.103642836 -0.0408901684 0.116275325 -0.047750961 0.0719371289 -0.0945715085 -0.0457752421 0.00433611963 0.110309176 -0.0660166219 0.066988565 -0.0342436694 -0.00452136341 -0.0242921952 0.0858061761 0.0711525232 0.0802941024 -0.108268172 0.123495549 0.113093682 0.0903058648 -0.0716737807 0.0345915891 0.0901969969 0.0636077523 0.0376825556 0.0439308845 -0.0532218367 0.0998562351 -0.0969228223 0.0949224234 0.053800825 -0.0349390507 -0.0780958384 -0.0315903127 -0.0470796265 0.0501919352 0.00674940646 0.070902884 -0.0538215153 -0.109092601 -0.0848560035 -0.10671404 0.01578415 0.0129925534 -0.0822605565 0.0931054875 -0.0447645634 0.00963911135 0.025954878 -0.0279727448 0.0982027501 -0.0353484638 0.0469284318 -0.0842423961 0.123962894 0.0401313491 -0.0333237126 -0.0646936074 -0.0452359542 -0.0891105831 -0.10486301 -0.0245565735 0.0556287728 0.12019334 -0.119183682 0.0332488976 0.0364239886 -0.0308479685 -0.0921427384 -0.107010759 -0.0439587422 0.0685472116 0.0654510409 -0.00464515062 0.108396731 0.0756933466 0.00529011665 -0.0323559232 0.104205616 -0.00856562518 0.0505686104 0.0509911627 -0.0672172457 0.102077998 -0.0471473411 0.010987754 0.100676119 -0.00992611982 -0.112665713 0.0377069414 0.00463858992 0.118513308 -0.0447112694 -0.0353303365 -0.0152503829 0.00211102748 -0.0228289142 0.024704162 -0.0465706214 -0.0974040776 0.079435952 -0.100278698 -0.0264406223 0.0877522305 -0.0906324685 -0.0276240185 0.00815152749 0.0807308108 0.079547435 0.0752319545 0.0838415399 0.098314628 0.116997413 -0.00563759729 0.00242352788 0.0450315662 0.0250060391 -0.0790718719 0.0255601872 -0.0190499146 0.11473693 -0.119152673 -0.0428514928 0.0212067198 0.0734161437 -0.0247402005 -0.11978472 -0.0252524912 -0.0124967396 -0.00737006729 -0.0656944662 -0.0307704136 0.0380322151 -0.0243380442 -0.12749131 -0.0933230445 -0.0431977399 0.0328306966 -0.0447390601 0.100182451 0.0936818793 0.0500797108 -0.10495282 0.0695390627 0.0809226111 0.104484223 0.0154811423 0.0720954388 0.0188868884 -0.102685697 0.0205534976 -0.0679596141 0.112883329 -0.0733114481 0.116286382 -0.0556395613 0.0657570809 0.0909376442 0.0673392043 0.00608804589 -0.0734945685 0.0627703816 0.00551545341 -0.038448438 0.0878452882 -0.10764353 0.0723200291 0.0449199453 0.0506716296 0.107038267 -0.0164071172 0.0174999218 -0.0211093705 -0.0313301235 0.104437545 -0.129080743 -0.0405624434 -0.0632066801 0.127598003 0.0283752792 -0.0477183871 -0.0868613943 0.00989148952 0.0847181082 -0.114774704 0.0864071772 0.0910817757 0.062730521 -0.0590595901 0.0904659331 0.0516977049 0.0510546342 0.0508920364 0.0848293826 -0.0154720247 -0.0444657616 0.00770380674 0.0974219814 0.0126627209 0.115208916 -0.0151418215 -0.0390960164 -0.00911079068 0.0237913355 -0.0670507327 -0.0387767516 0.0608854294 -0.0490952879 0.0740522519 0.00957585592 -0.0864518955 0.0488265082 0.122584924 0.1053425 0.0216513015 -0.103364289 0.117207848 0.0912434757 0.034541022 0.0548137426 -0.0978811756 -0.0880510956 -0.0121897487 -0.11262311 0.0111943297 -0.0325336307 0.0193778556 -0.108252898 -0.108925641 0.104233347 0.0410019122 -0.00793344527 -0.100094803 0.0999595672 0.117748179 0.0927849784 -0.0198307727 -0.0639283881 -0.0585700832 -0.0453957133 -0.0574741922 0.0792784467 -0.0688316375 0.0832773149 0.0207487363 0.0591321439 0.0565022528 0.0340626091 0.0888510123 0.0390981846 -0.0854160041 0.0363640003 -0.106189385 -0.00565715088 0.00358523778 -0.0147278253 0.0787733197 -0.0627135485 0.106203593 0.058303684 0.0153102884 -0.0570694581 -0.0845842138 0.0926868841 0.0790728778 -0.00536380429 0.0948939025 0.112177089 0.125232086 -0.0660324469 -0.0573187098 -0.0408077985 0.00975087564 0.0239933413 0.0682383776 -0.00884520635 0.0493692681 0.0287494827 -0.10025923 0.118960038 -0.0776501745 -0.0428644605 0.0131940143 0.104930907 0.117465302 -0.114704825 0.100164503 0.0445224568 0.0232164636 0.0138401873 -0.0183107015 -0.00763984537 -0.0383453891 -0.0672983825 0.000351108843 0.0335616171 0.0629611686 0.0754828379 -0.0441248119 -0.0347729027 0.0240740106 0.122201055 -0.0353073031 0.0517211854 0.111844346 0.0133681223 -0.0850673392 -0.0876552835 0.115697168 0.0138436919 0.00602615392 -0.108827457 0.0799806193 -0.10010843 -0.00602102699 -0.018118849 -0.00417064596 -0.0566367134 -0.0953436568 -0.12076775 -0.0477933101 0.0794138089 -0.063782528 0.0817446336 0.00578696374 -0.0897678062 -0.0159893483 -0.012132125 0.0644466728 0.00177620782 -0.0321400948 -0.00565629639 -0.0868784413 -0.0391488336 -0.0535115488 0.105492145 0.0042781611 -0.00958503038 0.0762829334 0.0763521791 -0.0981256217 -0.0851761103 -0.0556697771 0.117922686 -0.111159064 0.0223305002 -0.079585731 -0.101218507 -0.121218823 0.0629267693 -0.0485440306 -0.0725566745 -0.0584462918 0.0800991729 -0.0187412221 -0.0157420281 0.00241227332 -0.019373918 0.067319341 0.0937336311 -0.081230171 -0.0751199797 0.0359006748 0.0841869935 -0.110108845 0.123227492 0.00179776328 -0.0960167423 0.0437335074 -0.117670916 0.105810583 -0.125331014 -0.116328627 -0.071538128 0.0709340647 -0.0444259867 -0.0480103493 0.114561856 0.104842752 0.0992629156 0.0198969785 0.0826059356 0.0677959695 -0.0582727864 -0.0334080532 0.0869674385 0.011391785 -0.0833283737 0.00925991964 -0.0213186927 -0.101571895 0.0118273599 0.117714219 0.0891779885 0.114897758 -0.0898184851 -0.00479045976 0.10211312 0.0053576692 0.108233251 0.012287234 0.0764296353 0.076173909 -0.0539067984 -0.0835552663 -0.0649490729 -0.0632022917 0.11575716 0.0935533717 0.0288467091 -0.0803123116 0.00229254412 -0.11980316 -0.103287697 0.0834299549 -0.108680367 0.12394651 -0.0308287703 0.0346637927 0.0288005602 0.0607824661 -0.0461874753 0.0793289021 -0.106044099 0.0316215865 0.0158543419 -0.116914213 -0.0406862907 0.0400035791 -0.0846289918 0.121145159 0.0839160532 -0.0891380981 0.0772153437 0.0219698418 0.128386527 0.0920576006 0.0623602271 -0.0913463011 -0.0179954935 -0.0155443428 -0.109590441 0.0645175576 -0.0299606603 -0.00942844898 -0.00073837227 -8.17545952e-05 0.0271984283 0.0598764941 0.0153255463 -0.0398343019 -0.113709018 0.0487819351 0.00462323939 0.020739276 0.0251306184 0.0938786566 0.0861362442 0.063264437 0.111598752 -0.0611154102 -0.03517076 0.0567104071 -0.0434924066 -0.00904108211 0.0103369942 0.0666177496 0.0647064522 -0.10685651 0.101009525 0.0183129217 0.0179456975 -0.116649605 -0.0033819871 -0.0527851656 -0.0921006575 -0.0905544832 -0.0188534297 -0.106588699 0.0123858536 0.0857574344 0.0927963406 0.0275660437 -0.0402880386 0.121279828 0.0434427038 -0.0388422683 0.048653841 -0.0498812757 -0.0559204519 0.0324782319 -0.0588020347 -0.0341616422 -0.091499202 0.0604524128 -0.10516952 -0.110899486 0.0556330532 -0.0319814384 -0.0521799959 0.0725734979 0.073377423 0.0459419899 -0.0904969424 -0.0955747664 -0.0523067564 -0.00914293341 0.116513401 -0.0826999024 -0.080842711 -0.0825631544 0.0527864657 -0.0128070163 -0.0778682008 -0.0971446335 0.119423494 -0.108177282 -0.105178602 0.000827786571 -0.102730438 0.118504681 0.0922675952 0.00679613743 0.013437408 0.0450667776 0.0389269143 0.0448143706 0.00903589465 0.0226364415 0.0494264923 -0.0186028983 0.0261380952 0.0257114135 0.0556967221 0.0963980481 -0.114870779 -0.0476558693 -0.0955758244 0.0861776024 0.0698586106 0.0582772717 0.0946529061 -0.0019176366 0.0676686838 -0.0620120578 -0.0958969146 -0.00466848072 0.0841872096 -0.0148582179 0.0874352455 -0.0127183748 -0.0249461159 -0.109524347 -0.00129788695 -0.123436548 -0.0981675535 0.0654430985 -0.0231417511 0.0175320227 0.028824212 -0.0693409517 0.0176891312 0.0531602874 0.117053866 0.098016642 0.0699547082 -0.0990866125 0.0610500239 0.0353532434 0.0839138255 0.0863874033 -0.0198336858 0.0638627931 0.113105886 0.116463758 0.114622302 -0.0946667641 0.0721353889 -0.00875622872 0.0658529028 0.0629725531 -0.0545025095 0.102099583 0.00202813186 -0.0515517704 0.106397085 -0.0574264266 -0.0884383321 -0.0619674139 -0.057835836 0.068115145 -0.00721905241 0.042758707 0.0750830024 0.0198058318 -0.0995246246 -0.0525970124 0.0909097567 0.110101908 -0.0909162909 -0.0321876295 0.108156711 0.112502821 -0.0629830882 0.00511403335 -0.0633403286 -0.107392579 -0.0953623652 0.0849522501 -0.102885023 0.0855625048 -0.0410501026 -0.0687035918 -0.117147565 0.118079297 -0.0116328979 -0.104438171 -0.0923609287 0.00900911167 0.0490575768 0.10366267 -0.0245266985 -0.0683091506 -0.0304313116 -0.0077020824 0.0864562169 -0.0535022467 0.0710941181 0.0569987483 -0.0700007081 -0.0442333929 0.0746848285 -0.108852364 -0.0329587795 6.69536821e-05 0.0639941916 -0.124608293 0.0493996069 0.0591126606 0.0820435807 0.0942804515 0.0469459184 -0.00206689583 -0.069838509 0.103279054 0.0194599237 -0.11728473 -0.0119576193 -0.0926170796 0.053276252 -0.115757719 0.0390839726 0.0959720537 -0.0998357832 0.118437611 0.0257986709 -0.00749104843 -0.0986412913 0.0456178561 0.0623291023 -0.0351014361 0.0246688426 0.0444885083 0.0214149728 0.0256891493 -0.0117995702 0.124836132 0.0700550154 0.0276292656 0.0636815056 0.0402202345 0.0799573883 0.0991548672 0.0614221282 0.0951056182 -0.0362086855 0.0141135966 -0.00133001653 -0.00955750886 0.0748358071 -0.0950916335 -0.0554878339 0.00274086697 0.11616981 -0.0984326079 0.0228865966 -0.0994071737 -0.0322355516 -0.0874349996 0.00934430212 -0.0159135964 -0.0278212279 -0.0965085328 0.0160986613 -0.12046437 -0.106038772 0.1098525 0.0641770139 0.110859387 0.056157995 0.0926241651 0.00803961419 -0.114962175 0.0408735536 -0.0911123604 -0.0482543632 -0.116636999 -0.119540624 0.041040808 -0.107070103 -0.0571596213 -0.0710186884 -0.0411755964 0.0899893641 -0.0723491609 -0.028374806 0.0511320271 0.0451723374 0.104538508 0.0265615433 0.0696701631 0.0368604586 -0.0812723562 0.0502331741 0.00995248556 -0.0488905646 0.0780657828 0.0207794253 0.1021332 -0.0248596091 -0.109347433 0.012906407 0.122920766 -0.062224932 -0.111470699 -0.0798767656 -0.108765744 0.112484276 -0.122430153 0.0153000113 0.100835808 0.0438516662 -0.0518169738 -0.0903783888 -0.0812975019 -0.0198195502 -0.0588464811 -0.0857424289 -0.0418389514 -0.0362374 -0.0638353676 -0.0792940632 -0.109253362 -0.0880914405 -0.0958116949 0.0277149659 -0.00386714633 0.10870479 -0.0584270097 0.106371045 -0.0856574178 0.000855907972 -0.0412738994 0.0409806669 -0.115332827 0.0131752091 -0.0841993392 -0.0953272954 -0.0797622427 0.0355992652 0.127179414 -0.0721431449 0.0588987768 -0.0710647181 0.0128612351 -0.0515796021 -0.0651215985 -0.0553330183 -0.0539209358 0.11846792 0.0677512661 -0.0360743366 0.0549650304 -0.0621009432 0.0473391041 0.00549196312 -0.0438441187 0.0219922494 -0.106138453 0.112895817 -0.11406745 0.036899481 -0.0131693985 0.0803358853 -0.0526802428 0.0144938184 0.0832086205 -0.032474637 0.0881445706 -0.111849584 0.0531275198 0.109314628 0.0783937573 -0.0978500023 -0.016458096 0.0353438556 0.0665141419 0.0154315028 -0.0552424081 0.083038643 0.0231086425 0.0819685608 -0.0660644919 -0.057446558 -0.0319992863 0.00644339807 0.075681664 -0.11271593 0.0151703935 0.10656371 0.0071700695 0.00336414855 -0.0628753826 0.0160741992 -0.103094205 0.0559944026 -0.0595441796 0.00597506994 0.0831261128 0.128103361 0.0502270833 -0.093749024 0.115164913 0.0515005365 -0.0302599482 0.121189997 0.0658570826 0.00962345954 -0.0196289141 -0.099726893 0.123724647 0.0475879125 -0.0159400403 -0.0957513005 -0.115719713 0.0453890301 0.0698806047 0.116421416 0.0186487418 0.0892437845 0.0408338681 -0.0698812529 -0.0604654327 0.0577443428 -0.110342391 -0.0452577174 0.102784947 0.0703355372 0.0602039993 0.107914478 0.113502383 -0.116362013 0.113942757 -0.0922916457 -0.0918341503 0.00997973792 -0.078924112 0.0985187739 -0.102843456 0.117423005 -0.0314106978 -0.0898854434 0.112252131 0.0486689173 0.10683921 -0.0652466193 -0.0481618978 0.11742115 -0.0290085375 -0.0651252344 0.0231207367 -0.0421655998 -0.108420342 -0.0511056669 0.00208811276 0.00663411338 0.101677373 0.0323741175 -0.111551911 0.027749652 0.118271425 0.113386132 0.120255448 -0.0459916294 -0.0955331773 -0.057742279 0.0117164776 -0.0217245445 -0.106830761 0.070574902 0.0446492769 0.0204885714 0.0256594718 0.0226556398 0.096723929 -0.00470646238 -0.0148231359 0.0030539881 0.0784261078 0.0234056879 0.0481508449 0.0339115411 -0.0292141624 -0.0201990269 0.0470396169 0.0737433434 0.0693119839 0.105982825 -0.0885919407 0.0267666951 0.0386406407 0.0442039333 -0.0918637589 -0.0928097889 0.0473366827 0.0997836217 -0.0298868474 -0.0774752945 0.0621669888 -0.127878472 0.086168021 0.110839613 -0.070841141 0.0327291004 0.122322537 0.0566907823 0.0685497671 0.0910547376 0.0553305633 -0.119047105 0.0149018336 0.0430989377 0.0175596029 -0.00986212585 -0.0655151084 0.0918848813 -0.007306566 -0.0687992275 -0.119777121 0.00200929702 -0.123513743 -0.0396311395 0.0703260228 0.109473258 0.0329413377 -0.0876962915 0.0318724215 -0.0516983271 0.0295646433 0.0292579755 -0.0176273845 0.0901763067 0.0526665486 -0.103822917 0.10126435 0.00268669985 -0.0889322385 0.00707930094 -0.046118781 -0.0170214586 0.040861316 0.0312992036 -0.0165688675 0.0658878163 -0.0127404835 0.00907134917 0.115907252 0.0564475134 0.0487115085 -0.0695483834 0.0728662312 -9.89689142e-05 0.113288604 -0.117026843 -0.00390964467 0.0811199546 -0.128880173 -0.0444709212 0.0126653276 0.0904490128 -0.0135646956 0.0564178675 -0.0725914836 0.0852178037 -0.00297529227 0.056595359 -0.0685359687 0.10385453 -0.0410498939 0.0115057025 0.0399537981 -0.0749505982 -0.0063377074 -0.0389269032 -0.0504196547 0.0648448542 -0.110778131 -0.00307794777 0.0387669131 0.0562439971 -0.0524939448 0.00121035113 -0.0450244173 -0.0361270234 -0.0627808794 -0.0863062963 -0.0516526625 -0.116772704 0.0551834963 -0.0128220944 -0.121066757 -0.0196963791 0.00382821169 0.105184056 0.0647959635 -0.019504616 0.0272835474 -0.0864920616 0.0273336191 0.0664187968 -0.00288265035 0.00213707518 -0.0769852996 -0.108216442 0.0122860856 -0.0972589105 0.115106568 -0.0137259616 -0.0284832027 -0.105804577 0.059371084 -0.00733815832 0.0973237678 -0.110269286 0.02826849 0.0688532516 -0.0297699552 0.113141797 -0.0300673041 0.0734117851 0.111290529 -0.0573796779 -0.0360860974 -0.0591256469 0.0618078187 -0.0366616957 -0.0510549396 -0.085298717 -0.0624974705 0.00385269313 0.0872625858 -0.120386615 -0.0053893947 0.0510884449 -0.0333237834 -0.0469294973 0.108344696 -0.0473041646 -0.0334869288 -0.0278759282 0.0571594499 0.0270247925 0.0819093063 0.0646359771 -0.0423624441 -0.0732780248 0.0301349182 0.0113551673 -0.104773887 0.102647282 -0.0867992267 -0.0678341612 0.0833155662 -0.0763001442 -0.0254676733 0.124389939 0.030175861 0.0223164447 0.0622344762 0.0838883743 -0.101661481 -0.0634299666 0.0235095061 0.0752818659 0.0427748039 -0.118802823 0.0831364542 0.104052402 -0.0845864117 0.11221642 0.0959727243 -0.0468938947 0.105762161 0.0482016206 -0.0869783759 -0.076241754 -0.0395317525 0.0673239604 -0.0510207675 -0.0473784953 0.0198755246 0.0485116169 -0.0111603346 -0.112853274 -0.00902332924 -0.0515268259 -0.0547080338 0.0661441758 0.012738023 0.0402053967 0.0123731596 -0.0839471444 -0.0079663666 -0.0516727455 -0.108359687 0.10358949 0.105351329 -0.0280423947 -0.0603154935 0.0471856743 0.0488279276 0.0658113435 -0.092667155 -0.0507544316 0.0508754961 0.0321008675 -0.0839521438 -0.0714058876 -0.0199234039 0.0578942746 -0.0231093056 0.0309586041 0.105288208 -0.078259021 0.0209475514 -0.017316848 0.0244351029 0.0265084691 0.035410367 0.0401402302 0.05855399 0.128045216 0.123471051 0.0569788106 -0.0288016368 0.100551844 -0.0689461604 7.91162383e-05 -0.0781019777 0.0364825688 -0.0734208822 0.0788571909 0.0175452307 -0.083040908 0.0402355827 -0.081188336 0.0718049854 -0.0159047861 0.0576949082 -0.0645045862 -0.0740674436 0.100516155 0.0155883301 -0.0333471894 0.0316695049 -0.0889590085 0.00796855427 -0.0802850574 -0.075922206 -0.0236735102 0.0085271094 0.065523535 0.04779578 0.0342103951 -0.0923750475 -0.0228947625 0.0811983496 -0.10541971 -0.087018013 -0.0802274868 -0.114490069 0.0658850968 0.0637494326 -0.00403939793 -0.0346442163 -0.00977787282 -0.0159903318 -0.0313439406 -0.0946341679 0.0730673298 -0.0791167915 0.118862815 -0.000286878378 -0.0824737698 -0.0301123578 0.103107862 -0.00572827086 0.0534677766 -0.0198047291 -0.00790080894 0.055484537 0.0147045776 0.0880072564 0.113699861 -0.090235211 0.0452435836 0.0747139528 -0.123741284 0.114566952 -0.0656446964 0.0791425109 -0.0126625234 -0.0204918608 -0.106256105 -0.119585738 0.119069055 -0.0198044386 -0.0184355211 0.108230799 -0.00265571359 -0.0759924874 0.106532179 -0.0470195152 0.125608489 -0.0198773388 0.0536672994 0.0217638798 -0.0719629303 0.10181348 -0.124280691 -0.0203607138 0.0627858341 -0.00321811717 0.0715534166 0.101924874 -0.0978911594 -0.000699677388 -0.0407581814 0.111341402 0.0138919279 -0.0650706589 -0.00276657776 0.0418680012 0.0687212944 -0.0816368312 -0.0612009615 -0.0283974744 -0.00308441441 0.105257481 -0.00277006091 0.0392793119 -0.00260138907 -0.0878313482 -0.108229585 -0.0123528736 -0.0448571257 0.0435146913 -0.00375765841 0.11705827 -0.09839423 0.104200922 -0.0412788428 -0.0260139331 0.0865455493 0.0891706124 -0.0181200951 0.0495593175 -0.0902460963 0.0605716631 -0.0911638141 -0.021664599 0.0737964585 0.00383313349 0.00566596352 0.0805840865 -0.0261626076 -0.0526023917 0.126219049 -0.0698513687 0.124560431 -0.116264895 -0.0238888618 -0.0262596365 0.0287155062 0.00433835946 0.0746623725 0.102416024 0.107675262 -0.0811236054 -0.0194347296 -0.0432538688 0.0525662154 0.0916898698 -0.0548245721 -0.0253129434 0.076687932 0.0757214576 0.0188382622 0.0620249473 -0.0590502694 -0.0146249169 0.00535534415 -0.125833467 -0.0730731413 -0.0830805451 -0.0170859713 0.0962791219 0.115902536 0.0568080433 -0.0132612735 -0.0479362942 -0.115134239 -0.0178018399 -0.094957985 0.0182607993 -0.0853306353 -0.0448474959 0.0836613029 0.122257926 0.0913100019 0.0288691744 0.0226782672 -0.0404103957 -0.0635792911 0.0675054565 0.0263312981 0.0728835166 -0.0879383385 -0.0825219601 -0.101418503 0.00565995602 0.0612309091 0.0597618259 -0.0442418717 0.107326753 0.00786482915 -0.0684080496 0.109626062 -0.11908377 0.0343687534 -0.107011788 0.0663761497 -0.110126503 0.117224701 -0.0220351107 -0.0819635764 -0.0369880795 0.0922471508 -0.113266595 -0.0368863307 0.0729476288 0.119513921 -0.0471277349 0.0708956569 0.00145761413 0.0387982689 0.108995713 0.0174907986 -0.117489032 0.0227721855 0.0457870774 -0.0129449982 -0.12074548 0.106723852 -0.0893590301 -0.126041502 0.0297880583 0.0120005058 -0.0468159206 -0.125710756 -0.0538297072 0.0418744124 0.105336726 -0.0312056765 0.0525747687 -0.0469043888 -0.0646093786 0.123874649 0.0872303843 -0.0978335589 -0.0894003734 -0.0374132544 -0.0381477922 -0.0732520893 0.089318864 0.0435624421 0.0217083991 0.011262008 0.040848285 -0.102425978 0.111488976 0.0245986544 -0.104386404 0.116268501 0.0934552923 -0.0492852889 0.00421469845 -0.0305485744 -0.0419398621 -0.0793971345 0.0264759902 -0.0877568051 0.0681905821 0.104779422 -0.0675645769 -0.105583102 -0.107240289 9.38332523e-05 -0.0376279801 0.103951685 0.045874007 0.0360639915 -0.059333235 -0.0380320475 0.0178248435 0.00447730441 0.110490456 -0.0210896954 0.0629372746 -0.029697977 -0.0375012606 -0.106740281 0.0876545608 0.120116137 0.0213622302 0.0342046656 0.0817698613 -0.0336113386 -0.00805081334 -0.0137643348 -0.0896462947 -0.0318586715 0.0142681366 0.0541627221 -0.070629634 -0.0175735038 0.00797298923 0.0588281751 -0.0928319171 0.0276316497 -0.101944782 0.0314952843 0.0310670007 0.087125808 0.11964222 0.0656330213 -0.0778026208 -0.0432692952 -0.0697914362 -0.0530540869 -0.102055922 -0.106646441 0.100983202 -0.0576831922 -0.0825414211 -0.0471611954 -0.0599552691 0.0338246748 -0.119664811 -0.0974455252 0.110782139 0.127696946 0.0513674691 0.0455310717 0.116633378 0.0192111582 -0.102531001 0.0974638462 0.0657107458 0.0758817419 0.0793562308 0.0184247829 -0.0104983738 0.0836884305 0.00429973332 -0.028150754 0.0434280895 0.0769369155 0.115862384 -0.0730705112 0.107312568 -0.107177936 0.103082329 -0.120698556 0.00289113238 -0.00569307385 -0.106523246 -0.1206185 0.00904268399 -0.0873276591 0.0450992323 0.0822356716 0.023722833 -0.0422284789 -0.0304137375 -0.054148525 0.0179940443 -0.00655025803 0.000990789616 -0.0452084392 0.0202248376 -0.107910506 -0.115625992 -0.116085261 0.0188383143 -0.0805351734 -0.0735875964 -0.117188349 0.0657278076 -0.050085552 0.0332035981 0.121464983 -0.108248867 0.0371438116 0.1060635 -0.0479142517 -0.0351164415 0.0340706073 -0.0911648795 0.0726903975 0.000890328549 0.0577139407 -0.039991837 0.0151354922 0.114035539 -0.0862321109 0.0740802735 0.0217086077 0.0885879397 -0.0213009808 0.0857128128 -0.0941789821 0.0477112383 0.0953805745 -0.0464062169 0.0609465465 -0.0604070611 -0.024434967 -0.0902604833 0.107351951 0.063293092 0.038837757 0.077952899 -0.0217367392 0.109459803 0.115341507 -0.0869947225 0.111585803 0.0805923492 -0.0895882323 0.0764350444 0.121107101 0.0875055566 0.0763965771 0.0266885571 -0.0536368154 0.0629443452 -0.0453882813 -0.124033824 0.0223865584 0.106466562 -0.107240953 -0.0208201893 -0.00175912119 0.0570563637 -0.00585155701 0.109765366 0.062033996 0.0224379934 0.0280376747 -0.10448838 -0.108246349 0.0403100662 -0.0841061547 -0.109451063 -0.0578753166 -0.034149494 -0.057932362 0.107742041 -0.0672164261 0.040715795 -0.00726043293 0.0824491009 -0.0400195308 -0.0472437702 0.0345991477 0.108569898 -0.0234531108 0.103421383 -0.116074495 -0.0915177688 -0.031212816 -0.070087947 0.0654888004 -0.0345967822 0.113936566 0.113117069 0.0307473242 0.0817525312 -0.00976160914 -0.074672237 -0.0378739275 0.0173153058 0.0560634397 -0.0163463205 -0.062008284 -0.0162787959 -0.0484705083 0.0093488656 -0.0849931538 0.035001602 0.0015605049 -0.06285353 -0.0914326534 -0.0594914891 -0.0707969293 0.124091864 -0.0136428354 -0.0736456886 -0.105024688 0.0575289764 0.0908583552 -0.00505544571 0.107932046 0.00518199569 -0.118556231 0.0440539457 -0.10571567 -0.064864859 -0.0327117331 -0.0120765297 -0.0584562868 -0.0323835351 -0.106232323 -0.0484408103 0.0265370794 0.0614938587 -0.0965462923 -0.0380869992 0.0962272733 -0.113235883 -0.054693833 -0.111707799 0.0969992802 -0.00183573249 -0.107143164 0.117135324 0.101038598 0.0472141393 0.0197689496 -0.0937968194 0.0216700584 0.0408337638 -0.00508554513 0.0461247712 0.114613645 0.00436772499 -0.0215400457 0.0907586962 -0.115482695 -0.0507079214 0.0305184256 -0.116799168 0.0584575944 0.0617234372 -0.0938095823 0.0297087133 -0.040241722 -0.017828526 -0.0777215511 0.0466500521 0.0279506799 0.089388229 -0.0659121647 0.0910828933 0.0135353776 -0.0584638119 0.0275727715 0.0739488602 -0.0257643312 -0.088480942 -0.0873977169 -0.00392450904 -0.0301245544 -0.000125053411 0.0770946369 0.0825364068 0.0338936597 -0.0984129608 -0.0547868609 0.0809004754 -0.035865467 -0.105305173 -0.09641359 -0.024466157 0.00925311726 0.0528294146 -0.0704328641 -0.0586157665 -0.0582014099 -0.0249532778 -0.0134452106 0.0554730073 -0.0789964646 0.000359947764 0.0341965593 -0.0139872218 0.0155401565 0.0505364947 0.0236086491 0.042265296 0.0661636889 0.0186300315 0.0145614436 0.0311257951 -0.0444691554 -0.0913940147 0.0364014469 0.0443656556 0.117057875 -0.00520279538 -0.0199265983 0.0298815407 -0.0880556032 0.0432440042 -0.0783503801 0.112597808 -0.124955952 0.0699805766 -0.0328337215 -0.118607596 0.0995429382 -0.0693352446 0.0154864667 -0.03394017 0.0107589513 0.0289205797 -0.0749812052 0.0666772872 -0.0120646171 0.117982268 -0.040493574 -0.0633416325 0.0188578628 -0.0378130265 -0.126145646 0.0858567804 -0.0867849365 0.0135272294 -0.00681200298 -0.106167831 -0.0792761222 -0.119807914 0.0625268146 0.0536052957 0.11712423 0.000684966508 0.0163509957 -0.097662881 0.0595393144 -0.0539050251 0.00663988478 -0.0638803393 -0.115263104 -0.105995536 -0.0794323012 0.0138527071 0.0435579047 0.0729220137 -0.0124999266 0.0735054314 -0.0422538929 0.0480668657 -0.006589178 -0.063507922 0.0852044448 0.0186911263 0.098953709 -0.0827540904 -0.0253816303 -0.0637764111 0.0822292268 0.0709197298 0.0500255674 -0.0497051626 0.121654853 -0.050164286 -0.00779108191 0.0589300692 0.00103922491 0.0767910853 0.023456946 -0.104405649 0.0243932009 0.0555741638 -0.0667737946 0.0578357913 -0.0506780706 0.0653714538 -0.105707541 0.0175009761 0.0198054686 0.0275491625 -0.0720553249 0.0114785386 0.111190364 0.0736676455 0.0753163993 -0.113133341 0.0721738338 -0.0228666253 -0.0856970698 0.0947356224 0.097335048 0.105200775 0.128972411 0.050318215 0.096568279 -0.0828354657 0.0241774842 0.0904210061 0.0837163925 -0.0387846418 0.0171411783 0.104274832 0.031578403 0.0518750213 0.086462304 0.0600340478 -0.100422904 -0.0656974465 -0.0418977961 -0.034337528 -0.0455994532 -0.0801606774 -0.0522288531 0.00867464487 0.109021589 0.106664009 0.0930022448 -0.0465309545 0.0935470015 0.0859403834 0.0165280625 -0.0894543827 -0.0707745031 0.0410425998 -0.0926002264 0.0915605724 -0.0944954008 0.108384453 0.0271880068 0.0322065204 0.00673475675 -0.0914355814 -0.086541459 -0.0287867915 -0.0292246193 -0.00680145388
tensor gate_encoder.0.bias 1 32
-0.0334937871 -0.0413892381 -0.0669417679 0.116220921 0.107175305 -0.0399250835 -0.105108619 -0.0169615522 -0.00559871458 -0.11696066 -0.0637620762 0.0412893519 -0.0824631453 0.101640217 -0.0071449005 -0.111472666 0.0920024291 0.0723061785 -0.0802999958 0.0871965736 0.0232849196 0.0636554956 0.0979865342 -0.0984936804 0.0590004176 0.0454215072 0.0199329965 0.0723971799 -0.116972908 -0.120598964 -0.0662151948 -0.0385882966
tensor objective_value_embedding.weight 2 32
0.150638834 0.451247662 0.139066055 0.717357576 -1.4044832 0.210597232 -1.73440135 0.427986056 0.622862399 1.64158094 -0.265516132 -0.0415590033 0.545812666 0.536812603 -0.0881048068 1.02466083 -1.42222881 -0.843352318 1.17399132 -0.606102765 -0.0418810397 0.367862314 0.380087674 -1.28853667 0.221188411 0.433018833 -0.319012344 1.31658041 1.04306293 -0.738912642 0.411900342 -0.975263715 0.69366014 -1.11348259 -0.106561899 -0.382727534 0.822684467 -0.442086369 -0.222327292 0.00811873097 -0.829090774 0.847027063 0.498043984 1.66004872 0.406023115 0.376055896 -0.414945155 -0.622358203 -1.00802267 -0.617793202 1.21845865 0.241445392 -0.165820137 1.19274235 -0.702914178 0.804691136 -1.45115888 -0.409632236 0.694995701 0.0824719444 -1.93967295 -0.319451392 0.0766531304 0.103966326
tensor backtrace_actor.0.weight 32 32
-0.102762759 -0.144707888 -0.0832495466 0.166764066 0.145426378 -0.016379172 -0.0366321951 0.0280290712 0.139191672 0.00544772903 -0.098418653 -0.0402189456 0.0431327857 -0.165766165 0.0381287187 -0.0279024076 -0.109871916 -0.181012943 -0.0878882781 -0.0810745731 0.0675862655 0.0127279926 0.0123538747 0.0764877275 -0.16586937 -0.115806729 0.0414216146 0.064058654 0.027228415 0.143070221 0.00310035818 -0.00651568267 -0.154541656 -0.121046573 -0.15768896 0.072248973 -0.083989352 -0.146468222 0.0858686417 -0.0342986546 -0.130245849 -0.0101189176 0.0678997561 -0.0662038252 0.00676129386 -0.0172931496 -0.148556158 0.0368844494 -0.0449563749 0.0816932991 -0.133439064 0.166369244 -0.033372853 -0.0126124956 0.0648097917 0.0132810576 0.0420005359 0.153271914 0.0683579072 -0.0189627409 -0.0905611664 -0.112915933 0.0211882982 0.132550701 0.15358302 0.0121991076 -0.0380216315 -0.00746332388 0.0406678878 -0.170505404 -0.047220923 -0.117045633 0.148428679 -0.167418331 0.00935549662 -0.000317589816 0.00970250834 -0.111350909 -0.0321391262 0.127866954 -0.0552448258 -0.0207665786 0.0576499887 0.111860313 -0.0724344477 0.153938159 0.150704145 -0.0930678844 0.163142681 -0.13221468 -0.151757821 -0.110985063 0.0641252846 -0.148269996 -0.0833297968 -0.012661648 -0.0926216319 -0.0359432064 0.0819643885 0.0814082772 -0.0884328187 -0.114805482 0.0315680951 -0.119088106 -0.0124303903 -0.0380126946 0.0731996 -0.0646753907 -0.161282927 0.00507586868 0.0631813332 0.12928845 0.0881393626 -0.0874457955 -0.012846374 -0.000485315337 -0.147665754 -0.082112141 -0.0593271963 -0.0341831259 -0.0111743696 0.0061380351 0.0138080111 -0.0853675827 -0.0342423134 -0.0577931777 -0.080193378 -0.167869911 -0.0271265544 0.019474037 -0.0469389185 -0.127886355 0.166470498 0.00891508348 0.110509641 -0.0484055653 0.0636677742 0.00828915555 -0.0491606034 -0.132822245 0.0375214294 0.101686731 0.0426318124 -0.161813796 0.179926589 0.0829816312 -0.137763366 -0.0178517569 0.00575405126 -0.0310724899 0.0514102839 0.145257816 -0.0937446952 0.0259503424 0.106540553 -0.0873274133 0.0604425967 -0.00661794841 0.0854159519 -0.170646384 0.0197729822 -0.0618977025 0.161873847 0.000947369146 0.0603636354 -0.0238525178 0.0111580221 -0.0902012214 -0.173183426 0.0290972646 0.142223433 0.146935254 -0.119856991 -0.0748926774 0.131328791 0.150601998 -0.00238440395 0.10784027 0.082512565 0.130739897 0.101305328 -0.0694557279 0.148015991 -0.120427556 0.010447504 -0.0989802554 0.120085366 0.0792846158 -0.109317675 -0.149426743 0.154479206 -0.172151357 -0.169297859 0.00989132002 -0.0811301172 0.149478868 -0.0460842438 0.172286853 -0.00102006376 -0.176094517 -0.00463922741 0.0849671438 -0.0641721785 -0.0384430103 -0.0181752238 0.161835894 0.0868670866 0.0611049905 0.131895661 -0.00672248844 0.0971221477 0.11346738 0.00777328154 -0.0326124392 -0.1463103 -0.133071527 -0.13136597 0.105430365 0.0659366772 -0.07563743 -0.102791712 0.129085243 0.00674862275 0.180624828 -0.0168298502 -0.144536555 -0.122645743 -0.168777734 0.126264125 -0.0569765493 0.140525356 -0.073549889 -0.109206788 0.0325473063 0.0155765861 0.165956929 0.120182112 0.0535594672 -0.146735445 -0.0558064096 -0.117549241 -0.0402931571 0.0933688655 0.00854454562 0.0611931384 -0.107185654 -0.0304073244 0.175170183 0.0764457509 -0.132419676 0.0990956575 0.0451578274 0.0796419978 -0.164138347 0.0452618524 0.176444963 -0.157847345 -0.0465046018 0.114999108 -0.040763814 -0.00246717455 0.0414230041 0.123456232 -0.0338474438 0.0270447973 0.00128237111 -0.121877275 0.17085728 0.0255069174 -0.04032306 0.127005517 -0.111434124 0.153910041 -0.153014734 0.121366173 -0.00132755353 0.0305823535 0.0355174169 -0.0436263345 0.0180180334 0.111804374 0.118205875 -0.00445460156 -0.129793942 -0.107877798 0.133969888 -0.175822228 0.0775163174 -0.107610695 0.0529531613 0.150021926 -0.11137265 -0.162577331 -0.129358292 0.0174735598 -0.0786888227 0.153046355 0.0970805138 -0.159360364 0.00863818079 0.0723514482 -0.103474438 0.170242965 -0.0699220821 -0.00779529102 -0.150147498 0.181031555 -0.086279586 0.0807060525 -0.0246398598 -0.0281611029 -0.0792235434 0.044727046 -0.106856599 0.0207794458 -0.106769986 -0.160214633 -0.110380538 -0.070150055 -0.174757645 -0.173674747 -0.0443533994 -0.126927659 0.149894759 0.0315952897 -0.0628401488 -0.0433006398 -0.0907170027 0.0494388379 0.0416598283 -0.139675841 0.154458135 -0.156952962 0.127710849 0.0760925487 -0.0244773943 -0.000637070625 0.0695060864 0.139103547 0.128210381 -0.00174919213 -0.0711337402 0.0254727565 0.104707085 -0.0793049335 -0.0566648059 0.136927933 0.104432151 -0.00787459034 0.0518540069 0.0127745084 0.114305928 0.113987103 -0.0155692901 0.131465673 -0.0389499068 -0.11737857 -0.0205188114 -0.163954958 0.0287348684 -0.164629906 -0.171799853 0.107272856 -0.0254542511 0.109895214 0.140373677 -0.154097289 0.042074468 -0.144687071 -0.0386887081 -0.0451554097 0.166054741 -0.139931828 0.118376024 0.126108244 -0.139698386 0.167865217 0.16312556 0.110205494 -0.0790648311 0.163500607 -0.0981363505 -0.113841757 -0.124211222 0.0946406946 -0.0831239298 -0.154689118 -0.0273060873 0.105502792 0.176834807 -0.0835711211 0.0519594662 -0.121916339 0.0263264384 -0.100865349 0.0939782113 0.0844753832 0.0611191466 0.0224635731 -0.023710696 0.0289658327 -0.180703953 0.0241664276 0.141315803 0.0738889426 0.0606763363 0.086744152 0.106788188 -0.0779642239 -0.127562448 -0.0849212185 0.156020835 -0.0429292582 0.155685157 -0.123411618 -0.102865018 -0.054680448 0.106795654 -0.116340965 0.0718208924 -0.0496548489 -0.119791947 0.121245734 0.02328486 -0.0673530027 0.123661384 0.12130636 -0.00387583626 0.136570394 0.0613758937 0.114649005 -0.0440532751 0.0866642371 0.0913169235 -0.0601011701 -0.0837085843 0.0430381894 0.122278497 0.000756445341 -0.0786612853 -0.0320516266 -0.0689300969 -0.0829064474 -0.165157139 -0.00746933464 -0.10323149 -0.0477886908 0.0235475432 0.039200671 0.138298348 -0.161435813 -0.0833974555 0.0857121423 0.096097745 0.166489542 0.168721572 0.124323584 0.130630806 0.141043946 0.155522943 0.0382197686 0.101982355 0.0900580883 0.0733794942 -0.00618294859 -0.131541848 0.107039951 -0.002111129 -0.105908394 0.142308429 0.0440432429 -0.132175967 0.093953155 0.0547466502 -0.0736510828 0.0957270041 0.00689797429 0.0124969129 -0.177826226 -0.155485958 -0.142737061 0.118378565 -0.114149518 -0.122622132 0.0774111599 -0.167729631 0.110290825 0.0615388528 0.106441237 0.130968168 -0.0519052446 -0.00823521614 0.119144015 0.130880833 0.148766488 0.0309481323 -0.0422081761 -0.0462531298 0.0848590359 0.0482149795 -0.0118694492 -0.031042967 -0.167666569 -0.0568951741 -0.120625466 0.164497569 -0.094893612 0.0173151623 -0.0446668118 0.0876516551 -0.159179419 0.137176424 -0.142269954 0.124844946 0.0442904085 -0.143721834 0.159264952 0.151459873 0.0619016178 -0.146274507 -0.0539772734 0.0532786623 0.0443268158 0.059693668 0.0968913957 -0.088185437 0.0591902137 0.113442227 0.171641424 -0.127834707 0.0892352015 -0.166942284 0.0021570106 0.103552394 -0.0964794382 0.154765129 0.0410190448 -0.147034675 0.0111891041 -0.0969727859 -0.166047454 0.15931192 0.0909805223 -0.0288012773 -0.0216419883 0.142181605 0.0666842759 0.155321002 -0.142764017 0.0942168608 0.114791445 -0.136920691 -0.166721269 0.169512093 -0.0884541944 -0.127183974 -0.00483564846 -0.112601012 -0.0215622056 0.167280406 0.162273675 0.00383123592 -0.116945356 0.0795767531 0.0850874707 0.0195949301 -0.126668662 -0.106617935 -0.0582067966 0.125378281 -0.120581508 -0.164584234 0.149280667 0.111733764 0.00330976257 0.0452419482 -0.164545521 -0.021309115 -0.16770032 -0.118716612 -0.0141256033 0.0527915061 0.156898111 -0.0844755173 -0.0710036904 -0.0569677837 0.0990020856 0.0326313712 -0.162497774 0.0747770667 -0.136461422 0.0033773859 -0.00680179195 -0.163628161 -0.0229802579 -0.0702713951 0.0470642373 0.117177345 -0.134203836 0.111649595 0.136544868 -0.0538812093 -0.113999739 0.0832041875 -0.164366156 -0.156884462 -0.0232566446 0.118995406 -0.154117852 0.170177445 -0.176506951 -0.0432007164 0.00470871944 -0.00821728818 -0.146547109 0.0204164274 0.135959446 0.00699754758 -0.132107168 -0.0408743694 0.035428375 0.0321304426 -0.127066508 0.00415034406 0.135747015 0.0208413247 -0.0628873184 -0.0549601205 -0.149175942 0.153496191 0.00462371157 -0.0866441578 0.137803122 -0.0580394268 -0.0482188128 -0.158149362 -0.0753514618 0.15104185 -0.081828475 0.0102521479 -0.074595809 0.0907504931 0.180720389 -0.01056745 -0.152901143 -0.137999505 -0.129225463 0.181082487 0.175866604 0.0225578509 0.138097122 -0.0496375822 0.00402395194 0.0295278952 0.0199771356 -0.145703524 -0.0693243742 0.0110043231 0.105882429 0.130377978 0.0922808796 -0.0240471214 -0.158145308 -0.138385832 -0.102435045 0.0514300205 0.0350465365 0.12486279 0.167392105 0.171902418 0.108386628 0.168297514 -0.0703920871 0.054388646 0.079476513 -0.0175745711 0.0216900725 -0.104536138 0.0589389242 -0.108811036 -0.0976036265 -0.0194733925 -0.0148461256 -0.0586950816 0.0403558426 0.159893006 -0.0229503177 -0.0497962348 -0.119669303 -0.082123667 -0.123067968 0.0893663466 0.157422051 -0.0725159347 -0.00566145033 0.158492818 -0.102296852 0.115098678 0.14662239 -0.0580064133 -0.165088296 -0.0537969247 0.170430988 0.0731144473 0.0671490431 -0.00175357005 -0.171073675 -0.138104156 -0.0388694368 0.113909833 0.0744746029 0.0571843386 -0.0215985477 -0.000587096962 -0.0921060443 -0.0891427696 0.132382438 0.111645646 -0.127467483 0.00126722502 -0.00364383357 0.174067035 0.0677137971 0.0523840338 -0.053758584 0.119115457 -0.173875153 -0.0266862605 0.0693093687 -0.0160992201 0.110090382 -0.127112329 -0.133718058 0.107496321 -0.104698524 0.0272312909 0.098715432 -0.0633799583 0.0475087315 0.181266665 0.0643940344 -0.100071371 -0.150883019 -0.15515551 0.164631337 0.127102524 0.0537090227 0.0808222741 -0.101803377 -0.0155533915 0.07550475 0.0399763025 0.132244617 0.0906904787 0.148648024 0.167996064 -0.0589688011 0.0693971366 -0.164428681 -0.150640473 -0.167229757 0.170530543 -0.106114157 0.0589425005 0.00493263686 -0.177219316 0.0755816326 0.122266166 0.00593866361 -0.118808746 -0.0803113133 -0.0508724302 -0.109702706 0.105953149 0.0456594937 0.0251898468 -0.121826775 -0.0560909882 0.159975871 0.0933455676 0.164783984 -0.165241003 -0.0165752843 -0.0790361688 0.00760570075 -0.0683984458 0.0259566288 0.0749848187 -0.0882864445 0.0545309484 -0.108965218 -0.137854233 0.0216841437 0.126872852 -0.0601024143 0.157239437 -0.0826563984 0.0251153093 -0.0647800639 -0.0235123485 -0.168373272 0.152866393 -0.0472268872 -0.0291492417 0.042086035 0.0552072711 -0.0839655325 -0.064186953 0.111114323 0.140333965 -0.00666936347 -0.0884472504 0.130191326 0.114060789 -0.160346121 -0.155395731 -0.10645967 -0.0341255888 -0.173882768 -0.0200888887 0.118067235 0.121445052 -0.0192207452 0.175914839 -0.0286511891 0.0374684185 0.1133838 0.0157919824 0.0832103342 -0.112085551 0.0691655278 0.0271750167 -0.165451467 0.162187725 0.157454655 0.074433282 -0.0916493908 -0.144893557 -0.155944556 -0.0336898156 0.0458809957 -0.177120328 0.0276401099 -0.139839411 -0.0752299428 0.00219548377 -0.125481024 -0.0724771619 0.0709520951 0.124580994 -0.0255404245 0.0600657426 0.090250954 -0.117875941 -0.0765955076 -0.0307846908 0.079702504 0.0603277534 -0.144958392 -0.0162480399 0.0597782545 0.0946331248 0.156847253 -0.0863727555 0.0180322845 0.0856767893 0.00774786109 0.0380962975 -0.171556279 -0.0328301638 0.0552071892 -0.0439741872 -0.158645123 -0.167710304 -0.00029159931 0.134980172 0.109481908 -0.0791167319 -0.0426255204 -0.0209161751 -0.108155034 0.164150387 -0.159906149 0.0202997271 0.162817776 0.118323356 -0.0405563526 0.102433883 0.151998326 -0.143216565 0.13974227 0.0959302858 -0.0550867952 0.112968676 0.112598665 0.0499376729 0.0691891983 -0.0542123616 0.122746788 -0.0619822666 -0.00556690944 0.172834083 0.126824796 0.0875926986 0.0248480272 -0.0933922008 0.15996182 -0.164663702 -0.0835385695 -0.0384764001 -0.0660535693 -0.0812147409 -0.0233575013 -0.0774273649 -0.0667105988 -0.113169499 0.146379352 -0.118204661 -0.0954199582 -0.0355629139 0.119926788 -0.164598539 -0.0682807788 -0.0511446334 -0.12754114 -0.0932995155 0.0795991868 -0.00585221406 0.0361329243 -0.149655953 -0.0501963235 0.106213681 -0.0622979328 -0.00840508007 0.097350575 -0.0679671243 -0.0156039856 -0.152619213 -0.0620054342 0.11470519 -0.0728286281 0.0971786305 -0.115264393 -0.141007036 0.0954604298 0.154448316 0.0513917133 0.147092089 0.0527257621 -0.023814749 0.117168397 -0.0194866825 -0.0295351464 -0.0501012541 0.0742524266 -0.12224105 -0.0966141745 -0.0424085371 -0.157234505 0.0391451865 -0.0277506225 -0.0134763718 0.00953112729 -0.0054836385 0.0660691261 -0.164214864 0.166259646 0.120474502 0.0149286194 -0.147179693 -0.00384748285 0.176874623 0.0782277882 0.134945109 0.127165616 -0.097714819 -0.0461617634 0.0177670233 0.0325977653 -0.141467959 0.079974778 -0.153127223 0.148083821 -0.167742074 -0.0985778868 -0.120055556 -0.0418677554 0.136625111 0.104132205 0.0124944234 0.0904378667 0.123757757 0.021458758 0.00604629563 -0.0930733532 0.0203255098 -0.0426701903 0.142797232 -0.0127987359 -0.010964456 0.0632403865 -0.14153412 0.10484875 -0.134969801 0.124928683 -0.126987517 -0.125311837 -0.119308241 0.0876275226 -0.105954252 -0.0800514221 0.160954162 -0.138376832 0.0116452873 0.0430439003 0.16806823 -0.0630567446 -0.165747136 -0.0740113854 0.0907919034 -0.129833594 0.170168579 0.0325479545 0.106557414
tensor backtrace_actor.0.bias 1 32
-0.0870842859 0.146862835 0.0574090593 -0.125328049 -0.0354689993 0.0643532872 -0.101046801 0.123216026 -0.087088488 -0.138310611 -0.0644697025 -0.039087899 0.0827661529 0.108510457 -0.0185134392 0.127460048 -0.143404588 0.15304333 0.0672060773 0.153250858 -0.16145055 -0.149024129 -0.0904273316 0.111831032 0.0824249536 0.155725271 -0.0503039286 -0.10048759 0.161155865 -0.0950190797 0.120217234 0.1078903
tensor backtrace_actor.2.weight 2 32
0.125985429 -0.126904145 -0.118153438 -0.138102517 0.134492949 0.0930423811 0.155231118 0.0589621104 0.0326400995 -0.0539382808 -0.0753908753 0.00779376132 -0.070155628 0.126114979 0.00964503642 -0.166762263 0.10592214 0.0583143793 -0.0396745354 -0.0315871015 -0.139379084 0.116461277 0.00362752937 0.107616164 0.0956851915 -0.122568488 0.0151467556 -0.0576842539 -0.154016241 -0.167494923 -0.134022251 -0.0290409662 0.145525575 0.171404377 -0.167917788 0.101942413 -0.110715844 0.0675470904 -0.0391314812 -0.0515914895 -0.0613135472 0.146554068 -0.168625757 0.180326894 0.0647824332 0.148824364 -0.164355248 0.0651382878 0.0848064274 0.016757315 0.0669953898 -0.156337813 0.16420342 0.0325054303 -0.126315176 0.154929474 0.145529583 -0.159104064 -0.07462769 -0.0241346471 -0.0537861101 -0.130657822 0.113995172 0.0156256054
tensor backtrace_actor.2.bias 1 2
0.096011579 -0.0480184555
end
