SMARTATPG_ACTOR_V3
backend smartatpg
feature_schema SMARTATPG_FEATURES_V1
snapshot 5d9a093a902e9948515ca3609f348e7d961761c99c2358961f7387efb0c02fdb
embedding_dim 80
hidden_dim 32
tensor gate_encoder.0.weight 32 80
0.0406784005 -0.0649610907 -0.0233618151 -0.00703389198 -0.0281135384 -0.080449529 -0.0474715978 -0.0830106288 0.0432981066 -0.0115956469 0.00373215019 -0.0375515521 -0.0207046848 -0.0244949348 -0.0185031779 -0.0813191459 -0.0196935404 0.103361361 -0.0498222969 -0.104631402 -0.0341252722 0.0282167289 -0.048463352 0.0967418849 -0.0499860533 0.0391885489 -0.0706647187 -0.0326225162 0.0298525244 -0.000569946831 0.103278883 -0.0601010844 0.116242014 -0.0394373164 -0.0583980232 0.059339717 0.00534490496 0.0300338902 0.0546574593 -0.0108313784 -0.0527843274 -0.0936934203 0.0609297454 0.0686822459 -0.0388254225 -0.0693494603 -0.0566484816 0.119688824 -0.0191869177 0.0514702499 0.049958881 0.0670032799 -0.0676322877 -0.0193774849 -0.0176822338 -0.0890876204 0.0891959593 -0.0559736863 0.0717564449 -0.0285911188 0.0168807749 0.0668036938 0.0635571554 -0.0854887143 -0.0368898883 -0.0218413714 -0.102868259 -0.0102285678 -0.0116159683 -0.0629524738 0.0479588509 -0.104639433 0.0880725384 -0.0814601034 0.0967040807 0.101655096 -0.029137833 0.0968683288 -0.00234953896 0.0711832866 0.0884241238 -0.0443466082 -0.0970886201 -0.0862063169 -0.0998157635 -0.04644325 -0.0687120184 -0.0524120107 0.0342657566 -0.06785018 0.0921099409 0.0603003316 -0.0893667787 0.0701143742 0.0227237493 0.0816545561 0.0314631276 -0.0865103379 -0.0534669757 -0.0904320627 -0.0831008628 -0.0998566747 0.0823828205 -0.0594386272 0.0729557648 0.000819154084 0.00270922482 0.0882325172 -0.0146249253 0.0308490414 0.0887078047 0.0386562943 0.0160383433 -0.023081243 0.0702094808 0.000164753714 0.0951626748 -0.0101886056 0.0481350981 -0.0276699886 0.0411874242 0.00348464819 0.00989323482 -0.0666093975 -0.091443032 0.0114894016 0.0811703205 -0.00106745178 -0.0158102326 -0.039847143 -0.0816842169 0.0130732954 0.0192371011 -0.0886720568 0.0405034237 -0.068832688 -0.0830400735 -0.0421466157 -0.000132838206 0.103295751 0.0603547841 0.0246495306 0.0832864568 0.0667540058 0.0678922087 0.0551544316 -0.0323617756 -0.0620092936 -0.0951231644 -0.0570703782 -0.0561047643 -0.0152308568 0.0947424769 0.0122016259 0.00279484107 -0.0587411635 -0.0877681449 0.0688222572 -0.0551716946 0.111572996 0.0945112929 0.0198896583 0.10842111 0.0308469385 0.0423325039 0.0930923 0.0853265971 0.108662575 0.0896011442 -0.0465571024 -0.106805183 0.0758657083 0.0969658345 0.0991678983 0.0213022884 0.0645063147 -0.0137949297 -0.0514516532 0.0159003846 -0.0354390144 -0.0102711432 -0.0454937853 -0.0154613936 -0.00665100059 0.00491403928 -0.101038516 0.0480139554 -0.0196719803 0.0486488789 0.0831848159 -0.0517484359 -0.087994948 0.0588666573 0.0628884807 -0.0680254847 0.115071185 -0.0340326056 0.0334706008 -0.101010315 -0.0506516919 0.0831500143 -0.0649265498 0.108311146 -0.0167754572 -0.0873688236 0.101021722 0.0513611883 -0.00914646126 -0.100899704 0.107570872 -0.060179472 0.0610769093 0.0603448898 -0.0770732239 0.0391502045 -0.0286673754 0.0706381425 -0.105298601 0.0461073928 0.100660592 0.0324565955 -0.0852351934 0.0265745521 0.0335709192 0.0296258777 -0.0421523638 -0.045747079 0.0863540322 -0.0519387424 0.0186888725 -0.104779311 -0.0434660465 0.00715168566 -0.0904726461 -0.013553353 0.0159765072 0.0339411609 0.105226047 -0.0463682637 0.0202203058 0.0157774873 0.0843800306 0.00946762878 0.0615267009 0.107231274 -0.0290369876 -0.0148673663 -0.0359511971 0.114189677 0.00926532689 0.0698087662 -0.0241893604 -0.0227062572 0.01024279 0.0697185323 -0.0530024804 0.124378443 0.0745217428 -0.0711452812 -0.0898101404 0.0362666398 -0.0442667156 0.0345422737 -0.0721114129 -0.0664968714 0.0944049358 0.00672938675 -0.0463172272 -0.0766196996 -0.0444271974 0.0400741622 0.0447973013 0.00655321497 0.000922875945 0.108343892 -0.0288579911 0.00675346842 -0.101999067 0.112027846 0.028271094 0.00156511448 0.0141328648 0.0754645988 -0.022450475 0.0972086266 0.0441409461 0.104232281 0.0376085155 0.113471612 0.105000064 0.0514046587 0.0966010839 -0.00839280337 0.0906902626 0.119276695 0.118638627 -0.0113841491 0.056891676 0.0966530368 -0.0651329607 0.071129255 -0.0147074685 0.0283021424 -0.0233059246 0.0197552741 0.0245922226 -0.0288952477 0.0125312395 0.111006364 -0.0714065507 0.0306132734 0.0832671225 -0.0837693661 -0.020269651 0.0542076603 0.0388453752 -0.0366907045 0.0839348957 -0.032803148 0.0746995807 0.0299369227 -0.0316897482 -0.0957419202 0.0699200928 0.0451243334 -8.9680434e-05 -0.0397864282 0.0538692027 0.0268292986 -0.0147591652 0.0775457397 0.0229293406 0.0526451766 0.0753620863 -0.0645877495 0.019511845 0.0964704528 -0.0863981768 -0.0131927365 0.0730951577 -0.0111307185 0.0451128744 0.118973956 0.00161314977 0.116170317 0.091840446 -0.0562911555 0.0858925208 0.121563479 0.022062635 -0.0173927955 0.0267895311 -0.00707778195 0.118846774 0.106190041 0.0591026396 -0.042300798 -0.0949138254 0.0589692257 0.0579558015 -0.00224327017 0.0416554101 -0.028277399 -0.076278396 -0.0423003174 0.053838186 -0.00233005732 0.121106975 -0.0843559429 -0.0113687888 -0.0285693221 0.0404771715 0.0362455845 -0.033539921 -0.048075255 0.0931136459 0.0394784398 -0.000175660025 -0.0765620023 0.102824844 0.0739411488 -0.0527564771 -0.0123414993 -0.0021389816 -0.0881483927 -0.00471087545 0.113765456 -0.102734908 0.122036695 -0.0653368831 -0.0703932494 -0.0963224694 -0.0599387921 0.078389585 -0.0147238411 -0.0801728293 -0.0457013287 0.114501812 -0.0306039713 0.0717620328 -0.0414348133 0.0242436025 -0.0309029091 -0.0305441171 -0.0980806872 -0.0263509937 0.0856326669 -0.112314746 0.0994524732 -0.0755437687 0.041635517 0.0467779785 -0.0647295862 0.0856553391 -0.0712238327 -0.0307092536 0.00795545615 -0.0114836674 -0.0265499055 0.0449546278 -0.0702954903 0.0546844266 -0.0731800646 -0.109221093 -0.0580115281 -0.000132240355 0.0600043982 0.0330900103 0.0449677892 -0.0158993248 0.0764224306 0.0468051285 -0.0374040343 -0.0914314166 -0.10509976 -0.0500564277 -0.0509075485 -0.0227586497 0.0145581244 0.0723402202 -0.0586239658 0.0166954882 0.0304105338 0.0327766947 0.083295688 0.0856535509 -0.082941927 0.0997345895 0.0133953998 0.0988248438 0.0463976637 -0.000210605562 0.0321971029 0.0474629626 -0.0778451785 0.0529844537 0.0741597116 0.031467028 0.0567539372 0.0361967832 -0.0800397471 -0.0187242627 0.0214191284 0.0134313582 -0.0979392231 -0.00608432153 0.021356469 -0.061917726 -0.11808566 -0.0713863969 -0.0206521004 -0.0305797681 0.101366296 -0.0927452669 0.106434323 -0.016432479 0.0531196482 -0.002659739 0.00469613774 0.0945552886 -0.0312034376 0.06610021 -0.0714021549 0.0947145671 0.0834731087 0.087074101 -0.0613825656 0.0659391433 -0.0352834538 0.0950670987 -0.0471245684 -0.0500939153 -0.0135855116 -0.0265944786 0.102322549 0.0900737047 0.101623736 0.00197515241 -0.0226078164 -0.0933670104 -0.0227311645 -0.0526407175 -0.081635341 -0.057264559 0.0392549969 0.034664467 -0.0335762948 0.0923139378 0.0851646215 0.0397607237 -0.0978323296 0.0465315431 -0.034187369 -0.00059160206 -0.0950580835 0.0734370798 -0.0829370096 -0.0334022045 0.00120190065 0.0188872665 -0.0164043382 -0.0870034918 0.0825805813 -0.00267020776 0.0685932413 0.0579106584 -0.0264551267 -0.028374033 -0.0340473577 -0.000564135611 0.0370456986 0.0240845829 -0.00100373477 -0.095372811 -0.0849285349 -0.0118231764 -0.0468431599 -0.0487977713 0.068869561 -0.0664443746 0.0561382733 -0.00617162883 0.0845021307 0.0815815255 0.0229329169 -0.075517267 -0.0172929242 0.0182738677 0.0595900714 -0.101899162 -0.0882625431 -0.110079527 -4.95389104e-05 -0.0687746555 -0.0240396131 -0.0224282164 0.106189206 -0.0968355238 0.0293885265 0.0652709305 0.0700083002 -0.101084329 0.0902397186 -0.0164313912 0.0636938736 0.0958039761 0.0604840145 -0.0337470546 -0.0704517365 0.0253462326 0.0203296635 -0.0221487917 -0.0204968005 0.09614674 0.0735960528 -0.0334181488 0.036476478 0.0757039189 -0.0339486003 -0.0754171312 -0.0731457919 0.0353192277 0.0223721974 0.0163457543 0.0542415008 0.104881093 -0.0414755717 -0.0429486297 0.000262496847 -0.0541391559 0.0045710816 -0.0554023534 0.0471350774 -0.0222213101 -0.0227013435 -0.0310784858 0.0284331515 -0.00749672903 -0.0962557122 -0.0976115763 0.0489223227 0.104793943 -0.011273046 0.0881164297 0.0429165177 0.0684558451 -0.0517422035 -0.0358663835 0.0628152639 -0.0976619571 0.0700094551 0.0176674128 0.0355454236 -0.0311938468 -0.0899042189 0.0663036257 -0.099982217 0.114358477 0.0761803836 0.0786551684 -0.0296230111 -0.0730309039 -0.0815097913 0.000112584894 0.0390754789 0.0443830155 0.0261752941 0.0194845218 -0.0439988263 -0.044208616 0.0580976158 -0.0929450169 0.0529267192 -0.0566850342 0.106145039 -0.107757837 0.00949135143 0.0435349792 0.0783975273 -0.0709428936 -0.0414727218 0.0650580972 -0.0404122882 0.0399028361 0.0383166708 -0.0517048836 0.0738909319 -0.070818603 0.055210676 0.0310295299 0.0333957486 0.0618313104 0.046303004 0.0227536689 0.104839846 -0.047870826 0.0638274997 -0.076380603 -0.0484232195 0.10799621 -0.0373882689 -0.0870480984 0.0214848053 0.0310946461 -0.0504457355 0.0823151618 -0.0190990195 -0.0475255586 0.0682506487 -0.0041710902 0.00294533372 0.0264140368 -0.0449245945 -0.0953492522 0.0586667433 0.0828627199 -0.0177938249 -0.00588535843 0.00281553785 0.0563402772 -0.0799296722 -0.036155019 0.0603363551 0.0247545447 -0.0562611558 0.103718311 0.0754744262 0.0293072946 0.000429639302 0.00787487626 0.098074533 -0.0659154654 -0.0320350826 -0.00130296405 -0.0123004485 -0.087662451 -0.0274787154 -0.100148432 0.0317733251 0.0457758345 -0.107828349 -0.0999155492 -0.0493575558 0.0746321827 -0.0819674209 0.0775880963 -0.106181376 -0.117686778 -0.0109163765 0.066851154 0.101894677 -0.0550416149 0.0763460398 -0.0771622807 -0.0155550065 -0.0166964084 0.113189384 0.0375012644 0.0822983161 0.0730752274 -0.0162458401 -0.0586774759 -0.0273215547 0.0150434971 -0.070211105 -0.10554266 0.0330897942 0.0171221402 -0.0795217231 0.108033046 -0.0192720238 0.0614345819 0.0768037662 -0.0941565484 0.0441068299 -0.0524858981 -0.0257079452 -0.00608490407 0.0141751878 -0.0908395946 0.0571466461 0.0870700926 0.071680136 0.0324808918 -0.0889278129 -0.060518451 -0.10383489 0.0272227786 0.00995653775 -0.0522869416 -0.0807794183 -0.0157889128 -0.0652159825 -0.0840832964 0.0871003419 0.0497345924 -0.0593724065 -0.0544133745 0.0922566876 -0.0949468836 0.0681391954 -0.0675408095 0.0396777391 -0.0453210324 -0.0902457163 -0.110882312 -0.096708566 0.099568814 -0.0241670646 0.026491493 0.0631254837 0.0679379702 0.034200877 -0.085742794 -0.00605672412 0.0893233567 -0.0960855708 0.100698948 0.0062464322 -0.0472108759 -0.00319311069 -0.0599577166 -0.00360714202 0.00528351311 -0.0681357533 0.109882534 -0.0882010832 0.0191040654 -0.0122403828 0.0472126603 0.0149689317 0.00550276041 0.0373325497 0.0161340889 -0.0937981009 0.0564416349 -0.0473569818 -0.102044955 -0.0262398608 0.0715762302 0.00575891184 -0.0769753829 0.0403709859 0.0194137394 -0.0309015475 -0.0453663617 -0.0188042019 0.108131908 0.00317224814 0.0297638401 -0.0353101566 -0.0450562164 0.0703574046 -0.00243082945 0.0581331328 -0.0178931598 -0.0771728083 0.0298496485 -0.102821365 -0.10085959 0.0424458273 0.0452738404 -0.0344705321 0.0644705817 0.0648112968 -0.0401870087 -0.0316611379 -0.0923737958 -0.0180660449 -0.0849929601 -0.0704938248 0.0614098608 -0.062515609 0.0701973587 0.0242405646 -0.0885954797 0.0462249033 -0.102717318 0.0537355803 0.0653285533 0.0637647733 0.0659312755 -0.0595522821 -0.0365843475 -0.0750642195 0.107422508 -0.0884447396 -0.0927013531 0.0519081429 -0.0549724959 0.0956279114 0.0269849002 0.0225701779 0.00544814719 -0.0969533324 -0.00723441551 0.0801997408 -0.0516320355 -0.0847494081 0.108032182 -0.0117093986 0.0753665864 0.0751808435 -0.0643462241 0.0389565676 0.0926173329 -0.0468333699 -0.0292772856 0.0202423949 -0.0834836662 -0.0781179219 0.0126747042 0.0875359476 -0.0745145008 0.0641565993 -0.072053507 -0.0111688152 0.0493510887 0.000468714512 0.0310941115 -0.0363063216 0.0507674515 0.0846775621 -0.0457868502 0.0608511455 0.0593267456 -0.0779160112 -0.024550233 -0.0507184267 -0.104644924 -0.0722542927 -0.104260549 0.0139947189 0.000821309804 0.00532104634 0.0593159534 0.0820826143 -0.00352388946 -0.0844560936 -0.000413864851 0.109629534 -0.0234495718 -0.0873582661 -0.0100724874 0.00693813618 -0.0590251312 0.0978096724 -0.0957147777 -0.0852301717 -0.10114754 0.0525749661 -0.00766088068 -0.0839511901 0.0937416852 -0.0392398462 0.0919388235 0.0937082097 0.0962469429 -0.0850074813 0.0707675368 0.115085639 0.0785403773 0.0638729259 -0.0213726405 0.0349281617 0.0154917715 -0.0289900079 0.0125155905 0.078828223 -0.0752231032 -0.0793604478 0.10844256 -0.0275145024 0.0440251417 -0.0664935559 0.0985421017 -0.0983007923 0.092882283 -0.0368743315 -0.0910157859 0.053786248 -0.074511975 0.00099357916 -0.0407754146 0.0943051428 0.111384183 -0.0826911405 -0.0819802657 0.115989268 -0.0351569951 -0.0152951106 -0.0440874249 -0.0309023336 -0.0720907152 0.108787075 -0.0339605659 0.0980830565 0.0376914367 -0.0143129537 -0.0349289961 0.0201543942 -0.0721909031 -0.10264457 0.0660853088 0.113026842 -0.0694588125 0.0283697229 -0.0801693127 0.0807986483 -0.0030842626 -0.0406432413 0.0499303564 0.0626263544 -0.00134937 0.0958005339 0.0244633071 -0.064192012 0.0140855303 0.0433984958 0.0146811604 0.0348445624 0.101740196 0.0990160853 -0.0311014764 -0.0490168147 0.0139840692 0.0818737149 -0.0735556111 -0.053709954 -0.0260116253 -0.0177287292 -0.0180762261 -0.0648829639 -0.0777031481 0.0429650098 0.0108049344 0.054619085 -0.0714851916 -0.0695691854 -0.0227143839 -0.0700722039 0.101204313 0.0596571676 0.0380025953 0.0478434712 -0.0551281646 0.0886940807 0.0896518826 -0.0125927096 0.0933102816 -0.0207631513 -0.0250024721 0.0511716008 -0.0511036515 -0.034166418 0.0469743572 0.097318694 -0.0736252889 -0.0517227612 0.0804296359 0.110747948 0.0559298247 -0.0852738917 -0.0663234666 -0.0519971251 -0.0927916989 0.00225416501 0.0961785913 -0.0864051282 -0.104854099 -0.0375262722 0.0272711515 0.0745345056 -0.00891262945 0.0257858038 -0.0594620518 -9.38091034e-05 -0.0579761267 -0.0493370928 0.0930665955 -0.0101994351 -0.0136521924 -0.11208488 0.0784803331 -0.0587539785 0.100678839 -0.047006119 -0.00190365117 0.0460455194 0.0642233714 0.00141922862 -0.0611068383 -0.0271022152 0.0912401602 -0.0431960635 0.0927159861 -0.00659327675 -0.0488966778 -0.0133284517 -0.0397266597 -0.0914092958 0.0150512811 -0.0771605521 -0.0700825378 -0.0757204667 -0.104944929 0.0513130128 -0.0625747815 -0.0970597118 0.0139492471 -0.000195792498 0.082959801 -0.00781371724 0.0239447486 -0.0897086337 -0.0153687773 0.0690859556 0.0718210787 -0.0253701173 -0.0287985653 -0.0659169853 -0.0131625738 -0.0971701145 -0.0746742561 -0.0609089322 -0.0419008434 0.00744027644 -0.0701210275 0.0369694382 0.105877683 0.0638069883 -0.0567880124 0.0951619595 0.0186892431 -0.117360212 0.107994147 0.0828030482 -0.0117982542 -0.0867230594 -0.0962071791 -0.0286633465 -0.0791470855 0.0891024917 0.080590941 0.0654992759 -0.0340153873 0.00266723591 -0.093899928 -0.0215591621 -0.0106253251 -0.0820762739 -0.0513351522 0.100970149 0.0752367824 -0.0124158366 -0.0624428652 -0.0705212355 0.0216722321 0.00907047745 0.0135209067 0.0337990597 0.000970658322 -0.0839586183 -0.00806645304 0.0970214754 0.0036713467 -0.0014500164 -0.0339254364 -0.0119417775 -0.0845406577 -0.0835863352 0.0536660478 -0.037686538 0.0961373001 -0.0568884984 0.0864772648 0.0222526472 0.00765767135 0.0304523595 0.0857131183 -0.0264641587 -0.0235671662 -0.07223773 0.028586125 -0.0437565558 -0.0359002203 -0.0984019861 -0.0256637651 -0.072447516 -0.0518264323 0.0929581895 0.00270017236 -0.0419736728 -0.0749650225 0.0934379548 -0.0252581667 0.0819884539 -0.0877857804 0.0437693261 -0.0518763885 -0.0324085243 0.0286800675 0.0134464623 -0.0280258916 0.0694594681 -0.0736352727 0.0486925542 0.0625708476 -0.112628542 0.0136552006 0.106630571 -0.0441933125 0.0693188757 -0.0743601024 -0.0524099544 -0.0449348427 0.0390803888 -0.00656559784 -0.0299941376 0.0803365484 -0.00724912295 -0.042104803 -0.0656462014 -0.0959746465 0.00502830744 0.0969689116 -0.0719973221 0.00676340749 -0.074713327 0.00755044818 0.0973615348 -0.0138468742 0.0865046829 -0.055907689 0.10642007 0.054358501 -0.018719798 -0.0398418121 -0.0900651217 0.080577068 0.0736675933 -0.0501983464 -0.00616111094 0.0988073349 -0.100433968 -0.0826356262 0.064748466 -0.0786915347 0.0254447199 0.0829943642 0.0597299151 -0.0198816098 0.0194971729 -0.0288833808 0.0611559302 -0.0948959738 0.012196118 -0.109277688 -0.0144459819 0.05360277 -0.0918346643 -0.0707213357 0.0337230377 0.0289924126 0.0152628012 0.0779078454 -0.0304367244 -0.0404225625 0.0964626297 0.090939723 -0.0305310395 -0.0622824952 0.0373649038 -0.042889107 0.0747777075 0.0673033074 0.0689564273 -0.0192932114 0.0734878555 0.0919002593 -0.0794962198 -0.0810154155 0.0906107277 -0.0486001559 0.0785028413 0.0351289473 -0.0905793384 0.0926228315 0.0506864898 -0.0421201438 -0.0482277237 -0.0960553586 -0.0286511183 0.000897299789 0.103354499 0.0875942484 0.0552449897 -0.036919754 -0.0793641061 -0.00340110599 0.00515509956 -0.000512219965 0.058389429 -0.0305187684 0.0417188853 -0.0116423676 0.079349488 -0.0545359589 -0.0679202154 0.0530162752 0.023034811 0.104788437 0.0625776201 -0.00759180915 -0.0796810761 -0.0811727941 -0.000544035633 -0.102110691 0.0176727865 -0.00547695439 -0.066884838 0.0101733599 0.0285658184 -0.0978619456 0.0742010325 0.0809573084 -0.0720266849 -0.101337664 -0.0372937173 0.102379866 0.112354636 0.0829122663 0.0105011296 0.018698357 0.0132423425 -0.0728562698 0.100729086 0.0423819683 -0.0998356342 -0.00848866999 -0.0926874503 -0.051389236 -0.0131528843 -0.0264256392 -0.0865036249 -0.0183620006 0.0892893821 0.0505608544 0.0764370859 -0.0733242184 0.114437409 -0.0830075145 0.112574637 -0.0935027674 -0.0261268765 0.114603803 -0.0139256576 -0.0857567489 0.0231754221 0.0963355899 0.0261421409 -0.0685619339 -0.0492783785 0.0639053062 -0.0960535109 -0.0634102151 -0.0138808638 0.0931122527 -0.0108230216 -0.0457205996 0.0564093962 -0.00196133554 0.0179055482 -0.00208824128 0.0103526134 -0.0224684849 -0.038273517 0.0729539767 0.0764846131 -0.104152381 0.0655480623 0.06965518 0.0105571933 0.0102748787 -0.0231500193 -0.000106822677 0.00530156447 0.0592290573 0.0720367357 0.0706895888 0.0879942924 -0.0658126026 0.0747580081 0.0456301607 -0.102778398 0.102322742 -0.00727359392 -0.0520469919 0.0771360248 -0.0128380805 0.0195282903 -0.109544709 0.0683802962 -0.0954723507 0.0108153708 -0.0314145759 -0.0130133731 -0.0427113958 -0.114650421 -0.0428632498 0.0676679909 -0.0683184788 -0.0667240247 -0.0491000041 -0.0414116085 0.00119831855 0.0503488109 0.0346984416 -0.0182362124 0.00573602319 -0.025774572 0.0654558316 0.0998639092 -0.0628247708 0.102568202 0.030873403 -0.0353237018 0.016573634 -0.0537181608 0.0331132188 -0.0760131851 -0.0394402817 0.00436494872 -0.00946908258 0.103966594 0.00308717438 -0.0334863551 0.0836001933 -0.0883180946 -0.0072683841 0.0650036335 0.0837247819 0.0682974234 -0.0951767266 0.0152694387 -0.0355295166 -0.0517588481 0.0442068316 0.0647917092 0.0756147206 0.056992285 0.0686770082 -0.0617853329 0.0156561676 -0.068418026 0.0535992123 -0.0969216675 -0.0997806787 -0.0335794315 -0.00619315868 0.0952360183 -0.0576060824 -0.0178632289 -0.107347883 0.0250826627 0.034173131 -0.092407614 0.103836462 0.0849841461 0.0401389748 -0.0898015052 0.0820394307 -0.0673413277 -0.109241754 0.0760260075 0.00181170856 0.0220945049 0.0433145911 0.0116674444 0.0967563465 0.0155906724 -0.101646915 -0.0922563523 -0.073759079 -0.103366449 -0.101155929 -0.0514078848 -0.0404739566 0.0281292722 -0.0335497744 -0.0762862414 -0.0178472754 0.00945002493 -0.105504036 0.0496554747 -0.025864657 -0.0578823164 0.11409907 -0.0768838525 -0.0632910877 0.0153419608 0.0524986237 0.0715474337 -0.08158838 0.0312962867 0.054241702 -0.110192977 0.0955627859 0.102255866 -0.0603472851 -0.0973633528 0.085066095 0.116996102 -0.0239791553 0.00190177932 -0.106179006 0.0960175619 0.0298064556 0.0225959122 -0.0711191446 -0.0692382157 0.105515301 0.0124449078 -0.0527790971 -0.00097953435 -0.0288552195 -0.0568118691 -0.00574852666 -0.0782527328 -0.0211603492 0.0512379818 0.00807730108 0.0764332414 0.076096274 -0.0181335956 0.0537324697 0.100489996 0.0597917549 0.0334173776 -0.0270172656 -0.0723186061 0.103709549 0.0552589819 0.100715093 -0.0332439989 -0.0977044478 0.0131445862 -0.0879414082 0.0963287428 -0.0774432048 -0.0998949558 0.0616378039 0.00764489919 0.108343087 0.115014352 -0.0607963838 -0.0981097072 0.00110795745 0.0559042692 0.097764805 0.0200647693 0.089873001 -0.0323822908 -0.00816907734 0.107118703 -0.00960247125 0.049057167 0.0275813863 0.0475204326 0.0516408682 -0.0316751078 -0.0464903377 0.0570477545 -0.044941701 0.0335354991 -0.0469732471 0.0452045761 0.0943094641 0.0859348103 0.0641468167 -0.0840994716 0.0851316079 -0.072760053 -0.0532296039 -0.0855201408 0.0636546016 0.0890948921 0.0895092785 -0.05122656 -0.0419012196 -0.0754262805 0.0740588307 -0.11152 -0.081287086 -0.0146430163 0.0186170004 0.047175575 -0.0113679245 -0.116554722 -0.0266462937 0.056639187 -0.06947501 -0.00318479142 0.0269012619 -0.0189763997 -0.0685748681 -0.0425066277 0.00484076142 -0.115816064 0.0249406695 -0.0656696633 0.101022273 0.0794939399 0.0345752202 -0.0778775439 -0.0475469716 0.00095133268 0.0563112348 -0.0723272637 0.105941221 -0.0269150585 0.0793383867 -0.112479657 0.0202570111 0.0858600438 -0.107641056 -0.0176525656 -0.061469458 -0.0555306226 0.0927723944 -0.0258323923 0.0576505512 5.40614128e-05 0.106902987 0.103817336 0.0749727637 -0.00666963542 -0.0212956835 -0.0654546395 0.0484813675 -0.0384596214 -0.0466307737 0.0564287081 0.047696054 -0.0158125479 0.104057424 0.0653763711 0.0439614989 -0.0611808114 -0.0120972469 -0.101416051 -0.0876429603 -0.0940326527 0.0790008307 0.0955910161 -0.0409659781 -0.0761593431 0.0843726024 0.0566664636 -0.0161551908 0.0621355213 0.0153783318 -0.065597795 0.0686541423 0.0266860295 -0.0385641679 0.0418752581 0.00817485526 -0.0997431129 -0.0621352307 0.0391090401 0.0868156701 0.0137508493 0.0327064618 -0.0985117331 0.0905265585 -0.0892505199 0.0993857831 0.0086406339 -0.101364896 0.0998743176 -0.0198284741 0.0948414356 -0.0714849308 0.012958819 0.0424293317 -0.107377835 0.107667789 0.113685958 0.0269659013 0.0437311865 0.0664072931 -0.0214742273 -0.0734694749 0.0481054261 0.0979503691 -0.0104490127 -0.0765565261 -0.016400395 -0.0799812898 0.0636764392 -0.109660842 0.062427517 0.0990005508 0.070002079 0.054408066 0.0347179323 -0.0348178111 0.0599715672 0.0257778168 -0.0167197511 0.0150196403 -0.0983555242 -0.0499213971 -0.102802895 0.0563197508 -0.0903563574 0.0259309933 -0.0295866542 0.0415235199 0.0752869472 0.0410871059 -0.04849362 -0.0764931887 0.104349926 0.0251754913 -0.028347183 0.0490821488 -0.0462119132 -0.106890351 -0.0336377658 0.021348577 0.0742013901 0.00598418899 0.102300122 -0.0711988658 -0.0174011365 0.0637326315 -0.0451476537 0.0169849396 -0.0987746641 0.0670182332 0.0959641784 0.0935424641 -0.000860444794 -0.0945161283 -0.00601507723 0.074402906 -0.0848586485 -0.106781371 -0.109426118 0.108678713 0.0572727099 0.0380173214 -0.0973670259 0.0132699395 -0.0822561681 0.032750912 -0.032226257 -0.0124065951 0.0835925862 0.0328699313 -0.104387879 -0.0395353399 0.0785659775 -0.00482140668 0.00887146592 0.112374641 0.00404440612 -0.0919062644 -0.0732813701 -0.062359903 -0.0450676456 -0.0406530313 -0.0700010881 0.102423027 -0.114857428 0.0386990644 0.0533122495 -0.0964531898 -0.0334479287 0.00269573182 -0.0873654038 0.0952150002 0.0242912322 0.0823856965 0.0466150939 -0.0393928736 -0.117971055 -0.0232559517 0.0214767307 0.00781533122 0.0816231072 0.0202369373 -0.0186464302 0.0370681472 -0.0914527848 0.0837934762 -0.0713948235 -0.00349440286 0.101567179 0.0701688007 0.0802643076 -0.0972878039 0.00808462221 -0.0680758432 -0.0764098987 -0.0917559639 -0.0927572399 0.0702880919 -0.0811028481 -0.00365729723 -0.034688022 -0.00788148213 -0.04196335 -0.0804330185 0.0677323118 -0.0791696981 -0.0724584088 -0.0583970994 0.0750851706 -0.110395104 -0.0361535065 -0.0940864831 0.0450147241 0.0559644848 -0.0500830784 -0.0251774359 -0.10587801 -0.0770094916 -0.0718640909 -0.00426673144 -0.0467385724 -0.0814226791 -0.0437921286 -0.0262774248 -0.0881097689 0.0938886553 -0.00551180542 0.00129760057 -0.0263799541 -0.0796972811 0.0158414971 -0.0698320493 -0.0670445859 -0.00114649266 -0.0580114834 -0.00783781614 0.0578691959 -0.0424676836 0.107174143 -0.0148623362 -0.00329716504 0.0428738706 -0.101376712 -0.00963039976 0.0890781358 -0.103046283 -0.106898107 -0.0406742394 0.028064942 -0.0395259932 0.0537241809 -0.0276368503 0.0795465112 -0.063147068 -0.00532009965 0.0422715843 -0.0671634823 0.0356943309 -0.10157834 0.10739851 -0.0967397019 0.101685017 -0.0082931146 0.0742998347 -0.10073708 -0.042595271 -0.0527970642 0.0727775246 0.0873877406 0.0726662204 -0.0740308091 0.0476924479 -0.0173167121 -0.0481284484 0.0958114341 -0.107109629 0.0380611233 -0.0122714322 -0.118811853 0.0179032627 -0.0473061241 -0.105850175 0.10116788 -0.0129962564 -0.087339513 0.0661917776 -0.00161198201 -0.0308464095 -0.100370288 0.0668489039 -0.0377749018 -0.0705515817 0.0578206889 -0.0104612857 0.0763767511 0.0473437868 -0.0590173826 0.0373874642 0.013987924 -0.011016503 -0.1089551 0.00518109975 0.0379500873 -0.023364706 0.0419188477 0.07541807 -0.118781626 -0.0804148167 0.0589356422 0.0265153982 0.00926046818 -0.0265655462 0.0706898347 -0.0682903752 -0.00618486106 0.0787996054 -0.0390433893 0.0960944444 -0.120532572 0.045703873 0.0846191645 -0.0599791966 -0.113414764 0.0416414253 -0.120286025 0.0197107997 -0.114021599 -0.059260007 0.0333691873 0.0874061137 -0.079472743 -0.0579237305 -0.100254267 0.028199451 -0.0952270329 -0.104713164 0.0603381656 -0.101510435 -0.00318712741 -0.0158888176 -0.0320834741 0.0932404101 -0.0443957187 0.0890675038 -0.0061546131 -0.0293865725 0.0631998032 -0.104122877 0.0470104516 -0.0969211832 -0.0415069237 -0.0908063799 -0.0345262848 0.108755395 0.0869929194 -0.0515439883 -0.0464606099 0.0933518782 0.112163797 -0.0296833273 0.0159068797 0.106911436 0.00904835295 0.0572536141 0.0358751155 0.0771109685 0.0473381355 0.0920759887 0.0911659747 -0.0561075136 -0.027251767 0.0571017824 -0.056924466 -0.013327539 -0.0890984237 0.102068223 0.0704762116 0.0975844637 -0.0555501133 -0.102534741 0.0912339389 0.0832194313 0.0150686158 0.0490110293 -0.0125134196 -0.0346059352 -0.0757085904 -0.0749751627 0.0123721743 0.0526626296 -0.0422524773 -0.051642701 0.0238568056 -0.0997080356 -0.00406528264 0.0201312304 0.0147075783 -0.105018526 -0.0219022408 -0.0841775239 -0.0341615006 -0.0718712434 -0.0314893126 0.105262287 -0.0642349049 -0.0137225846 0.0214931183 0.0898765475 -0.0455215387 -0.107666612 -0.0790872872 0.0635724962 0.0924556702 0.0170636158 -0.104948416 0.0195534676 0.0606236048 0.105840653 -0.0225260183 -0.0234740227 0.00955908746 0.0256885961 -0.0625425279 -0.0720522404 -0.0699588805 -0.0732189491 0.011499282 0.0115395598 0.071192503 0.00646114862 0.0311077498 -0.0811767504 0.0307051707 -0.0327361077 0.0729058385 -0.0564436652 0.00700659258 -0.0890847668 0.0529085808 0.06881129 -0.0859019682 -0.0828588381 0.105326839 0.0415006392 -0.0718522221 0.00747291418 0.0538936704 0.0107688159 0.0597404428 0.0986225456 -0.0342362784 -0.108437449 -0.0984297842 0.0471638739 0.00822136551 0.090629071 -0.0038365894 -0.000136469229 0.000307500799 -0.0876885056 -0.0751750097 -0.0254055858 -0.107825927 -0.0623720214 0.111373 0.0168238655 0.0831385255 0.077581808 -0.093302086 0.010619997 0.083043173 -0.0896921903 0.118421964 -0.0136703802 -0.100413941 0.0260621738 0.0934213325 -0.0918222964 -0.0537126623 0.0796957016 0.111047372 -0.0180315338 -0.0316817462 0.010866303 0.0594624095 0.019152632 0.0228011422 -0.0586199127 -0.0619897395 -0.0495783202 0.0276226178 -0.0517716892 0.0895661712 0.0633749887 0.0338578895 0.0238906257 -0.065768972 0.0431166738 -0.0430117846 -0.0118667111 -0.0804484561 0.0426580682 -0.00675451104 -0.073601529 0.0566330664 0.0832281113 0.0875297412 -0.0122932112 0.0279815849 -0.113439135 -0.0993655473 -0.0424227268 -0.0435622483 0.0677106678 -0.0335889645 0.0516560152 0.0431320667 -0.0587639436 -0.113878608 -0.016518455 0.022182975 0.025763737 0.0871618241 0.0373681337 -0.0176195167 -0.0574428551 -0.00642483076 0.0719933212 0.04024335 -0.0946155414 -0.0286423303 0.0792023167 -0.0673362911 0.0899695754 -0.090044871 -0.0316308141 -0.0161740724 -0.106638044 0.0841956511 0.0658032 0.0825624615 0.111094393 -0.0230116136 0.0104447482 -0.101864077 -0.0853251591 -0.0214735791 -0.0361324996 0.070906885 -0.00130392006 0.0805735737 -0.0917672366 -0.0684792697 -0.0605328456 0.0980596989 0.010768909 0.0866702795 0.00582244247 -0.0107050929 0.0594366342 0.0154718012 0.0121175135 -0.0186121669 0.0768679082 0.00553932413 0.0246805791 0.0467678495 0.0579947047 -0.022987714 0.0591124892 0.0665771589 0.0375504345 0.0709260255 0.00650563184 0.102428578 -0.0794979036 0.0853217468 0.0942391604 -0.0146079287 0.0944179744 -0.0803717375 -0.058206521 -0.00216502044 0.0707793087 -0.0622420944 -0.0264711995 -0.0623994805 -0.103256822 -0.00160642376 -0.0172875039 -0.0946775004 0.0328211635 0.101646997 0.000388729997 -0.00613347813 -0.0879511982 -0.104644053 -0.0771124661 -0.0836314932 0.024173636 -0.0812996849 0.0364987552 0.0313659683 -0.0908151716 -0.0224418323 -0.0574814975 0.0439531915 -0.0604623146 0.0154389106 -0.0473023169 0.0208755694 -0.00162166532 -0.0217494741 -0.0460741743 -0.1060642 -0.0104717938 -0.0398974344 0.0418492369 -0.0556890815 -0.0696795136 -0.0400140882 0.054680191 -0.0265215132 0.0569416359 0.100114197 0.0305100121 -0.00515958015 -0.0873778984 0.04321035 -0.0287931934 0.0864789262 0.0568820238 0.0253399853 -0.00890783593 -0.0865154192 0.0958798155 -0.0175911337 0.0808875561 0.0407356992 -0.0346937627 -0.0588735379 0.0365539975 -0.0273422599 0.101870142 0.0116633317 0.0698912814 -0.00321331504 -0.0503297411 -0.0787866116 -0.085657455 0.0510313138 0.0550806597 -0.0850037932 0.0864909366 -0.103683405 -0.0146762067 0.0460589677 0.00374714285 -0.0439904779 0.0174521655 -0.074114494 -0.0168560818 -0.00647788774 -0.0975777283 -0.0388714969 -0.0420698449 -0.0136223817 -0.0637942925 0.0860084519 -0.092641063 0.0991342515 0.0376798064 0.0289304573 -0.0511528887 -0.0317177437 -0.0776681304 -0.0716756284 -0.00759405736 0.0613794662 -0.0564406887 0.0695408508 -0.0458173491 0.0680816695 0.0527113937 -0.059272524 0.0702522621 -0.0949398875 0.0741745681 0.0552874319 -0.0850767195 -0.00576156005 -0.0757414848 -0.104452498 -0.102547795 0.0128611475 -0.0945365429 0.0093388427 0.00469579687 -0.00101905246 -0.0641129464 0.0211600568 0.0472245105 0.0901677459 0.103994407 -0.107088439 0.0478256382 0.0415089466 0.0905291438 0.0721175 -0.0176922195 0.0556840859 0.0963578299 0.0192298926 0.0418811664 0.0768436491 0.0337941796 -0.0881140381 0.0369464457 0.0226028562 -0.0388134941 0.0495046675 -0.0264595654 -0.0224382784 0.0503844693 -0.0545050278 0.0321161263 0.0698256716 -0.0416015685 -0.0932620764 -0.0590649545 -0.105180852 0.0066477037 -0.0788491741 -0.0921828896 0.038545195 -0.0886171982 0.0366763137 -0.0847330242 0.00144615769 -0.0164826885 -0.0551850386 0.0124103371 -0.0135328677 -0.0538019314 0.036747098 0.0922032595 -0.0523351729 -0.0825740993 0.0814975351 -0.0656964108 -0.0147114042 0.0978766382 0.04971366 0.0337866321 0.00382459327 0.0630864203 0.0527274236 0.0260423068 0.0637386367 0.0022575024 -0.070718959 -0.0699390694 -0.0703233108 0.0023398255 -0.0616583563 0.105043806 -0.105630338 0.082492426 0.0636610091 0.0289737061 -0.0619925112 -0.0364112109 0.0131031247 -0.0374387726 0.0550326109 0.0978794917 0.0153055526 -0.0938601643 -0.0276129674 -0.0506117083 0.00802737754 0.101508655 -0.0138539802 0.0830566287 0.0615433827 0.0213637277 -0.103139639 -0.0433849171 0.0596588142 0.0750581771 -0.0298668817 -0.00164413243 -0.0465621054 0.0831321701 0.0932022184 0.0333868004 -0.0932036713 0.0607339591 -0.014187797 0.0938330889 0.0756742656 -0.0695245564 0.00771798566 -0.00642588129 0.0931443945 -0.0626260862 0.0135347089 0.0859979093 0.0467007011 -0.0596032441 0.0467591844 0.0555458851 0.0683352798 0.0026468141 -0.00427911291 0.022792479 0.0936946124 0.0523214042 -0.0828258246 0.0469475687 0.0419379175 0.103016347 -0.0113364654 0.0510652326 0.00806549843 -0.0377047509 -0.0693253279 0.0868348628 -0.0436646901 0.106477305 0.0236849673 -0.0100873932 -0.0688242391 -0.0507782251 -0.0946101546 -0.0954737216 -0.00569208805 -0.0524499863 -7.27007864e-06 -0.013975786 0.0170731433 -0.00514912885 0.1048913 0.0724118724 0.0889432281 0.0719466358 0.0247618295 0.0613387823 0.00604772288 0.0121583622 -0.0204819571 -0.0778019801 0.0948037282 -0.0779290348 0.0475915223 -0.0933335125 0.0366272554 0.0608142652 0.0507210419 -0.0235576704 -0.0221303254 0.0636876002 -0.0169336051 -0.0424042977 0.0997020304 -0.0336281136 0.00149771012 0.00558742881 -0.0878358334 0.0301533546 -0.100694001 -0.0844441652 0.091783464 -0.0902966112 -0.0922547579 -0.0559107177 0.0256792437 -0.100201026 -0.0831490159 0.0970589221 -0.00934813172 0.025335025 -0.0259356108 0.029412644 0.0483366288 -0.0681040213 -0.070000641 0.0308953114 -0.0410209671 0.0631370693 -0.0871629268 -0.0372839756 0.0268266201 -0.0412572622 -0.0218661726 -0.0174566563 0.0860990733 -0.106716923 -0.0957750753 0.1116018 -0.0632489994 0.0296196491 -0.0921707377 -0.0688752383 0.000559448847 -0.013632549 -0.101176001 -0.0902299508 -0.0720272437 0.108310975 -0.0552831031 -0.0455493331 -0.0199223887 0.0170479249 -0.0824669525 -0.0884919539 0.070940651 0.107672796 0.0305884816 0.0173421167 -0.0987635925 0.00329813687 -0.0557758771 0.0399788134 0.0952204913 0.0181457065 0.0969918221 -0.0045741424 0.0232226159 -0.0458119065 0.0834787786 -0.024835756 -0.101352908 -0.00393349677 0.0491264611 0.00241343048 0.0697320402 -0.07756982 -0.0190069508 0.0676653683 0.00553409057 0.0984945893 0.0941413045 0.027972864 -0.0112078348 -0.0670718476 -0.0849923119 0.106630817 -0.0270058103 0.07810992 -0.0879547969 -0.0917489678 0.0845263377 -0.101236448 0.0408321619 0.0319702365 -0.0558487698 0.0850167423 0.0232215207 -0.0723360181 -0.00766342878 -0.0967833474 0.0312563144 -0.043080885 -0.0653324276 -0.0543686263 -0.041914206 0.0817002729 -0.0921035558 0.0399272591 -0.106594674 0.110678904 0.0848539323 0.0587736368 0.0157709718 -0.00659902813 0.0341772065 0.083045423 -0.0966126323 -0.0730485916 -0.0493283123 -0.108067721 0.0324447714 -0.0342716984 0.0269441772 -0.00912790559 -0.0642322302 0.0429523773
tensor gate_encoder.0.bias 1 32
0.0749801919 0.0224232096 0.0576469973 0.0158854462 0.0538754351 0.0520014316 0.0383816771 0.00246570259 0.0628039017 -0.089518778 -0.00199208641 -0.0911611542 -0.0918491706 0.0486785993 -0.00470326375 0.100356467 -0.00543502672 -0.0481465757 0.0759617835 0.054004319 -0.0551738925 0.062557824 -0.0491690338 0.0573046617 0.0970381126 0.0786195174 0.0785817951 0.0679655373 0.0256935023 0.0971686393 -0.0790293068 0.103633165
tensor objective_value_embedding.weight 2 32
1.69247854 0.228936538 -1.61263013 0.986127675 1.39075994 1.06982112 0.259402186 -0.940883696 -1.0705142 0.145321369 -0.614913583 -0.666355491 -0.522800326 -0.331752509 -1.33087647 -0.460186541 -0.729607821 0.708384693 -1.12552238 1.59704852 1.16688991 -0.277244061 0.610564291 0.232076913 0.228654608 -0.470779508 -0.638939738 -0.383307934 -0.536597788 -0.067963995 1.25166392 0.215960279 2.33293319 0.755985677 0.635187507 3.23484135 0.154550433 1.44387352 0.492801011 -0.0285904687 1.11907053 1.42740762 0.923153281 1.31583953 0.672756493 0.105680719 -1.14898288 0.721357167 -0.119290449 -0.915621698 0.38732478 0.745733023 -1.29227161 0.400475025 0.879364669 -0.205331132 0.70560205 0.130006716 -1.68037438 -0.61235559 2.44522882 0.332483947 -0.890363693 1.27028358
tensor backtrace_actor.0.weight 32 32
0.0729221925 0.0597291887 -0.0142692896 0.0773825571 -0.0915137157 0.074235335 -0.124081805 0.013639302 0.023970278 0.0580418371 -0.00370705756 -0.105269007 -0.011415882 0.0521590859 0.152210891 0.0793052241 0.16434139 0.0133827757 -0.0762877762 -0.0372972488 0.0977485254 -0.121457487 -0.0548755452 -0.0453383103 0.0505061485 -0.0822137445 0.0366411358 -0.145057067 -0.0531943589 -0.121796541 -0.0954097658 0.00946056563 0.0773025379 0.0771844834 -0.055043254 0.144256487 0.0731638074 0.154093027 0.1316614 -0.0399587862 -0.135683358 -0.150632173 0.140157312 0.107306801 0.041497983 0.112555318 -0.0846045464 -0.109602802 -0.0643785447 0.149638176 -0.162606582 0.121131331 0.146515712 -0.00341788307 -0.171768397 0.0105166323 -0.0711437315 0.0964482054 0.0965612829 -0.173199058 0.05824624 0.121113464 0.13721931 -0.0895303041 -0.112085059 0.0463129207 0.0586247258 0.155506119 0.149197251 -0.127644956 0.0293270741 -0.0906099901 0.0155404564 0.169135883 -0.0853613839 -0.118037716 0.0845453888 -0.0446931534 0.115532644 0.0476573631 -0.0334620103 -0.110025838 0.00578592997 0.00568566006 0.164242759 -0.172885805 0.131363899 0.100629844 0.0437464342 0.0903275236 -0.13306722 0.0362076946 0.0275373962 -0.163729802 -0.05971862 0.116109073 -0.168631479 0.152292714 -0.156241611 -0.00497681368 0.137173668 0.142876998 0.120965526 -0.14808996 0.157960594 0.0711365938 0.15299876 0.0234323703 0.00676636957 0.0328933038 -0.143904284 -0.170702964 -0.0717234164 0.0666362569 0.153424621 -0.132069096 0.0118018072 -0.106341518 0.0715243518 0.0344549753 -0.0468915105 0.168159246 -0.157386586 -0.082348682 -0.0793814436 -0.022716783 -0.0047499463 0.0945969298 0.168964401 -0.0422853529 0.156372607 -0.150904343 0.10305354 0.126207545 -0.156829581 -0.114284016 -0.0784966275 -0.171987504 -0.132428467 -0.14105159 0.0674429238 0.0204860084 -0.0287485179 0.0125527391 -0.0477388464 -0.100421421 0.0532913394 0.00302437949 -0.174581468 -0.0735580847 -0.151503861 0.0476530232 0.100206666 0.17963852 0.125449494 0.0306356605 0.101121165 -0.0467957146 -0.108852483 0.0855942443 0.0768344849 0.0328933261 0.104985543 -0.0674433112 0.140441805 0.116823666 -0.057980787 -0.0305258594 -0.0428105555 0.00162104052 0.0857797265 -0.0302349869 -0.14475587 0.0866647586 -0.0895987004 -0.0619767718 0.116895646 0.175157815 -0.158228889 0.105034426 0.0546001196 0.0617729202 -0.0584588684 -0.144508928 -0.171000153 -0.102148533 -0.0603506304 0.137298927 0.0884739682 0.127158687 0.0153374411 -0.0734646171 0.00138956239 0.0296322517 -0.110594563 -0.173286647 -0.0458118469 -0.0732511505 -0.169362515 -0.16622059 0.0869647712 0.171422809 0.0735892877 -0.126549155 0.0606399961 0.142164007 0.115859188 -0.0715973452 0.125031248 -0.109886028 -0.038634982 -0.0259591583 -0.0227683894 0.00413027499 -0.17794174 0.160753891 0.0959640369 0.0870716125 -0.0200194418 0.0967474729 -0.134340271 0.0613719299 0.167299032 -0.115621209 0.0808500126 0.151418388 0.0807108954 0.092832908 0.102096729 -0.0463998467 -0.00239042286 0.167903543 -0.0746200755 -0.10682629 0.063720651 0.0179123785 0.0128540099 -0.124990284 -0.0444270596 -0.164818913 0.153521791 -0.1689125 -0.0978294685 -0.00368489185 0.176794499 -0.114447497 0.0351194367 0.0775764287 -0.0237814169 -0.0954140127 0.0897670165 -0.0321824588 0.132154137 -0.144101605 -0.0331821404 -0.0943526924 0.16736421 0.0408580787 -0.00506600458 -0.00801404193 -0.131222621 0.0950224996 -0.0404803939 -0.0992727056 -0.0600895546 0.0571107939 0.16691649 0.0190429054 0.106895953 0.0555323474 -0.0194150358 0.15518856 0.115585871 0.0205801278 0.0700103715 0.0981106535 -0.0368305333 0.139883503 -0.0993112624 -0.122594349 0.123396851 0.060168121 -0.0162116233 -0.0733060837 0.0425161235 -0.0705124885 -0.133581728 0.113717623 -0.136530519 -0.0398610793 0.0624725334 -0.142364964 0.0824781284 0.0118413772 -0.111146413 -0.167890653 -0.0919976979 -0.176898688 -0.14620848 -0.181204453 -0.0101227574 -0.125648931 0.123260751 -0.0992774889 -0.0721693933 -0.0215024967 0.14283064 -0.116264626 0.0623131208 0.0692897886 -0.145886615 0.0197585467 -0.13930586 0.138932094 0.115154885 0.12685968 0.125761569 -0.138819277 -0.111043014 -0.0180586241 -0.0620258413 -0.12227571 -0.11311698 0.0440879725 -0.0518499687 -0.155988678 0.0883181915 0.0745202079 -0.0202133115 -0.0602502823 0.138796955 -0.154254556 -0.00429257471 -0.0904316604 -0.16165033 -0.0988649949 0.181039751 -0.0938377827 -0.167519093 0.0751759782 0.139502704 0.0440370627 -0.0904217809 -0.0628671795 0.125473931 0.0492128804 0.0717753172 -0.13497439 0.0227161143 -0.104020633 -0.0780924261 -0.16232571 -0.126678199 0.14452742 0.0213414859 -0.074669227 0.0873378664 0.0598367974 0.00169017527 -0.0868128985 -0.0253322106 0.0426547527 0.0201591142 -0.126648039 -0.116364941 0.00952030811 0.123856865 0.0571467131 -0.0352763832 -0.108879238 0.108012103 0.103956066 -0.161519632 -0.0235809758 -0.01806782 -0.0120764254 -0.143858314 0.0536566861 0.107732967 -0.151842684 -0.155167535 0.176890969 -0.0145223327 0.0014749734 0.0753733888 0.140027791 -0.0280638784 0.15600729 -0.00382239511 0.112928204 -0.042607747 0.0140919052 -0.0572035387 -0.141013131 0.167501539 0.0638064444 -0.128776282 0.106559552 0.165276125 0.0319414921 0.125363633 0.122937448 -0.0692773983 0.107956246 0.050232593 0.0478454046 -0.146066025 0.0480744727 -0.00785307959 0.135130867 0.0253807325 -0.153857335 -0.147539943 -0.106068097 -0.016415976 0.167248562 0.178034797 0.0876233876 0.045561254 -0.0645296574 -0.0578317456 -0.0958153009 0.123176888 -0.0404295027 0.0809562728 0.137312636 0.134191334 -0.0944887847 -0.166051134 0.00198860047 -0.00854051858 -0.139960438 0.0812293589 -0.147982746 -0.0957019702 0.0279639475 0.175391436 -0.0887126699 -0.137437612 0.137211204 -0.0958047435 0.16682674 0.125846043 0.0201519728 -0.16220291 0.0561381467 -0.00698207505 0.15079087 -0.0535762049 0.125265434 0.0548132211 -0.0312221013 0.139638081 -0.163199216 -0.0736720264 -0.137853444 0.130851716 0.0238576997 -0.0898478925 0.0785590038 0.0941652283 -0.0447684117 -0.123190418 -0.137002632 0.0727122873 -0.0168867186 -0.144561589 -0.043233607 0.16200991 -0.0304207001 0.148768008 -0.163692445 0.0390391238 -0.014685425 0.0460613742 0.062900506 0.00350957527 0.0711440668 0.134730533 0.068122834 -0.0350515544 0.0923406407 -0.0246738754 -0.0885971487 0.149816811 0.114615604 0.0922356248 0.0262079183 0.0207008645 0.150070041 -0.112253286 0.119522072 -0.156749278 -0.0372672901 -0.0372969583 0.14925608 -0.108935021 -0.0303425435 0.0605113134 0.1268453 -0.120277397 0.019921463 -0.0662806556 0.0869663879 0.0435353033 0.015372376 0.106070578 -0.12256176 -0.0130983153 -0.0559004731 0.0519194938 -0.11860092 -0.124169469 0.148698226 0.16521351 -0.121782772 0.161174476 0.111503378 -0.0441947877 -0.146313027 -0.0742910877 -0.116308361 -0.106942147 -0.153048962 0.0857716128 0.0657037497 -0.126756817 -0.141643807 0.168344796 0.147312 0.0938596055 0.0836627856 -0.0943098143 -0.0219360515 -0.100437149 0.107812256 0.151295736 0.0922919959 -0.132524431 -0.130925804 0.137413591 0.0582891591 -0.11734309 -0.113971382 0.11036551 0.168863714 -0.0524182394 -0.0286553055 0.149271846 0.138844877 0.120823354 0.162808299 0.157450855 -0.0389540642 -0.147395805 0.14632301 -0.0967183858 0.139242396 0.113536082 0.16352877 0.0791765973 -0.0137514779 0.148259223 -0.0388756618 -0.059140671 -0.104280703 0.0103765875 -0.00421765447 0.167719886 0.0161501747 0.0420452096 0.00766272284 0.0630702078 -0.0489091128 0.0307519734 -0.0571827963 -0.057847809 -0.0515733548 -0.00367623335 -0.174203277 0.0728948265 0.13194102 0.0197047461 -0.00586823886 0.0356472395 -0.0729529187 0.16901657 0.0588755086 0.144831553 0.0206150711 -0.163628906 -0.0774980113 0.000686432235 0.0880790725 -0.122522041 0.0853926614 0.0504593737 -0.097821869 -0.0968746245 0.14455913 0.126327902 -0.0887662619 -0.0734776706 0.0283154082 -0.152035177 0.0425237194 0.162619218 0.170258075 -0.100757554 0.00380451977 0.101018675 -0.151653379 0.0497632176 -0.115865618 0.0079772016 -0.162209004 0.179059967 -0.0876895264 0.0568294339 -0.0330560841 -0.108036384 -0.124057993 -0.0290479138 0.0251169857 -0.0613670349 -0.0146141751 -0.00436392613 0.0937151834 0.0583527088 0.0239539091 -0.177288935 -0.0826432854 -0.177535847 -0.059762843 0.0399632677 0.119866595 0.101927944 0.00231843651 -0.0330008455 -0.0790430233 0.18355085 -0.120084442 0.103243448 0.0141830267 0.18125318 0.0988583267 0.133327425 -0.106535137 0.0829518437 0.139995098 0.156910315 -0.073536709 -0.041539669 -0.182469949 -0.133700997 -0.143867657 0.0188230425 -0.165837899 -0.125284642 0.0501542725 -0.103972204 0.166408598 0.0291113518 0.00390974339 0.171415821 0.0144463638 0.0888986215 0.149667144 0.0943564624 0.174957231 -0.0421279892 0.121693194 0.129349619 -0.161524028 0.16283612 -0.0728086606 0.102338783 0.0411754102 0.111921929 -0.108994931 0.138703957 -0.137472078 -0.0914398879 -0.156240463 -0.128455803 0.0463985652 0.0823992789 0.082864359 0.0334741846 -0.0848625153 -0.116788134 0.0761923492 0.0790147185 0.113794297 0.11329063 -0.0289681982 -0.101486601 -0.0427213758 -0.104149126 -0.0727129728 -0.123348609 0.0501707494 -0.0583449081 -0.0653389022 0.0337514803 0.0455272496 0.0254767481 0.110628508 -0.079571709 -0.0793164894 0.0276267081 -0.00771167735 0.111032747 -0.0720805004 -0.0329893306 -0.0317337997 0.0541541614 -0.140387759 0.0713931546 -0.174087271 0.0447132587 0.175270557 -0.153230146 -0.149832144 0.0720816776 0.14734742 -0.0977315158 0.0279302746 0.136640742 0.164350376 -0.0738121718 -0.152835876 0.00518611958 0.126233354 0.0254121926 0.150320053 -0.148081109 -0.134103075 0.0676511005 -0.0729282796 -0.117935628 -0.147830069 0.133175924 -0.163362354 -0.0919121355 0.102326386 0.00255126413 -0.162504628 0.0629961118 0.0248682424 0.131977141 -0.132566944 0.15796414 -0.0691625327 -0.0553397387 0.137306064 -0.0425712541 0.133958161 -0.153784081 0.0420133993 -0.0912790224 -0.0793529525 -0.135540739 0.177706122 0.176796481 -0.138979271 -0.0774399638 0.037545234 0.0175700318 -0.11369241 0.1590617 -0.00219313591 -0.00805738568 -0.0437885262 0.110892333 -0.0202665851 -0.181532025 -0.157482505 0.102004297 -0.0844902769 0.113508224 0.0543178245 -0.0714970902 -0.0901096314 0.0651441291 0.00801518746 0.065507412 -0.0562791787 0.0303026773 0.154037297 -0.0557452589 0.0535846427 0.124280348 -0.0735715553 -0.111887507 0.0575926341 0.0448154733 -0.163738012 -0.0585848056 -0.0452245511 0.106985264 -0.0678441897 -0.0634418055 0.0123780901 -0.0589006841 -0.0614837408 0.0164778475 0.12956062 0.159194097 0.100273594 0.0983819738 0.112013929 0.0070773745 -0.0482370369 0.0369444266 0.078833282 0.0214088727 -0.089100562 -0.115123689 0.10083089 0.111854352 0.168864161 0.0360990725 0.13829267 0.012738998 -0.0513578579 0.083542414 0.0482149981 -0.0959069729 -0.0909335315 0.168620542 0.0774196461 0.050955344 -0.0107479645 0.134447545 -0.0462528504 -0.03274481 0.108111441 0.152836069 0.133013591 -0.100031413 -0.00804397557 0.119205333 0.0337350033 -0.114159942 -0.0807700008 0.161206514 0.150233746 -0.0468267426 -0.0466832332 0.0920057818 0.0184109863 -0.0292655118 0.146573186 0.135619104 -0.177055031 -0.175489441 -0.0261703879 -0.141389102 0.0419118442 0.168082476 -0.115300551 0.138758421 -0.170116931 -0.0596355796 0.137577549 0.00129837287 0.1416471 -0.0675500408 0.0644609258 -0.039130751 0.132447377 0.0256113112 0.148842871 0.0801279247 0.00668542832 0.101428688 -0.0372059196 -0.106717832 0.0626261234 -0.054831408 0.125606239 -0.0507884845 0.0690826997 0.12074852 -0.0491272807 -0.0188335814 0.0933499932 -0.0315067098 0.158488855 0.131719902 -0.121502586 -0.0950166509 0.0920964107 0.0176009461 -0.154568627 -0.151782662 0.090632014 -0.0595038198 0.0139820082 -0.169011787 -0.166865468 -0.107423648 0.0438039675 0.0154026318 -0.00304744323 -0.0967096388 0.0760039687 0.131467313 -0.0441484526 -0.13210097 0.113167189 0.0753966421 -0.154447809 0.0882803649 0.0125018936 0.165975749 0.084489271 -0.142594695 -0.00174755184 0.174400255 0.0196758248 0.0467841662 0.1590285 0.0466218665 -0.138500974 0.0323021896 -0.15669252 0.173267305 0.0835225135 -0.122466102 -0.0518405512 0.0232193302 -0.0203808397 0.00424097572 -0.102240264 0.0274612661 0.122976422 -0.117429562 -0.156171948 0.00666463561 -0.145937547 0.0372760966 0.127462342 0.115228564 -0.170567274 0.0312648863 -0.080250524 0.0604257137 0.108755216 -0.162357509 0.162514746 0.0305681489 0.0019148573 0.0785487518 -0.171461016 -0.17979227 0.0734268874 -0.163555562 -0.029690709 -0.155405402 0.0396231562 -0.0666134283 -0.0447113141 -0.0402879864 0.125585064 0.00382299395 -0.0163690075 -0.0849596709 0.0581232011 -0.161380261 -0.147045597 0.151780829 0.0296311621 -0.0409218408 0.017982427 0.182671547 -0.162886932 -0.14245677 -0.122145265 -0.140727222 0.0427868441 0.124167375 0.0633594319 0.175065815 -0.078708075 0.101044677 0.161099449 0.174468279 -0.0526131168 -0.153028324 -0.14981316 -0.027295744 -0.149374127 0.120834112 -0.0774401501 0.162107587 -0.00967339892 -0.0613533296 0.0616764799 -0.115029551 -0.106150478 0.0174715668 0.0160093177 -0.0456249304 -0.166492924 0.137866274 -0.114963315 0.0710120127 -0.155358493 0.140537232 0.169273898 -0.144981816 0.0864621922 -0.0437369272 -0.165597394 -0.163562521 0.0713007003 -0.039960444 0.175857991 0.146899998 -0.0286610387 -0.164203286 -0.1695797
tensor backtrace_actor.0.bias 1 32
-0.046354197 -0.139701769 0.0379362479 0.138450742 0.0534649566 0.00950890034 0.130900219 -0.14928408 -0.0824416131 0.14510417 -0.0371889584 -0.100761473 0.00283488189 -0.0272364542 0.0818225667 -0.163149446 -0.116935886 0.143165141 0.142444864 -0.109240733 0.00558114657 0.152616888 -0.092065312 -0.0389428511 0.135573611 0.152070284 0.110715881 0.00792567711 -0.0499253087 0.0673066229 -0.0749539062 -0.139883503
tensor backtrace_actor.2.weight 2 32
-0.0388158225 0.0559964851 0.00462211203 -0.167862117 0.100319169 0.077386342 0.165197089 0.0653229058 -0.0863066688 -0.116027541 0.144504279 0.0199637748 0.119683392 -0.0960308015 -0.127159849 0.0911410451 -0.000586426235 -0.0859548971 -0.149211541 0.176292568 -0.0980622396 0.0849935859 -0.136480749 0.0779185668 0.0215394031 -0.0953152999 -0.0410855003 0.0606677793 -0.0508583486 0.0723310336 0.108783476 -0.0923548415 -0.151177719 -0.145398572 0.104991086 -0.00249329675 -0.00136985921 0.13321133 -0.0637059212 0.158143699 0.0107392827 0.168755412 0.146391511 0.0207204465 0.0475812554 0.0267733615 -0.0560715273 0.0482620969 -0.15044722 0.13984488 0.101246744 -0.131050199 0.0487287045 -0.018669825 0.0343731605 -0.13104777 0.131786749 -0.169183761 -0.125971943 -0.157956496 -0.120875716 0.122029461 0.0541217625 -0.156778365
tensor backtrace_actor.2.bias 1 2
-0.0345071591 0.0243545678
end
