SMARTATPG_ACTOR_V3
backend smartatpg
feature_schema SMARTATPG_FEATURES_V1
snapshot 4b66cdec4eaccf73abef3ba66cb57cef74e32e1c0eb3033b39fb8769af3cc814
embedding_dim 80
hidden_dim 32
tensor gate_encoder.0.weight 32 80
0.0407359563 -0.0661256313 -0.0245803464 -0.00703389198 -0.0313067734 -0.0865933299 -0.0475428142 -0.0833139643 0.0480922051 -0.0142610557 -0.00347142853 -0.0372644924 -0.0214789603 -0.0308195576 -0.0210945792 -0.0843087211 -0.0262945872 0.101200603 -0.0507083163 -0.104631402 -0.0407253876 0.0283437725 -0.0537352152 0.0967009068 -0.0497809872 0.0391885489 -0.0706647187 -0.0347602703 0.0236148313 -0.00105589745 0.0990522653 -0.0601010844 0.110642672 -0.0461729802 -0.0602189377 0.0539742336 0.00514438422 0.0300917365 0.0495124385 -0.0108313784 -0.0519862808 -0.0937442258 0.0553577915 0.0672692135 -0.0460276417 -0.0682463795 -0.0566484816 0.112354167 -0.0258986615 0.0514702499 0.0428699218 0.0670032799 -0.0676322877 -0.0203486606 -0.020194117 -0.101516515 0.0873055533 -0.0560434833 0.0690264627 -0.0307183377 0.0167518985 0.0668036938 0.0619445406 -0.0916753039 -0.0368898883 -0.018197054 -0.108883984 -0.018669039 -0.00836404972 -0.0629524738 0.0479588509 -0.104639433 0.0880725384 -0.0824534968 0.0932654068 0.0966102034 -0.0322839618 0.090002574 -0.00745395338 0.0660788566 0.0865864977 -0.0471492335 -0.100066423 -0.0862063169 -0.103991717 -0.0550895669 -0.0704737976 -0.054344669 0.0366429687 -0.0702862218 0.0815067589 0.0585695319 -0.0921052322 0.0613963567 0.0180454515 0.075992167 0.0224788953 -0.0915127397 -0.0558653772 -0.0904320627 -0.0920580178 -0.10020034 0.0752709731 -0.0612872392 0.0712849945 0.000819154084 0.00270922482 0.0843081251 -0.0231477208 0.0285850205 0.0826454461 0.0386562943 0.00719945226 -0.0323493704 0.0671155676 -0.00732591841 0.0930566117 -0.0121485321 0.0412306897 -0.0276699886 0.0410300083 0.00346465386 0.00230684527 -0.0697359964 -0.101210609 0.0104839047 0.0811703205 -0.0107936934 -0.0252010413 -0.039847143 -0.0913910642 0.0130732954 0.0192371011 -0.0914468393 0.037929289 -0.0861798972 -0.0862053111 -0.0446397848 -0.00880015828 0.0994429961 0.0602166653 0.0246495306 0.0793572292 0.0582242422 0.0678922087 0.0595182925 -0.0395436659 -0.0679953247 -0.0915742517 -0.0570703782 -0.0561047643 -0.0152308568 0.0947424769 0.0063140397 -0.00011797253 -0.0652160421 -0.0957795307 0.0588459596 -0.0623130091 0.104431659 0.0949838459 0.0184200499 0.10920997 0.0308469385 0.0451094508 0.0888837427 0.0868751258 0.11031577 0.0894258767 -0.0449551567 -0.109585755 0.076689899 0.0970841497 0.0957519263 0.0239144005 0.0580052584 -0.0170190521 -0.0503076538 0.0160312131 -0.0354390144 -0.013166409 -0.0458156057 -0.0192253068 -0.00549680553 0.00593006145 -0.101038516 0.0480139554 -0.01750133 0.0458501205 0.0843668208 -0.0528871976 -0.087994948 0.0525358133 0.0591099374 -0.0697610229 0.112669706 -0.033482518 0.0335818976 -0.102150284 -0.0506516919 0.0863540471 -0.0651070252 0.106451556 -0.0168081969 -0.090921931 0.10372258 0.0513611883 -0.0116213392 -0.10571041 0.107570872 -0.0645782724 0.0610769093 0.0603448898 -0.076591678 0.0423287004 -0.0323806144 0.0728528202 -0.104533061 0.0396906957 0.0992407799 0.0320963189 -0.0852351934 0.0245026555 0.0301558897 0.0296258777 -0.0355530083 -0.0523300953 0.09352725 -0.0510628819 0.0186888725 -0.104779311 -0.0434660465 0.00715168566 -0.0862743184 -0.0144337751 0.0165791567 0.0317488164 0.100114003 -0.0487738885 0.0178146828 0.0150158452 0.0819533467 0.00712773018 0.0615267009 0.104767069 -0.0378812738 -0.015741149 -0.0370545387 0.117385134 0.00690083252 0.0615044981 -0.0250342879 -0.0245163962 0.00168840878 0.0672365353 -0.0581446216 0.115718067 0.0718291998 -0.0731529966 -0.0898101404 0.0277357046 -0.0442960225 0.0274210274 -0.0734361112 -0.067666769 0.0944049358 0.00672938675 -0.0486783758 -0.0847329199 -0.0460212864 0.034308318 0.0447973013 -0.00208893139 -0.00824095123 0.105236545 -0.0359756276 0.005551985 -0.102885284 0.105678998 0.028271094 0.00344397849 0.0140757905 0.0683318973 -0.0252324361 0.0878776759 0.0473584794 0.104232281 0.0289880075 0.103682622 0.105000064 0.0416345596 0.0966010839 -0.00839280337 0.0885517597 0.119041935 0.105313517 -0.0137849525 0.0558229201 0.0894948244 -0.0687521249 0.0710054636 -0.0147074685 0.0252130795 -0.0317492224 0.0197552741 0.0263447445 -0.0366703011 0.00330268242 0.114147671 -0.0714065507 0.0306132734 0.0832671225 -0.0837693661 -0.0204411056 0.0508935712 0.0339255668 -0.0409868546 0.074806042 -0.0397671275 0.06773559 0.0300636925 -0.0325380228 -0.0968182608 0.0699200928 0.0421615727 -0.00668255333 -0.0397962369 0.0536904819 0.0315718614 -0.0166152418 0.0689893663 0.0233732462 0.0519724526 0.0686557442 -0.0670478046 0.0164147951 0.0895576403 -0.0893557519 -0.0140580116 0.0730951577 -0.0178760737 0.0453340746 0.113568328 0.00192598405 0.11675138 0.091840446 -0.0562911555 0.0835927352 0.115056306 0.0217226706 -0.0218770523 0.0267895311 -0.0128516573 0.111756355 0.104676433 0.0536477119 -0.0422216281 -0.0948543698 0.0533723161 0.0579558015 -0.00196564104 0.0416175798 -0.0347200297 -0.0776771232 -0.0499583147 0.0549737997 -0.00233005732 0.113296039 -0.0915163383 -0.0113687888 -0.0360905491 0.0404771715 0.0362455845 -0.0345760062 -0.0506521687 0.0794521794 0.0376798362 -0.000205272518 -0.0800713375 0.100884676 0.0738191381 -0.0527564771 -0.0139764706 -0.00865634438 -0.0881483927 0.00121928891 0.107291982 -0.109805927 0.124609508 -0.0653368831 -0.0703932494 -0.0963224694 -0.0599387921 0.0778745413 -0.018000178 -0.0853868648 -0.0488152727 0.107166894 -0.0359382853 0.0664276928 -0.0413224585 0.0209172852 -0.033595372 -0.0305441171 -0.0985254198 -0.0346816853 0.0850089043 -0.113362856 0.0992544219 -0.0765467957 0.0343644656 0.0461016372 -0.0647578463 0.0783060715 -0.071705021 -0.0362621322 0.000702197955 -0.0133007364 -0.029151028 0.0449546278 -0.0770186633 0.0527361892 -0.079049781 -0.109984264 -0.058679793 -0.000132240355 0.0600043982 0.0329120196 0.0384087339 -0.0173025802 0.0715316534 0.0468051285 -0.0460106097 -0.0994315594 -0.108961545 -0.0559771769 -0.0528547354 -0.0227634516 0.00964024942 0.0723402202 -0.0563676171 0.0166893639 0.0247604381 0.030024495 0.0756189451 0.0880885124 -0.082941927 0.0932687521 0.00376330595 0.0988248438 0.0376714207 -0.000210605562 0.0321971029 0.0455648899 -0.0762747228 0.0444045365 0.0726086274 0.0314518325 0.0493415967 0.0318238214 -0.0801541209 -0.0187242627 0.0193081871 0.00607143203 -0.0979392231 0.000665003958 0.012695116 -0.0636926442 -0.128091976 -0.0713863969 -0.0206521004 -0.0305797681 0.101366296 -0.0961344093 0.0994614884 -0.0198952965 0.0466020927 -0.0121470494 -0.00139051094 0.0884686336 -0.0312550962 0.065116331 -0.0724984705 0.0947145671 0.0809576362 0.0821618065 -0.0616246127 0.0654980242 -0.0311679319 0.0939396843 -0.053675998 -0.050098177 -0.0142484484 -0.0315691754 0.0998754576 0.0865955874 0.0965099409 -0.000843834772 -0.0233445894 -0.0933670104 -0.0277581494 -0.052861046 -0.0857318789 -0.0577550009 0.0389807969 0.034664467 -0.0335762948 0.0902013704 0.0803434327 0.0391232967 -0.101097256 0.0465315431 -0.0394800603 -0.0058835526 -0.0962864757 0.0691960976 -0.0835051313 -0.0333846398 -0.00289411563 0.0188872665 -0.0157632604 -0.0870350152 0.0777466819 -0.00380033953 0.062896058 0.058922071 -0.0264551267 -0.034100268 -0.0394075587 -0.000564135611 0.0314484313 0.0240845829 -0.00100373477 -0.096299842 -0.0863323435 -0.0224405248 -0.0482444242 -0.0488903709 0.0645871162 -0.0681603327 0.0560178868 -0.00617162883 0.0823532119 0.0767497495 0.0229329169 -0.0707023665 -0.0214842279 0.0108001009 0.0632333308 -0.101899162 -0.0882625431 -0.110079527 -4.95389104e-05 -0.0679061338 -0.0307775307 -0.0264069624 0.103502497 -0.101840481 0.0254932754 0.0613756813 0.0699845031 -0.101577647 0.0897700787 -0.0164313912 0.0631175712 0.0934889466 0.0602844507 -0.033995077 -0.0674196035 0.0255676191 0.0165510587 -0.0221472662 -0.0208927821 0.0939226672 0.0726687461 -0.0356711522 0.0342496894 0.0735007748 -0.0344588012 -0.0754171312 -0.0752326474 0.0350933857 0.0205154978 0.0159619041 0.053940706 0.104881093 -0.0414755717 -0.0440261737 -0.00179866632 -0.0545073114 0.00317587703 -0.0554023534 0.0444352217 -0.0246377513 -0.0232255701 -0.0330683105 0.0281266179 -0.00748322252 -0.0981202871 -0.0976115763 0.049073115 0.104708716 -0.0138508696 0.0875761732 0.0403557457 0.0690238327 -0.0517422035 -0.0383054465 0.0601792112 -0.0976619571 0.0674041435 0.0176674128 0.0355454236 -0.0316839665 -0.0906128958 0.0614405721 -0.100462191 0.114289366 0.0734357759 0.0778251514 -0.0297909789 -0.0730309039 -0.0829277486 -0.00205198443 0.0390754789 0.0485052839 0.0242589563 0.011520789 -0.0399249569 -0.044208616 0.0580976158 -0.0929450169 0.0529267192 -0.0589540452 0.104889229 -0.109542497 0.00815048628 0.0414245799 0.0767782703 -0.0725621507 -0.0414531901 0.065851979 -0.0398687385 0.0399028361 0.0379424766 -0.0487021618 0.0739401579 -0.0706782788 0.0571207292 0.0313183814 0.0350584909 0.0623394661 0.0460794754 0.025321275 0.104613595 -0.0433598645 0.066368565 -0.075904794 -0.0481415242 0.10799621 -0.0348774642 -0.0868741572 0.0233245771 0.0313031152 -0.0502753966 0.0823151618 -0.0190990195 -0.0482234843 0.0705916211 -0.00384353264 0.00430828612 0.0264140368 -0.0394627675 -0.0924828276 0.0593508705 0.0847771615 -0.0173723102 -0.00585720874 0.00379939005 0.0563402772 -0.0810235739 -0.0361984745 0.061364308 0.0254661273 -0.0536245331 0.102589071 0.0754744262 0.0312391911 0.00376987527 0.00787487626 0.101183563 -0.0659154654 -0.0320350826 -0.000955999363 -0.0133127673 -0.0857905075 -0.0275934245 -0.100057945 0.0384868346 0.0468876474 -0.107745767 -0.0999155492 -0.0480963215 0.0772136524 -0.0819674209 0.0792791024 -0.102632754 -0.125831515 -0.0104916198 0.066851154 0.101894677 -0.0550416149 0.0763460398 -0.077874966 -0.0133322673 -0.0162776504 0.114800118 0.0401169658 0.0843037367 0.0750806481 -0.0148082729 -0.0543099046 -0.0231710821 0.0150434971 -0.0667483658 -0.0918354616 0.0348342173 0.0190669298 -0.0825308487 0.112940021 -0.00417781202 0.0635110438 0.0790844709 -0.080516398 0.0478893071 -0.0448503681 -0.0116875116 0.00178804202 0.0169746894 -0.0908395946 0.0712658092 0.0880716369 0.083476305 0.0353944339 -0.0863879174 -0.060518451 -0.10383489 0.0306595936 0.02332104 -0.0492913164 -0.0713991076 -0.0157889128 -0.0524205603 -0.0695284382 0.091438815 0.0615260489 -0.0567508005 -0.0523283444 0.102132358 -0.0949468836 0.0669863895 -0.0675393641 0.0511292219 -0.0410081968 -0.0755280703 -0.112090915 -0.096708566 0.113874182 -0.00919202715 0.026491493 0.0783223584 0.0679379702 0.034200877 -0.0821632296 -0.00182315859 0.109118864 -0.0924313664 0.102584399 0.0182079636 -0.041214183 -0.00308050402 -0.0599577166 0.000661217608 0.0188201461 -0.0681357533 0.104485698 -0.075336121 0.0254552364 -0.0155496038 0.0472126603 0.0149689317 0.00550276041 0.0373325497 0.0270320214 -0.0865353495 0.0651245341 -0.0367116369 -0.0891572013 -0.014796189 0.0830199346 0.00571038434 -0.0759639367 0.0411271453 0.0194137394 -0.0311137568 -0.0410844348 -0.018783005 0.108237989 0.00469895266 0.0303347632 -0.0323841944 -0.0445833132 0.0699262023 0.00139202212 0.0580371879 -0.0122410851 -0.0733979866 0.0311344285 -0.102478884 -0.10085959 0.0461586788 0.0454924256 -0.0315730907 0.0647973269 0.0650398582 -0.0401870087 -0.0316611379 -0.093028754 -0.0145375999 -0.084572345 -0.0682795644 0.0614098608 -0.0559381247 0.0743551254 0.025114717 -0.0856379792 0.0466931611 -0.102693021 0.0556614362 0.0653285533 0.062493708 0.0658954829 -0.0573150851 -0.0356405601 -0.0711227283 0.105766408 -0.0884447396 -0.089606896 0.0565724596 -0.0549724959 0.100118354 0.0269849002 0.0225701779 0.00594654726 -0.0979169682 -0.00398585713 0.0802982375 -0.051582098 -0.0770323277 0.109538153 -0.0116263349 0.0753665864 0.0770414621 -0.0605351888 0.0389565676 0.0915739983 -0.0418474264 -0.0372805968 0.0208661947 -0.0834836662 -0.0781179219 0.0126747042 0.0875359476 -0.0738354772 0.0671590939 -0.0705480948 -0.00863931421 0.0533029363 0.00350955478 0.0341349617 -0.0362612307 0.050698895 0.0846017003 -0.0457868502 0.0596662946 0.0578675419 -0.0777703598 -0.0245003216 -0.0472585149 -0.104562856 -0.0749218464 -0.103778377 0.0135486517 -0.000691250898 0.00441606063 0.0589853972 0.0805791989 -0.00440619839 -0.0846559927 -0.000413864851 0.108300194 -0.0236005168 -0.0887780935 -0.00966632925 0.00748616504 -0.0590251312 0.0978096724 -0.0969272628 -0.0866147354 -0.101014897 0.0515569635 -0.00766088068 -0.0844135061 0.0922081023 -0.0395904034 0.0906331912 0.093888104 0.0962819457 -0.0867216438 0.0707675368 0.115126118 0.0783539638 0.0616999418 -0.0214769263 0.0330932923 0.0160269514 -0.0289900079 0.0104880705 0.0772387236 -0.0752231032 -0.0810360014 0.10844256 -0.0275145024 0.0438128598 -0.0669748038 0.0938393772 -0.0987155661 0.0929203853 -0.0347673036 -0.0913554952 0.0535939522 -0.074511975 0.000399618613 -0.042187985 0.0943051428 0.116372347 -0.0838711336 -0.0903543234 0.11824239 -0.0351569951 -0.0152951106 -0.0440874249 -0.0309023336 -0.0742988735 0.108620651 -0.03561588 0.0973219872 0.0359512903 -0.0154062789 -0.0360223018 0.0201493911 -0.0719148293 -0.102288626 0.0660853088 0.113336787 -0.0681504905 0.0283837188 -0.0800446793 0.0830088556 -0.0022986955 -0.0404894203 0.0502904058 0.0622874461 -0.000109114466 0.0958347768 0.0262772031 -0.0628943071 0.0137258824 0.0433735512 0.0146811604 0.0362048224 0.101625621 0.099696897 -0.0310210995 -0.0490149446 0.0139840692 0.0818737149 -0.0740027875 -0.0524972752 -0.0258076098 -0.0169807635 -0.0180762261 -0.0622517057 -0.076334849 0.0432625823 0.0116100907 0.0548115186 -0.0714561865 -0.0690811202 -0.0227143839 -0.0706496015 0.101104833 0.0598049536 0.038371928 0.0491680875 -0.055536475 0.0886940807 0.0907264575 -0.0111776488 0.0933102816 -0.0193260927 -0.0250024721 0.0511716008 -0.0509555675 -0.0349233486 0.0479411446 0.0975638703 -0.073549673 -0.0481255203 0.0809369162 0.110756777 0.0559298247 -0.0850246921 -0.0650967732 -0.0519971251 -0.0902646258 0.00370158814 0.0880890563 -0.0845170245 -0.104854099 -0.0375262722 0.0272711515 0.0745345056 -0.00911331363 0.0270988308 -0.0589539185 0.00100370962 -0.0568981729 -0.0482885055 0.0941151679 -0.0102243051 -0.0131901652 -0.111095145 0.0784803331 -0.0563741252 0.102572627 -0.0466041006 -0.00137969537 0.0437156186 0.0658102259 0.00448711356 -0.0612396598 -0.0269046593 0.0933884978 -0.0416848511 0.0910193473 -0.00438398821 -0.0472991168 -0.0127711073 -0.0397266597 -0.089229688 0.0152113438 -0.0752313361 -0.0693807751 -0.0752828792 -0.104944929 0.0513130128 -0.0609398186 -0.0948949531 0.0145811047 0.00176292635 0.082959801 -0.00742736924 0.0261329673 -0.0887942463 -0.0131491572 0.0693702921 0.0717963129 -0.0227563009 -0.0287985653 -0.0647548512 -0.0131138247 -0.0942718983 -0.0739190951 -0.0585318916 -0.0410499722 0.00744027644 -0.0675330013 0.039025072 0.105877683 0.0660276562 -0.0567880124 0.0951619595 0.0193057247 -0.115832604 0.112093963 0.0848081037 -0.0118116187 -0.0894216374 -0.0953284279 -0.0281783342 -0.0791470855 0.0886420608 0.0826945379 0.0654992759 -0.0378201902 0.00331226434 -0.0858531222 -0.0222750269 -0.0106253251 -0.0820762739 -0.0513351522 0.100970149 0.0794410333 -0.011621872 -0.0594044775 -0.0691070929 0.0236745235 0.0110177388 0.0154681653 0.033817362 0.000100817932 -0.0842717737 -0.00806645304 0.0983404294 0.00130050268 -0.00119716953 -0.0337566212 -0.0136875007 -0.0843663737 -0.0842536241 0.0531253181 -0.0373540409 0.0942785367 -0.0558818392 0.0808088183 0.020519238 0.00771747949 0.0303018168 0.0857131183 -0.0282218233 -0.0237409361 -0.073772341 0.0284105632 -0.043935325 -0.0359002203 -0.0984019861 -0.0241833068 -0.0740888789 -0.0519945174 0.0920673087 0.00270017236 -0.0464871787 -0.0769695789 0.0929699093 -0.0266201086 0.081534557 -0.0878195092 0.0435054228 -0.0518763885 -0.0305464957 0.0287661273 0.0130755417 -0.0286204442 0.0677507371 -0.0716494769 0.0486925542 0.0615286045 -0.115025923 0.0136552006 0.104461312 -0.0441933125 0.0693188757 -0.0745575875 -0.0512939468 -0.0452968404 0.0400528014 -0.00664090784 -0.0359986909 0.0792820305 -0.00724865263 -0.042104803 -0.0676505864 -0.0978614166 0.00502830744 0.0964411497 -0.0763370022 0.0148491357 -0.0741745904 0.00755044818 0.0973615348 -0.0138468742 0.0865046829 -0.0546273626 0.10461738 0.0543448702 -0.0199146755 -0.0420410745 -0.0915625244 0.0790796652 0.0737027973 -0.0500858426 -0.00561438827 0.0988073349 -0.0989338458 -0.0822340176 0.0651450008 -0.0783321932 0.0233006626 0.0833623409 0.0610562414 -0.0199225843 0.019743165 -0.0282182377 0.0626269057 -0.0968140885 0.012829924 -0.107828081 -0.0140895583 0.05360277 -0.0912982225 -0.0704055354 0.0343617424 0.0295166224 0.0157029647 0.0779078454 -0.0304367244 -0.0388883278 0.0971533135 0.0914440751 -0.0296204928 -0.0622824952 0.0354797877 -0.0423946753 0.0749565661 0.0680893064 0.0691911578 -0.0192988478 0.0748042837 0.0919002593 -0.0781611204 -0.0809537247 0.0921049118 -0.0481979959 0.0792358294 0.0361505076 -0.0905793384 0.0936280265 0.0509668663 -0.0421201438 -0.0477789901 -0.0960553586 -0.0286511183 0.00125314831 0.104969122 0.0893387496 0.0564756989 -0.0368536748 -0.0835128203 -0.00301825232 0.0054751765 -0.000512219965 0.0579828657 -0.0299237408 0.0417188853 -0.0141223185 0.0789054781 -0.0467301197 -0.0698350817 0.0530162752 0.023034811 0.104788437 0.0625776201 -0.0046346481 -0.0793096796 -0.0795114413 -0.000137537601 -0.101716273 0.0183855239 -0.00476421276 -0.0668998733 0.0107985828 0.0292409789 -0.0978619456 0.0759117082 0.0828742161 -0.0719254613 -0.101071253 -0.0356939062 0.104046978 0.113374867 0.0830954313 0.0103810448 0.020787444 0.0142196333 -0.0721338168 0.103019461 0.0420338437 -0.0996905863 -0.00848866999 -0.0903567821 -0.0514487438 -0.0115925521 -0.0261655487 -0.0863165185 -0.0183620006 0.0892893821 0.0511605181 0.0785966516 -0.0730051771 0.115922973 -0.0830075145 0.114038423 -0.0912624598 -0.0252525695 0.116200626 -0.0135804461 -0.0857238099 0.0247621704 0.0963355899 0.0260404237 -0.0685405731 -0.0482177548 0.0644805506 -0.093737267 -0.0632615685 -0.0138808638 0.0954656675 -0.00874218158 -0.0457205996 0.0587681383 -0.00196133554 0.0179055482 -0.00189185282 0.0105719147 -0.0192338955 -0.0371163525 0.0729589686 0.0766798481 -0.103201762 0.0657433942 0.06965518 0.0104909753 0.0123525849 -0.0231500193 0.000507403805 0.00693266233 0.0630608574 0.0766259506 0.0706895888 0.0879942924 -0.0658126026 0.0747580081 0.0478570573 -0.100964569 0.104261957 -0.00487226201 -0.0503880829 0.0790252835 -0.0109488387 0.019612845 -0.109634489 0.0682987496 -0.0954723507 0.0109681403 -0.0319161974 -0.0128468676 -0.0426372439 -0.11694672 -0.0434442237 0.068121247 -0.0684519634 -0.066358842 -0.049576696 -0.0411448814 0.000234895488 0.0497959889 0.035335388 -0.0179732498 0.00573602319 -0.0264064912 0.0656164587 0.0995736495 -0.0627506152 0.102700092 0.030873403 -0.0353237018 0.0169996861 -0.0542275831 0.033138454 -0.0762786567 -0.0394402817 0.0029318789 -0.0100426385 0.103824109 0.00292054564 -0.0334965475 0.0835909694 -0.0883273035 -0.0072683841 0.0653803498 0.0838413462 0.0686269104 -0.0952724442 0.014785517 -0.0351999924 -0.0517588481 0.0438355468 0.0642396137 0.0756147206 0.056373436 0.0686770082 -0.0617853329 0.0157186985 -0.0676947311 0.053781461 -0.0969760269 -0.0997675806 -0.037084911 -0.00639252504 0.0952776149 -0.0576060824 -0.0178243537 -0.107841261 0.0250826627 0.0323536061 -0.0933753848 0.112150744 0.0818499029 0.0401389748 -0.0898015052 0.0820394307 -0.0673413277 -0.108294994 0.0755015686 0.00181522232 0.0213330835 0.0427259021 0.0112157352 0.0963047147 0.0156614725 -0.102354489 -0.0927623063 -0.073759079 -0.104407825 -0.105269946 -0.051374618 -0.0405275486 0.0318309478 -0.0337886848 -0.0826795176 -0.0175825339 0.00904072169 -0.109574743 0.0486760326 -0.0295401569 -0.0621615909 0.111254953 -0.0772539228 -0.0632910877 0.0111526214 0.0523078814 0.0682748556 -0.0817457512 0.0313038155 0.054241702 -0.110192977 0.0943871066 0.0983390063 -0.0605360642 -0.0996468142 0.085066095 0.111022845 -0.0285536945 0.00115052378 -0.10972289 0.0957785174 0.029846536 0.0196096916 -0.0711191446 -0.0685203075 0.105447881 0.00845001172 -0.0533142909 -0.00584507966 -0.0276109707 -0.0568118691 -0.0104793152 -0.0830394626 -0.0211603492 0.0463184603 0.00807730108 0.0764332414 0.07558842 -0.0187627487 0.0435118638 0.0999729112 0.05984414 0.0229332559 -0.0282630697 -0.0724660978 0.103709549 0.0531919785 0.0967220217 -0.0332439989 -0.0917214304 0.00965468772 -0.0961363465 0.100652292 -0.0774432048 -0.0998949558 0.0616378039 0.00764489919 0.105354838 0.113296233 -0.0636686534 -0.100187689 -0.00275463797 0.0529947318 0.0948552489 0.0200543348 0.0901153237 -0.0320769772 -0.00816907734 0.108176343 -0.00868846849 0.0491792783 0.0277120657 0.0449097343 0.051801227 -0.0295905508 -0.0466895327 0.0573330261 -0.0438935235 0.0345120728 -0.0475681834 0.0462646931 0.0957730785 0.0862082392 0.0641468167 -0.0831359625 0.0853532702 -0.0716468617 -0.0529317819 -0.0852957442 0.0636546016 0.0890948921 0.0907088965 -0.0501951687 -0.0416823812 -0.0745402277 0.0740588307 -0.112137087 -0.080246307 -0.014292391 0.0197321996 0.0473020636 -0.0113865435 -0.115176462 -0.0266462937 0.0573363267 -0.0692541376 -0.00140638091 0.0271376763 -0.0177735072 -0.0682377815 -0.0425066277 0.00622381223 -0.114825554 0.0249406695 -0.0645718649 0.101022273 0.0794939399 0.0348257795 -0.076757133 -0.0448724031 0.0016696275 0.0563070737 -0.0749388859 0.106362022 -0.0266249776 0.0793383867 -0.112335645 0.0212666914 0.0858600438 -0.111163095 -0.017263554 -0.0533800535 -0.0580163598 0.0927723944 -0.0258323923 0.0576505512 5.40614128e-05 0.109358259 0.104024291 0.076560244 -0.00612220028 -0.0203419123 -0.0645868331 0.0493491888 -0.0384224802 -0.0478030071 0.0545607619 0.047696054 -0.018663533 0.100393996 0.0646712333 0.0431266315 -0.0586794466 -0.0146439262 -0.105623975 -0.0877553001 -0.0942443833 0.0752388835 0.0928187296 -0.0406322628 -0.0798587278 0.0817804933 0.0556124151 -0.0161551908 0.0584848151 0.0150412405 -0.069312878 0.0672091097 0.0256694686 -0.0385641679 0.0418752581 0.00574304769 -0.103429466 -0.0634204671 0.0358569659 0.0868156701 0.0119594522 0.0289555583 -0.100112796 0.0869049728 -0.0900757238 0.0994086638 0.00484028179 -0.101364896 0.0983882695 -0.0198569261 0.0907161757 -0.0731925368 0.00910971127 0.0414417423 -0.107377835 0.103844598 0.109971128 0.0269659013 0.0398813039 0.0664072931 -0.0214742273 -0.0745794922 0.0466756448 0.0926337466 -0.0133104529 -0.076608032 -0.0140369153 -0.082217969 0.0635232702 -0.109660842 0.062499512 0.095293954 0.070002079 0.0584340468 0.0321369097 -0.0418183953 0.0620030835 0.0257778168 -0.0167197511 0.0150196403 -0.0983555242 -0.0548054948 -0.105024673 0.0521563664 -0.0925961062 0.0222675502 -0.0330508724 0.0380592942 0.0752825439 0.0380069166 -0.0494338572 -0.0764931887 0.105474606 0.0187613051 -0.027759036 0.0495987646 -0.0468049943 -0.106107369 -0.0379129909 0.0208593383 0.074136965 0.000461552496 0.103149809 -0.0792537779 -0.022546038 0.0634284765 -0.046271164 0.0169849396 -0.103463516 0.0659479201 0.0908111855 0.0938622057 -0.000773421838 -0.0945161283 -0.00601507723 0.0755969658 -0.0895722434 -0.107060187 -0.112812854 0.108678713 0.0493901633 0.0323083177 -0.100954212 0.00918532535 -0.0829038098 0.0327217989 -0.0354250371 -0.0124065951 0.0862592906 0.0327923484 -0.108026892 -0.0413273089 0.073011674 -0.00213026255 0.00887146592 0.108070247 -0.00284817652 -0.0919062644 -0.0796461403 -0.062359903 -0.0450676456 -0.0414843597 -0.0690102801 0.0973381251 -0.114570819 0.038646888 0.0464268625 -0.0997584909 -0.0336226746 0.00269573182 -0.0901269615 0.0897877887 0.0242912322 0.0911354125 0.037686605 -0.0329561941 -0.116510563 -0.0232559517 0.0214767307 0.00781533122 0.0816231072 0.0205120835 -0.0222236253 0.0355828665 -0.0954307541 0.0770196319 -0.0759555846 -0.00805517379 0.101556636 0.0697778985 0.0798818618 -0.0972878039 0.00677041104 -0.0693230703 -0.0765525922 -0.0919465944 -0.0898193792 0.0700520203 -0.083422929 -0.00342288101 -0.0350710377 -0.00925195124 -0.04319828 -0.0800692365 0.0663586557 -0.0803530663 -0.072896935 -0.0583970994 0.0738354549 -0.11059542 -0.0375599079 -0.0943831652 0.0447870195 0.0559644848 -0.0500830784 -0.0265524723 -0.107196666 -0.0772369206 -0.0729467273 -0.00426673144 -0.0463388078 -0.0827890486 -0.0444074944 -0.0276091527 -0.0883060768 0.0939055532 -0.00717942603 0.00129760057 -0.026899565 -0.079890497 0.0138083743 -0.0701780319 -0.0685883388 -0.0013202444 -0.0580114834 -0.00955091976 0.0565323941 -0.0424676836 0.105702162 -0.0148623362 -0.00329716504 0.0425706357 -0.102337442 -0.0130414637 0.0882565677 -0.103055425 -0.104141667 -0.041293025 0.0278049242 -0.0395259932 0.0534134172 -0.0289598163 0.0795465112 -0.0600371324 -0.00595512521 0.0342021361 -0.0650053769 0.0356943309 -0.10157834 0.10739851 -0.0967397019 0.0990907028 -0.00875625759 0.0724598244 -0.101459816 -0.0439864658 -0.0539332964 0.0716413036 0.0874925926 0.073582001 -0.0734481066 0.0476924479 -0.0170896165 -0.0416628122 0.0956995934 -0.107113898 0.0338583365 -0.0111464579 -0.112939678 0.0178476013 -0.046490375 -0.0997625366 0.101657756 -0.00804216973 -0.0810285658 0.067821227 -0.00116322341 -0.0308464095 -0.0939498767 0.0665672198 -0.0325242281 -0.07080964 0.0574453399 -0.0104612857 0.0763767511 0.0479171947 -0.0532653704 0.0375815593 0.0170337427 -0.011016503 -0.100156523 0.0121645192 0.0391378924 -0.0181572475 0.0418584533 0.0755515844 -0.115323782 -0.0804148167 0.0555628315 0.0266537238 0.013545935 -0.0256174579 0.0776701421 -0.0749200284 -0.00618486106 0.0847167075 -0.0314478315 0.0960944444 -0.112906203 0.045703873 0.0846191645 -0.0591666661 -0.117031373 0.0532440431 -0.120205864 0.0198731869 -0.105588518 -0.0576427318 0.033551611 0.0874061137 -0.0768943876 -0.0518720075 -0.100254267 0.0254997537 -0.089511469 -0.0808180198 0.0553764962 -0.101510435 -0.00318712741 -0.0158888176 -0.0320834741 0.0946108326 -0.0422675647 0.0927123353 -0.00276134093 -0.0229145028 0.067457892 -0.0998647884 0.0470072888 -0.0972922817 -0.0419023447 -0.0908063799 -0.0359504484 0.107615493 0.0868609995 -0.0517405793 -0.0435142927 0.0930056721 0.109952599 -0.0294645987 0.0155306747 0.105611101 0.00772474799 0.0578592755 0.0345623381 0.0759966224 0.0469525903 0.0920759887 0.089963831 -0.0562791787 -0.0285946783 0.0567679517 -0.0571822636 -0.013327539 -0.0890984237 0.100666687 0.0692026988 0.0973360911 -0.0566098206 -0.102534741 0.0917595103 0.0819416195 0.0144793047 0.0477090925 -0.0127186943 -0.0345899463 -0.0773563087 -0.0749751627 0.0117933713 0.0525193848 -0.0442278236 -0.0519627035 0.0223776605 -0.0999892354 -0.00406528264 0.0184336193 0.0135046225 -0.105018526 -0.0232601911 -0.0841775239 -0.0341615006 -0.0721468106 -0.0326094665 0.101881549 -0.0651103482 -0.0137394788 0.0246758405 0.0892936066 -0.0457579158 -0.107666612 -0.0792566165 0.0623218492 0.0924556702 0.0201357212 -0.105366498 0.0113790445 0.0627385452 0.105840653 -0.0225260183 -0.0234740227 0.00955908746 0.0229776502 -0.0628475249 -0.0739004686 -0.0705793053 -0.0744637549 0.0104021681 0.010442446 0.0710164532 0.00443758816 0.0294619091 -0.0811767504 0.029595444 -0.0420414358 0.0725529119 -0.0569054559 0.0155644445 -0.0910029635 0.0436777063 0.0683795065 -0.0867637694 -0.0918427184 0.103521958 0.0348445103 -0.0811176151 0.00376687618 0.0527475551 0.0107688159 0.0503569879 0.0979995206 -0.0418586433 -0.109160326 -0.0989440456 0.0471638739 0.00822136551 0.0891687572 -0.0124398377 -0.00109880324 -0.00490124943 -0.0876885056 -0.0860109627 -0.0353765897 -0.110041089 -0.0698384494 0.110611394 0.0166814979 0.0774924457 0.077581808 -0.0866179168 0.0106019061 0.0763553753 -0.0917615816 0.108398937 -0.00440398511 -0.100413941 0.0171188731 0.0828560516 -0.0918222964 -0.0644122362 0.0796957016 0.111047372 -0.0195746217 -0.0279719904 -0.00368589745 0.0584437624 0.0181863327 0.0126416199 -0.0615662038 -0.0621083975 -0.0495783202 0.0244102981 -0.0606686883 0.0895661712 0.0711920038 0.024160631 0.0171744674 -0.0592504814 0.0431166738 -0.0430117846 -0.0118667111 -0.0804484561 0.0368595161 -0.0109709445 -0.0795291737 0.0465416834 0.0742575154 0.0807145685 -0.0191084016 0.0280032344 -0.115569405 -0.100593261 -0.0424227268 -0.0433078706 0.0622783899 -0.0336359069 0.0513919815 0.0418239012 -0.0593808182 -0.117534496 -0.017219862 0.0223572683 0.0210324116 0.0872378945 0.0312237535 -0.022257546 -0.0586962923 -0.00723129325 0.0719933212 0.0357303098 -0.0952603891 -0.0327792652 0.0786909536 -0.0677996278 0.0899695754 -0.090044871 -0.0310271829 -0.0204846989 -0.107325129 0.0813209713 0.0658032 0.0751320645 0.105949759 -0.025097847 0.00660356972 -0.102796569 -0.0853503346 -0.0239950437 -0.0361324996 0.0727088451 -0.00129340694 0.0777900666 -0.0932990313 -0.0732403249 -0.058560878 0.0980596989 0.00701463176 0.0807327777 0.00582244247 -0.0162910875 0.0594366342 0.0154718012 0.0112561826 -0.0175261274 0.0728145242 0.00537758414 0.0245739203 0.0391260721 0.0553915836 -0.0230960343 0.0591124892 0.0644720867 0.0327807367 0.0709260255 0.00691673299 0.0959799141 -0.0718927756 0.0858155191 0.0942391604 -0.0146079287 0.0944179744 -0.0803717375 -0.0587431975 -0.00619900832 0.0690959319 -0.065456979 -0.0316317976 -0.066292271 -0.107149638 -0.00165063492 -0.0156858005 -0.0936189294 0.0328211635 0.10169287 0.00519242464 -0.00603293162 -0.087606281 -0.103343233 -0.0764546916 -0.0798436254 0.024644658 -0.0814221054 0.0406774804 0.0314886868 -0.0860185772 -0.0182922222 -0.0567331426 0.0445970744 -0.0604623146 0.0193688553 -0.0469673425 0.0242262352 -0.00135773642 -0.0214997362 -0.0460741743 -0.1060642 -0.0108082853 -0.0361381136 0.0423849933 -0.0531616956 -0.0696795136 -0.0334115699 0.0593019463 -0.0247142185 0.0601787791 0.100845061 0.0305316765 -0.00266498863 -0.0873778984 0.0416786298 -0.0287766438 0.0892180726 0.0581744388 0.0297303814 -0.0104954503 -0.0865154192 0.0994541273 -0.0121048475 0.0808875561 0.0458138958 -0.0346937627 -0.0588735379 0.0372938141 -0.0285287723 0.106606938 0.0121910395 0.0699494332 0.00380497496 -0.0482672825 -0.0786579698 -0.085657455 0.0526481941 0.0592686683 -0.0850037932 0.0836832374 -0.0982415676 -0.0206335653 0.0475324504 0.00374714285 -0.0439904779 0.0174521655 -0.074114494 -0.0161457304 -0.00285983435 -0.095974043 -0.0356863923 -0.0372118428 -0.0102786263 -0.0604505688 0.0860448852 -0.0962281376 0.096928224 0.0376798064 0.0293735862 -0.0610700548 -0.0320096575 -0.0780537054 -0.0701447949 -0.00937646814 0.0546490438 -0.057309024 0.0693761781 -0.054757148 0.0680135936 0.0446416736 -0.0679751486 0.0683965832 -0.0966147557 0.0741745681 0.0466737002 -0.087035954 -0.0148437005 -0.0768264085 -0.105384439 -0.102547795 0.0128611475 -0.0943213478 0.00118971476 0.00339310314 -0.00641201157 -0.0641129464 0.0104272859 0.0376664624 0.0863849521 0.096637398 -0.108304128 0.0477904901 0.0363692008 0.0905291438 0.075229615 -0.0176950283 0.0498887859 0.0935178697 0.010131632 0.0459457338 0.0768436491 0.0264076721 -0.0989389047 0.0369464457 0.0121611999 -0.0388134941 0.0495046675 -0.0283387769 -0.0202571806 0.0403252505 -0.0549316406 0.0319561623 0.0610124022 -0.0461249314 -0.0933762491 -0.0590649545 -0.108241364 -0.00228266441 -0.0788491741 -0.0841230676 0.0274501797 -0.09245269 0.0310307909 -0.0847330242 0.00144615769 -0.0164826885 -0.0551850386 0.00651392713 -0.018918857 -0.0594457388 0.0299589671 0.0828246474 -0.0596284308 -0.0898673758 0.0820190161 -0.0643901229 -0.0134303793 0.0978766382 0.0501574241 0.039346125 0.00441741198 0.0635819957 0.0513929985 0.0256427266 0.0697401464 0.00284544914 -0.0695981756 -0.0648963526 -0.0696622729 0.0071472344 -0.0568642728 0.109074332 -0.104645565 0.082492426 0.0681281537 0.0296241958 -0.0578641295 -0.0357021131 0.013601345 -0.0374387726 0.0550326109 0.0993971452 0.0198046435 -0.0929101929 -0.0241403077 -0.0506117083 0.0147694834 0.10676875 -0.0127637675 0.087248981 0.0622418486 0.0221395567 -0.0993336737 -0.0433849171 0.0596086867 0.0750283524 -0.0246647093 -0.000192339343 -0.04121143 0.0833157748 0.0932022184 0.0379832983 -0.087204501 0.0607339591 -0.00851668045 0.0938330889 0.0756742656 -0.0680121183 0.00877678301 0.00082422432 0.0939783007 -0.0618783534 0.022951955 0.0880225226 0.0467890576 -0.0596032441 0.0502131768 0.0604564324 0.0683352798 -0.00144280004 0.00168684043 0.0266413055 0.0920790136 0.0523214042 -0.0828258246 0.0469475687 0.0419379175 0.108247824 -0.00759513397 0.054681588 0.0114899995 -0.0326450057 -0.065349482 0.0908107087 -0.043590568 0.108390838 0.0251216404 -0.0100873932 -0.0679371282 -0.0416444056 -0.0943931788 -0.0951085985 -0.0143220229 -0.0509340726 0.00906833261 -0.0137054352 0.0179007314 0.00360251381 0.106339157 0.0799744129 0.0979206786 0.0754623339 0.0257973485 0.0613387823 0.0151736634 0.0126159331 -0.0129593937 -0.0771813765 0.0952513218 -0.0779290348 0.0475915223 -0.0920713171 0.0449769199 0.0616025962 0.0556494407 -0.0235576704 -0.0105378516 0.0734188333 -0.0148451841 -0.0350368768 0.10037899 -0.0335338525 0.00691600703 0.00558742881 -0.0955604613 0.0301792286 -0.0941074416 -0.0826041475 0.10154859 -0.10108573 -0.0922547579 -0.0473422818 0.0360003486 -0.100201026 -0.0726963207 0.0970589221 -0.00934813172 0.0267164912 -0.0307643376 0.0437931009 0.0490300171 -0.0675319731 -0.0592040531 0.0335872024 -0.0408977196 0.0631370693 -0.0834397078 -0.028622942 0.0268266201 -0.046238333 -0.0128041729 -0.00955162104 0.0797878802 -0.106716923 -0.0957750753 0.1116018 -0.0632489994 0.0353828073 -0.0882806778 -0.0625406429 0.0111278202 -0.00324827898 -0.0946558639 -0.0837098137 -0.0719929561 0.108067416 -0.0555387922 -0.0455493331 -0.0213721693 0.0162257235 -0.0825035572 -0.0885828063 0.0737494007 0.107197881 0.0284961015 0.0177036729 -0.099088423 0.00225438015 -0.0568911582 0.0412815101 0.0941229835 0.0170393065 0.0967731476 -0.0045741424 0.0222068336 -0.0459586233 0.0822901428 -0.0249929707 -0.101402357 -0.00393349677 0.0491264611 0.0010360321 0.0686700419 -0.0776674598 -0.0199385341 0.0676653683 0.00652908394 0.0974623412 0.0936498046 0.0268507823 -0.0112297749 -0.0670456514 -0.086566031 0.106630817 -0.0277434736 0.0778636411 -0.0898479447 -0.0918996856 0.0832785368 -0.101691194 0.0408321619 0.030409975 -0.0567466579 0.0850167423 0.0221321043 -0.0723360181 -0.00766342878 -0.0969962701 0.0301851667 -0.0462759659 -0.0662030876 -0.0543300286 -0.0385086164 0.0812870786 -0.0922937319 0.0399272591 -0.106515415 0.10967721 0.0848539323 0.0619281195 0.0156085342 -0.0148250246 0.0359694548 0.083045423 -0.0966126323 -0.0730485916 -0.0493283123 -0.110614903 0.0324126482 -0.0360140055 0.0264867377 -0.0101618543 -0.0651215464 0.04206305
tensor gate_encoder.0.bias 1 32
0.0698757544 0.0152818812 0.0552413724 0.0089214677 0.0485411212 0.0459147878 0.0344864205 0.000846456562 0.0648093 -0.0780750737 0.00104875432 -0.092254445 -0.0908005983 0.0506258495 -0.00620069262 0.101069219 -0.00354578486 -0.0485982895 0.0730522275 0.0548721403 -0.0586381182 0.0579970591 -0.0503052659 0.061562676 0.0959409922 0.0718043447 0.0746889785 0.071309261 0.01840025 0.101144485 -0.0725091696 0.102743849
tensor objective_value_embedding.weight 2 32
1.68587577 0.22093381 -1.60336924 0.981034219 1.38320541 1.06427646 0.252899379 -0.945011616 -1.07478011 0.154922485 -0.616890848 -0.67086786 -0.525777817 -0.321479321 -1.32387328 -0.451326281 -0.728234589 0.71289444 -1.13060808 1.6029135 1.15522289 -0.269810975 0.605095029 0.235260636 0.222421631 -0.475505203 -0.632632434 -0.388941914 -0.545141697 -0.0608280562 1.25641906 0.20958744 2.33659005 0.762262344 0.627958834 3.23325729 0.158996001 1.43894768 0.499437004 -0.0250957143 1.12515235 1.43566883 0.92942059 1.32149267 0.67754215 0.0993080512 -1.15589416 0.715087175 -0.117691822 -0.920191348 0.391026706 0.740067244 -1.28431809 0.393382519 0.885254145 -0.202072859 0.712153912 0.123283818 -1.6870625 -0.607092977 2.4384625 0.333538473 -0.881825566 1.27688909
tensor backtrace_actor.0.weight 32 32
0.0725131258 0.0563032515 -0.0219455529 0.0742741227 -0.0869869739 0.07392627 -0.125648141 0.00722184032 0.0151320035 0.0521239564 -0.0128918011 -0.114118151 -0.0197707284 0.0437205508 0.150958359 0.0704299062 0.159118786 0.0219584703 -0.0844615847 -0.0341309309 0.106728703 -0.129020244 -0.0555359907 -0.0363808684 0.0470982827 -0.0899898484 0.0391459689 -0.144491822 -0.0611141771 -0.125236258 -0.0868699253 0.00540947542 0.0726579651 0.0716221109 -0.0639384314 0.138707921 0.072240144 0.14932017 0.126287043 -0.0484177582 -0.142949149 -0.156206697 0.132563457 0.09990751 0.0331309214 0.102749355 -0.0802729353 -0.11688228 -0.0685557574 0.157121077 -0.171662658 0.119059987 0.154039457 -0.0104061337 -0.176448107 0.0199458282 -0.0765949041 0.0885714218 0.101767071 -0.168204591 0.0513862148 0.116077021 0.144695878 -0.0954378545 -0.112851962 0.0490468219 0.0661754608 0.157813281 0.144002199 -0.128552631 0.0296660382 -0.0841363743 0.0247343294 0.175633594 -0.075892359 -0.108879492 0.0927743092 -0.0365560316 0.118038625 0.0569721386 -0.0279741772 -0.118753999 0.0137571385 0.00171943044 0.155051455 -0.165217295 0.130802944 0.0921947956 0.0464792065 0.0980176255 -0.13470839 0.0369140096 0.0361822583 -0.160719603 -0.0683855489 0.119585745 -0.169557258 0.154773638 -0.149051845 -0.00292869122 0.132117882 0.141815841 0.12108162 -0.141868934 0.166681617 0.0772937238 0.161985055 0.0321210511 0.0145741962 0.0406617783 -0.141333595 -0.161896214 -0.0664451346 0.0583635867 0.161007017 -0.135986716 0.00308671594 -0.0990971848 0.0707918108 0.0265232325 -0.044415649 0.175438538 -0.15879041 -0.081473656 -0.0712153316 -0.0199864004 -0.0129592763 0.0977923498 0.168674543 -0.0456143655 0.148523107 -0.153913394 0.107777193 0.126020744 -0.158281326 -0.120909005 -0.0873758718 -0.17784825 -0.141675144 -0.149938375 0.0589537732 0.0118954033 -0.0301351193 0.00362838898 -0.0531521626 -0.0917791054 0.0449695513 0.00634701038 -0.165515617 -0.0811224431 -0.152045235 0.0566290021 0.0968973637 0.171805814 0.127854034 0.0310840551 0.0932122394 -0.0501500405 -0.100246668 0.0816391557 0.0794280395 0.0378409438 0.114211746 -0.0626607463 0.136860564 0.119401246 -0.0542118549 -0.0226668902 -0.0337572023 0.00784853287 0.0952553526 -0.0211303495 -0.135143474 0.0968143642 -0.0907744989 -0.052871529 0.122579575 0.165943593 -0.148490384 0.103294283 0.0451390669 0.0699463487 -0.0556000136 -0.154906452 -0.166152611 -0.0934064239 -0.0645761192 0.134342104 0.0965840146 0.131844595 0.00618747994 -0.067988798 0.00568836555 0.0315463617 -0.121655583 -0.170790002 -0.0397574641 -0.0688478947 -0.164853811 -0.172191456 0.0792297348 0.164777547 0.0656823069 -0.134191558 0.0492441915 0.131290779 0.110580668 -0.0793641955 0.119519643 -0.102718443 -0.049804125 -0.0207162965 -0.0149950506 -0.00342784682 -0.173521176 0.170464844 0.0982106328 0.0787800923 -0.0226230808 0.0922632292 -0.14177756 0.0621609129 0.174456075 -0.114264049 0.0812031925 0.154794082 0.0882634372 0.0958845094 0.0976280198 -0.0461467616 -0.000888378418 0.174206376 -0.0658413619 -0.100917757 0.0728326514 0.0266997293 0.0210954901 -0.116672829 -0.0431332104 -0.155997753 0.158652827 -0.177411959 -0.0897770673 -0.006829903 0.167893529 -0.106939875 0.0357190296 0.0687091127 -0.0204175282 -0.0877130777 0.0873156041 -0.0326831117 0.140050352 -0.140705571 -0.0416457839 -0.0903514624 0.162421733 0.038248606 0.00641904725 -0.0112571539 -0.137819737 0.089974016 -0.0458126701 -0.0928505138 -0.0517655686 0.0654725134 0.175377876 0.027267376 0.118682139 0.0637400374 -0.0135073224 0.163547128 0.121551566 0.0103837289 0.0784202963 0.092359066 -0.0451815203 0.150901556 -0.104452625 -0.130641297 0.120160125 0.0711721405 -0.0129912365 -0.0681497753 0.0507595651 -0.0716856197 -0.141340509 0.111637868 -0.142369658 -0.0429573394 0.0752168745 -0.14613995 0.074757874 0.0058728545 -0.117394313 -0.160346314 -0.0824284256 -0.167802587 -0.136473358 -0.171774149 0.00103520369 -0.117534406 0.13016133 -0.0895875841 -0.065152213 -0.0351367407 0.150938019 -0.123029627 0.0526587181 0.0813838169 -0.151907921 0.0132752107 -0.143222675 0.150131106 0.118933424 0.132793158 0.135287911 -0.140096158 -0.119936831 -0.0204664636 -0.06185662 -0.124884501 -0.117170826 0.0418575406 -0.0493451394 -0.15572837 0.0877194256 0.0713461787 -0.0265932921 -0.0668657869 0.132454708 -0.160612032 -0.00899604056 -0.0951592028 -0.162801176 -0.105670013 0.178259835 -0.088187024 -0.172047958 0.0770425722 0.145363376 0.0384277515 -0.0904122442 -0.0573433526 0.122606091 0.0444956943 0.0733278245 -0.135065034 0.0151474969 -0.106962532 -0.0725373104 -0.165646568 -0.126791418 0.140077159 0.0146022299 -0.0786312446 0.0912472606 0.0598697849 0.000261874316 -0.0920519233 -0.0358571261 0.0325150937 0.00966621749 -0.137182921 -0.124350116 0.00149496144 0.122306347 0.0459615029 -0.0396774933 -0.0994849727 0.100276493 0.106888533 -0.151693687 -0.0329370312 -0.018493671 -0.00197282154 -0.148556009 0.045576591 0.110576883 -0.151474446 -0.167416409 0.171949804 -0.00516784703 -0.00408650609 0.0738869831 0.135938331 -0.0365967713 0.152169734 0.000318371749 0.111499697 -0.0452409126 0.00707078446 -0.0660638064 -0.146776766 0.158194438 0.0548572466 -0.137813702 0.0971460193 0.165194839 0.023239065 0.119938985 0.131669447 -0.0783119872 0.11047788 0.0594016947 0.0401140153 -0.147788137 0.0577192046 -0.0118927099 0.126764297 0.0286747813 -0.152163759 -0.155155987 -0.10994979 -0.00760617154 0.1626295 0.1780909 0.0909316018 0.0540138483 -0.061562106 -0.063095212 -0.0958707556 0.124452785 -0.0331910141 0.0902754217 0.143401742 0.143907234 -0.0851802081 -0.15697749 0.0111986864 -0.00679995539 -0.130541667 0.0871805847 -0.157147646 -0.0867776275 0.0242015421 0.165783778 -0.0807862058 -0.137114912 0.127809346 -0.0925420001 0.175100401 0.123515673 0.019914547 -0.153896868 0.059529826 -0.0160850342 0.154762149 -0.0525525957 0.129355699 0.0637034848 -0.0274272803 0.134767935 -0.162258431 -0.0713725761 -0.13027291 0.140347987 0.0301777869 -0.0799345151 0.0880642459 0.10365095 -0.0351009779 -0.12243025 -0.127407596 0.0786917433 -0.0263336655 -0.135180622 -0.0464585759 0.152200043 -0.0221271086 0.150078461 -0.173791796 0.0430562049 -0.0060219164 0.0429028347 0.0616356917 0.0119885001 0.0751491338 0.125351891 0.0728356168 -0.0357460417 0.0888803601 -0.0321411081 -0.0917710811 0.154013932 0.11400561 0.0904377475 0.0200079381 0.0122168409 0.14446336 -0.121100709 0.110995457 -0.164844126 -0.0455169268 -0.038162306 0.140824497 -0.113918774 -0.0221330728 0.0525545143 0.129670382 -0.111652747 0.0126541024 -0.0672181472 0.0957051218 0.0400844179 0.00780903501 0.108687669 -0.121712536 -0.0205650236 -0.0593112446 0.0601354912 -0.122633822 -0.124686636 0.145103142 0.157267466 -0.125048906 0.165850028 0.111091122 -0.04589957 -0.152992204 -0.0833657011 -0.122377858 -0.116385922 -0.162152886 0.0771812499 0.0570457466 -0.127975821 -0.150699854 0.162930578 0.156065911 0.0854435787 0.0869122073 -0.0851124078 -0.0296872724 -0.101201564 0.116941251 0.147715747 0.0842775777 -0.129871905 -0.13027373 0.129333124 0.0547170714 -0.108586527 -0.118189275 0.106634125 0.168401435 -0.0445526354 -0.0297394078 0.142998874 0.134979621 0.117369622 0.169275686 0.166164249 -0.0321897827 -0.138491899 0.154967189 -0.0892071202 0.146633863 0.118555062 0.172248438 0.0850386992 -0.0216997843 0.155527964 -0.0442106389 -0.0677878261 -0.0975175798 0.00661777891 -0.0103962207 0.167144716 0.0230793636 0.0435394943 0.0115221245 0.0714444518 -0.0484244563 0.0227518994 -0.0568598174 -0.0553931668 -0.046781145 0.00526097557 -0.169591829 0.0695834085 0.134386718 0.0233155638 0.00141908543 0.044566378 -0.0668628365 0.178355262 0.0678489655 0.154280201 0.030696772 -0.164720148 -0.0685298666 0.00594290532 0.0789939836 -0.112976506 0.0838043988 0.0411222428 -0.0897549614 -0.0941378027 0.134217665 0.131023437 -0.0801296383 -0.0775544345 0.0255016834 -0.144082084 0.0470565297 0.153597116 0.175561726 -0.0985221341 0.00265257177 0.094171606 -0.152285665 0.0550994128 -0.113491833 0.00953160506 -0.16809015 0.17061238 -0.0944855586 0.0482089669 -0.0414347984 -0.115245678 -0.131110072 -0.0327008739 0.0165275857 -0.0665768161 -0.00680880575 -0.0112987449 0.0980806649 0.066685088 0.0171545073 -0.175171271 -0.075857386 -0.178709298 -0.0665012524 0.0400309898 0.117597021 0.0935038626 0.000507566379 -0.0252370834 -0.0809981674 0.178772971 -0.123512663 0.109916434 0.0102829896 0.175450906 0.0940135568 0.127884358 -0.101024508 0.0898392648 0.149740785 0.163907439 -0.0667627156 -0.035604421 -0.176658124 -0.128269777 -0.136774197 0.0240021609 -0.176900789 -0.119480893 0.0450427122 -0.112822287 0.176301599 0.024110321 -0.000109515036 0.166961029 0.0242523812 0.0925484225 0.154602289 0.101214416 0.17297335 -0.0532114729 0.118477002 0.126829997 -0.16613248 0.154174671 -0.0772546828 0.105713248 0.0386677794 0.108342633 -0.116353683 0.130263552 -0.143191159 -0.100325778 -0.164799482 -0.137398005 0.0368959941 0.0836309642 0.0745827183 0.0280979816 -0.0764593109 -0.125887945 0.0776695386 0.087778829 0.10627187 0.110576905 -0.019312432 -0.106055126 -0.0509855412 -0.100186102 -0.0699531659 -0.130720288 0.0458608083 -0.0498617589 -0.0704245642 0.0339576453 0.0489825867 0.0335248224 0.113724068 -0.0845422596 -0.0792356208 0.0290294494 -0.000910049479 0.120337404 -0.0658627748 -0.023321759 -0.0224018265 0.0628497452 -0.131698221 0.0729991272 -0.164838806 0.0503093526 0.166371748 -0.144741938 -0.153387159 0.0626902878 0.155224353 -0.0972819179 0.0188250709 0.140095159 0.17247954 -0.0762786865 -0.153141379 0.013466686 0.129723862 0.0164868105 0.154426873 -0.148545623 -0.137419596 0.0604738183 -0.075929299 -0.113788232 -0.148215234 0.131633401 -0.169397682 -0.100199118 0.0967373252 -0.00606233021 -0.170797259 0.0552005395 0.016886631 0.130926356 -0.14093028 0.153122604 -0.061101269 -0.0630129278 0.140200317 -0.0341920108 0.126810133 -0.154487938 0.050417576 -0.0945347995 -0.0866167843 -0.133143172 0.178341553 0.169282511 -0.142230704 -0.0694658235 0.0336472318 0.0180982016 -0.110158674 0.167227298 0.00103433954 -0.0128270928 -0.0433600843 0.112601362 -0.0133798877 -0.17251806 -0.151581034 0.111408271 -0.0754496604 0.122274421 0.063253291 -0.0703080818 -0.0811224431 0.0707213134 -0.000795206171 0.074152723 -0.0595642403 0.021056978 0.161754072 -0.0549546741 0.0443361737 0.127784565 -0.0654846355 -0.114520177 0.0568918884 0.0527365804 -0.160207987 -0.0673855618 -0.0410803705 0.106214784 -0.0715867281 -0.0717108175 0.00893974304 -0.0542687736 -0.0621618666 0.014505486 0.122663334 0.150074273 0.0942932069 0.0888688117 0.102853499 -0.00182872638 -0.0573295839 0.0359979719 0.069783479 0.0158894584 -0.0801735148 -0.123903826 0.103967927 0.121205054 0.160999671 0.0350637957 0.147793815 0.00902571902 -0.0596174411 0.0863922164 0.0491631143 -0.103877492 -0.0946151614 0.177550092 0.0730787441 0.0516185015 -0.0136264451 0.126034588 -0.0487037711 -0.0270290207 0.108909301 0.15231964 0.125713825 -0.109584488 -0.0143259987 0.109263949 0.0242022034 -0.123212688 -0.0898105055 0.158662245 0.140587822 -0.0529507548 -0.0374346748 0.0831753463 0.0227043293 -0.019499721 0.138565361 0.136050746 -0.167905658 -0.17832841 -0.0344775915 -0.139592066 0.0413390659 0.159504667 -0.11834792 0.147985339 -0.173701465 -0.0605878718 0.133676007 -0.00733105326 0.138032079 -0.0628105998 0.0635962337 -0.0413019471 0.125193074 0.0163504593 0.142786905 0.0704424754 -0.00261799921 0.0922230929 -0.0466322303 -0.107501239 0.053407304 -0.0606053062 0.13472037 -0.0599101894 0.0722102895 0.130300313 -0.0571230277 -0.0200541429 0.103085659 -0.0353626087 0.150027335 0.134736672 -0.120345578 -0.103111051 0.0882702693 0.0267229211 -0.159069166 -0.152464271 0.0868212804 -0.0676342025 0.0104697943 -0.16431044 -0.167432278 -0.109347366 0.0369454548 0.00626924355 -0.00935257319 -0.106179498 0.066875644 0.122711867 -0.0530199893 -0.133179635 0.103964202 0.0698322132 -0.145516604 0.0796797946 0.0157300364 0.175274879 0.0766192153 -0.143569991 0.00747884624 0.170591861 0.0115960473 0.0496580899 0.159893751 0.0382976197 -0.14234674 0.041151356 -0.161149547 0.17408368 0.087467365 -0.113185324 -0.0481844358 0.0178289935 -0.0196631737 0.00634849211 -0.0941715389 0.0370302275 0.129215881 -0.107423171 -0.146590263 0.0164114647 -0.135989398 0.0383385159 0.13704367 0.12172395 -0.180125937 0.0409645773 -0.0838819593 0.0504709072 0.117066458 -0.161248699 0.152391955 0.0344411656 0.0107289962 0.0755311176 -0.172507912 -0.171386883 0.0773468465 -0.173074335 -0.0251060426 -0.157245323 0.0350467376 -0.0758531764 -0.0490487888 -0.035973452 0.123797268 0.000746966165 -0.0242008604 -0.0942760557 0.0518771 -0.171123073 -0.156402618 0.142103001 0.0195231419 -0.0407215245 0.00866855867 0.176722035 -0.153504774 -0.152178571 -0.119590908 -0.131028473 0.0344878733 0.122037314 0.0736412406 0.170590967 -0.0875576138 0.104788974 0.163251281 0.166230902 -0.0569742732 -0.143685684 -0.154943749 -0.0301258117 -0.154498115 0.111551456 -0.0824020505 0.165407002 -0.0124938134 -0.0653571412 0.053895168 -0.124137059 -0.112475239 0.00795882195 0.00684190448 -0.0553090535 -0.176790133 0.139321297 -0.124055788 0.065517053 -0.146087557 0.130713791 0.170763388 -0.13548559 0.0781801268 -0.0468347296 -0.155059054 -0.168600455 0.0624121353 -0.0355348177 0.17904523 0.138745129 -0.0334924683 -0.154990107 -0.175219938
tensor backtrace_actor.0.bias 1 32
-0.04561368 -0.143890828 0.0360297784 0.136447296 0.0543297194 0.0109965894 0.13562189 -0.150067359 -0.0877608806 0.138826683 -0.0363517515 -0.0996661484 0.00248616817 -0.0284036025 0.0815836191 -0.162751451 -0.116255619 0.138754502 0.143833026 -0.106157206 0.00062684447 0.15109092 -0.0930908471 -0.0383453518 0.134909883 0.152504236 0.112612128 0.0081980275 -0.0493754297 0.0668070316 -0.0755764544 -0.141625747
tensor backtrace_actor.2.weight 2 32
-0.033157561 0.0612944774 0.00129430834 -0.168342948 0.0962232351 0.0822814405 0.169302553 0.0606108084 -0.0942095146 -0.114951499 0.152598754 0.0236967467 0.122255996 -0.0856972411 -0.117372729 0.0967999995 0.00807381142 -0.0926347747 -0.140960306 0.177326754 -0.0994700789 0.0923377723 -0.143183455 0.077086173 0.0152177215 -0.0930262804 -0.0507816896 0.0646930113 -0.05168695 0.0810399726 0.106009647 -0.0953530669 -0.156836122 -0.150696471 0.10831891 -0.00201246352 0.00272605009 0.12831609 -0.0678113252 0.162855819 0.0186421089 0.167679459 0.138297036 0.0169874784 0.0450086556 0.0164397899 -0.0658586323 0.04260315 -0.159107432 0.146524832 0.0929957256 -0.132084385 0.0501365922 -0.0260140095 0.0410757996 -0.130215481 0.138108358 -0.171472728 -0.116275772 -0.161981851 -0.120047107 0.113320522 0.0568956397 -0.153779998
tensor backtrace_actor.2.bias 1 2
-0.033767499 0.02361493
end
