SMARTATPG_ACTOR_V2
embedding_dim 64
hidden_dim 32
tensor gate_encoder.0.weight 32 64
-0.100826226 -0.0994914249 0.0471976064 -0.101376362 -0.11773923 0.0317606479 0.07983087 -0.112121157 0.0236902144 -0.108407594 0.0783651546 -0.0797753781 0.0450287871 0.0331784971 -0.0265601892 0.00457438966 0.0927559957 0.00255208299 0.0463258512 0.135087058 0.028251525 0.0979090706 0.0874613523 0.0306571573 0.0732858852 -0.0929283574 0.121987231 -0.0644647777 -0.0187762287 -0.109841414 0.069691807 -0.00843744911 0.109593607 0.0137789808 -0.0739554614 -0.0140113654 0.0473386049 0.0171162561 -0.0140559915 -0.0476016589 0.0740051642 0.024981048 -0.133261636 -0.0466646329 -0.0424849056 -0.0913903192 0.0607017726 0.105282024 -0.0337452255 0.0679476857 -0.0179238524 0.0375970043 -0.0491536334 -0.0136462785 -0.140162662 0.0453273095 -0.0502439402 -0.00367698818 0.0258975551 0.051810246 -0.132266894 0.127521247 0.117534325 -0.0345004052 -0.089490965 -0.0300961584 -0.00190043065 -0.0949831381 0.105336972 0.0460055321 -0.0899751559 -0.0101375226 -0.137435168 0.0210488159 -0.00980688632 -0.0792361274 -0.124451406 -0.0158450566 -0.0211024918 -0.00600304175 0.0221690349 -0.055821456 0.129221305 -0.069393158 0.148727134 0.132183298 0.105278656 0.0331161506 -0.110520475 -0.0813173503 0.117591746 -0.105284512 0.0910620391 -0.0593944751 -0.158407986 0.0871588439 0.0902147144 0.0213290639 0.0500799082 -0.136600584 -0.0259090364 -0.0247133672 0.100894913 0.0248761717 0.0173139628 -0.00457002549 -0.118850239 -0.0821921527 0.0901181474 0.116865769 0.135633692 0.0755820572 -0.12724635 -0.0496037155 -0.00844294205 -0.15076068 -0.0281692464 0.100330822 -0.0318797715 0.00738879433 -0.0551181473 0.04310105 0.0877945498 0.0457464978 -0.0733406395 0.0806849822 0.100616731 -0.0145536615 -0.0369504578 0.0723829791 -0.0791645572 -0.113023788 -0.0744199008 -0.0398697741 -0.0880109891 0.0547456518 -0.086553365 0.0837358609 -0.0285823252 0.0465609096 0.0667003989 -0.0857179612 -0.012955552 -0.0440587103 -0.0564638302 0.0220030621 0.0457521826 -0.0731469765 -0.0522719771 0.0665839985 0.021846652 -0.0748708546 -0.0293333642 0.00859943498 -2.68791246e-05 -0.00177479035 0.0541612059 -0.0834704265 -0.00115748041 -0.0382714644 -0.0205458086 0.00622670678 -0.134329587 0.0416670814 0.0162596591 0.0582481474 -0.04677267 0.12357568 0.0277705155 0.0913610086 -0.0922718719 -0.105546452 0.00134715263 0.0228919629 -0.0849416628 0.113167532 -0.0485215522 0.0129856551 0.127985105 -0.0234411377 0.0884459093 -0.0362745039 0.0853267834 -0.125425473 -0.0181123484 0.0134591684 0.142438814 -0.0658265799 0.103597082 -0.0426703915 -0.0392946228 -0.0249789953 0.0823771954 0.0485745221 0.0784665868 -0.113283969 0.115499251 0.100424945 0.103983134 -0.07831572 0.0117026623 0.0922431424 0.05984338 0.0594257526 0.0362996757 -0.048804868 0.0996417478 -0.0445205346 0.0776877776 0.0245005619 -0.0190788116 -0.0783801153 -0.0121876877 -0.0657515377 0.0846066847 0.0135912327 0.0766749159 -0.0713096187 -0.0876633227 -0.102025673 -0.0741268918 0.0126940124 -0.0249923393 -0.0879542679 0.133779302 -0.0497543626 0.0286126249 -0.00799390208 -0.0682591051 0.126152366 -0.0267440733 0.0434652269 -0.0773796067 0.126325265 0.0175133646 -0.0388842002 -0.0741010532 -0.0569326133 -0.0552854016 -0.0669782907 -0.0167397596 0.0556789823 0.119815044 -0.12992467 0.0403908454 0.0247926041 -0.0251636133 -0.0639863536 -0.108107597 -0.0467171259 0.0233978499 0.0700566024 -0.0143455751 0.127509266 0.0945261866 -0.0166697018 -0.0357530788 0.0708094761 -0.0252499208 0.0673604012 0.0607403293 -0.0314002596 0.123409107 -0.030795861 -0.0169026442 0.113894261 -0.0176808294 -0.113646746 0.0239035487 -0.00467859069 0.111824408 -0.0115319565 -0.0348220952 -0.0571740791 0.0509068742 0.00437366357 0.0730965436 -0.0175380278 -0.0607581623 0.104012385 -0.0875432491 -0.0588542074 0.0996137112 -0.0957245454 -0.017913077 0.00610166043 0.0448165722 0.0831865817 0.0886906236 0.0739185214 0.124485143 0.0920906812 -0.027925266 0.0196880195 0.0641781613 0.018853249 -0.0830788538 0.0193147473 -0.0517401583 0.100396462 -0.123062335 -0.0412541032 0.0669194534 0.0750121027 -0.0328420326 -0.12057244 -0.0440990292 -0.0268211719 0.0262374468 -0.07126908 -0.0458100177 0.0766093507 -0.065680407 -0.13809821 -0.117335699 -0.0367793106 -0.00507705612 -0.0304908138 0.131907508 0.100914814 0.0458680317 -0.143364832 0.0511171781 0.0988116562 0.112060264 0.0498115905 0.0963167995 0.0359888747 -0.1348463 0.0359776728 -0.0749261528 0.111656338 -0.0888291448 0.105616361 -0.0635604262 0.109905437 0.0891411304 0.021903269 0.0556538813 -0.0465079919 0.115258105 0.0333147384 0.00417279452 0.111988708 -0.0943116471 0.0343577899 0.0609935299 0.0433320068 0.124021731 -0.0208029803 -0.0215928461 -0.017813867 -0.0101144649 0.0933379605 -0.0966725126 -0.0739343092 -0.090225935 0.148580641 0.045855552 -0.0555193797 -0.0929093212 0.00244903704 0.0450670645 -0.131525576 0.0769139826 0.0903107896 0.110792145 -0.0449567363 0.0831214339 0.0524710156 0.0314204805 0.033135321 0.117937863 -0.0224154238 -0.0589198172 0.0478983633 0.0611377023 0.001549365 0.0856651515 -0.00826015417 -0.0801074952 0.00337439193 0.0572087578 -0.0608858913 -0.027470218 0.0993871018 -0.0277868155 0.0618550628 0.00370443426 -0.105192736 0.022323573 0.107242405 0.139564335 0.0174318384 -0.0984629616 0.113104075 0.113331512 0.0403237045 0.0722416043 -0.147336036 -0.0738290399 0.0623781271 -0.164865643 -0.0193508901 -0.0956764892 0.00426925253 -0.161528274 -0.1334479 0.0884252861 0.0884258002 -0.0413350835 -0.0825999603 0.073395662 0.111138232 0.149423331 -0.0401806757 -0.0957265496 -0.0505883992 -0.0830593556 -0.0125405341 0.124889232 -0.117834859 0.0588889755 0.0422313772 0.0629856363 0.0532160439 0.0778801367 0.113070056 0.0617942438 -0.0800009519 -0.00826407224 -0.130536109 -0.00322431396 0.00917025004 -0.000142646226 0.0975421742 -0.095337078 0.118728466 0.0743545219 -0.0462025069 -0.0186453499 -0.0635128021 0.128450572 0.0749538392 0.0334700979 0.063349545 0.0788636208 0.129743963 -0.0616046451 -0.019109901 -0.0307466518 0.00114425714 0.0211988166 0.0340949148 -0.0308199804 0.049926836 0.052034799 -0.106685624 0.121367872 -0.0794456527 -0.0247508269 0.0216905903 0.107717864 0.0659670383 -0.116109528 0.135178775 0.00520790787 0.00227309135 -0.0331680439 -0.0394855104 -0.0527105778 -0.0602529384 -0.0778611451 0.0265838802 0.0133867282 0.0752384365 0.0470896438 -0.0319690332 0.0128783509 0.0267041363 0.102001816 -0.0292914789 0.026568085 0.141111076 0.0447246805 -0.109472461 -0.103442483 0.122008353 0.0168166161 0.0186807159 -0.0758264065 0.0916575715 -0.101077989 -0.00192310766 -0.0648996904 -0.0191033538 -0.0526098162 -0.0937760621 -0.108221777 -0.0281996075 0.0498653129 -0.0542437285 0.100728422 -0.0328994207 -0.0652875975 0.000575846061 0.0259942245 0.0607050993 0.038819924 -0.0473076552 -0.0351579078 -0.0866893604 -0.0498249419 -0.0876120254 0.0910995454 0.0291772354 -0.0010699752 0.11413826 0.0887212679 -0.0675261468 -0.11514046 -0.0400766656 0.112887725 -0.119100079 0.0171300508 -0.0777052119 -0.108702689 -0.123392135 0.0615722425 -0.104400977 -0.0213956106 -0.0214133654 0.119935401 0.0275864676 0.011803953 0.0295917373 -0.00871406589 0.0359720774 0.10466969 -0.0839238316 -0.0715548024 0.0373253934 0.063092798 -0.0960836112 0.131708235 -0.00380007341 -0.0772759393 0.021794321 -0.137667388 0.121775083 -0.112582825 -0.128487512 -0.0784307793 0.0704223961 -0.0678478628 -0.0638926476 0.095405139 0.102657668 0.137510851 0.0146487188 0.0579377338 0.0720804632 -0.105597548 -0.0557036623 0.110622652 0.00440032408 -0.0995653346 0.0452873781 -0.0781519637 -0.107755102 2.76502105e-05 0.116342977 0.0506709032 0.125618309 -0.0596360378 0.00130452705 0.0918073431 -0.0294669382 0.097061418 0.0223937854 0.0729435012 0.113368772 -0.043023821 -0.0614610948 -0.0905574337 -0.055266466 0.116050966 0.0942377895 0.0129614873 -0.0791595578 -0.00776891084 -0.0825081617 -0.106716953 0.0415285081 -0.0656971857 0.149889931 0.0104993936 0.0665935352 0.0657636896 0.0838740841 -0.0423194058 0.0511215515 -0.0880633146 0.0153505905 0.0283311233 -0.116099432 -0.0777269676 0.0471947305 -0.056593705 0.112845466 0.112074226 -0.118891001 0.0529223867 0.051173646 0.136287883 0.0800814554 0.0574656837 -0.0994694754 -0.0458596759 -0.0333712623 -0.114781111 0.05831917 0.0116024259 0.00788894668 -0.0102023138 0.000337502337 0.000688184518 0.0431683734 0.044988554 -0.0522619858 -0.12865375 0.0850308463 -0.0243299566 0.0157459583 -0.0038218149 0.0953835621 0.0513988212 0.0724599957 0.153053746 -0.0594946966 -0.0308803972 0.0973912254 -0.0240585003 -0.0259695332 0.00320781185 0.0344901718 0.0392167456 -0.12446145 0.133911654 0.00220772903 0.0252845921 -0.116028927 0.0138601447 -0.0418280959 -0.0822761357 -0.136589572 -0.0155139677 -0.0583974011 -0.0362901613 0.0597155802 0.0386071391 0.000331014948 -0.0851778686 0.0984347463 0.0300410613 0.00189713167 0.0310440231 -0.0415413827 -0.0740235373 0.0363224186 -0.0184809491 -0.0378519185 -0.115186147 0.0726265237 -0.140310213 -0.0734921545 0.0846513659 -0.0551398396 -0.0711644888 0.0811013505 0.0792033821 0.0545570105 -0.0474684723 -0.0784377381 -0.04096701 -0.00820711441 0.0686310679 -0.0969583616 -0.0743398219 -0.0839341879 0.0725564435 0.00439550821 -0.1088925 -0.0904853195 0.132715285 -0.149000555 -0.0697320551 0.0113236429 -0.071501188 0.110924363 0.132659718 -0.0101448661 -0.0207088031 0.0400282629 0.030720219 0.0079847062 -0.00443392061 0.0284787789 0.0537519716 0.00733615737 0.0416798443 0.0386787839 0.0306523368 0.101232991 -0.117793843 -0.0502899252 -0.115037277 0.0817210823 0.0625588894 0.0954858363 0.0898485854 -0.0458781272 0.111356176 -0.0360284485 -0.0520502701 0.0219311193 0.119852647 0.00356262503 0.0926364735 -0.0406776555 -0.00930587389 -0.118754998 0.0118296267 -0.118387014 -0.133887693 0.0797140896 -0.0122665912 0.00848153513 0.0527754538 -0.0907966718 -0.00799878407 0.0736576691 0.134647891 0.0859060064 0.0708216205 -0.105187424 0.0339159817 0.0207975265 0.0772708729 0.0854513496 0.0184131674 0.0696740821 0.113470934 0.11454419 0.100813501 -0.101538889 0.104027085 -0.0149319442 0.05139561 0.10403803 -0.0879726708 0.0871935263 -0.0207269378 -0.0479233712 0.0774469003 -0.0446237586 -0.0546492748 -0.0635601655 -0.0782790259 0.0584063008 -0.000363034982 0.0260492358 0.0545211397 -0.00197900715 -0.120738044 -0.0245970022 0.0845991597 0.0950573087 -0.0715531409 -0.0236121938 0.100864023 0.135154769 -0.0723276436 0.024830414 -0.0862564221 -0.128453478 -0.102895968 0.0847255886 -0.102881789 0.109975077 -0.0403957143 -0.0680202618 -0.138018712 0.11702317 0.00976510905 -0.11882221 -0.0970779136 0.0336542428 0.0284570828 0.127669826 -0.0168239027 -0.0592870377 -0.0328939967 -0.0120244008 0.0741918534 -0.0326550715 0.0524364561 0.0304764733 -0.0851057321 -0.049218554 0.0792106539 -0.119529769 -0.0523322001 -0.0160669889 0.0514685214 -0.103887647 0.0517448224 0.0495972112 0.0523238517 0.0878218412 0.038469322 -0.0170654748 -0.0773227587 0.122370727 0.0258900113 -0.0987169668 -0.0246885587 -0.11282181 0.0734556243 -0.11568927 0.0826453045 0.0690818653 -0.10951332 0.0805940554 0.0134170465 0.00422138441 -0.0928352028 0.0725752786 0.0781864822 -0.0182449613 -0.00210144185 0.0524835959 0.0168023631 0.0162316617 -0.024029199 0.118235849 0.0641962364 0.058374092 0.0559461862 -0.011330938 0.126632139 0.129680961 0.106516898 0.119225234 -0.00215723342 0.0390525199 0.00698343525 -0.0397504531 0.0972859412 -0.108149685 -0.0453134328 0.0109879328 0.0792023018 -0.0774396136 0.0435863324 -0.104805931 -0.0102429092 -0.11647702 -0.0191514492 0.0116590336 -0.0115468074 -0.114455819 0.00914955512 -0.12174803 -0.134818271 0.0851494372 0.0534118861 0.110494271 0.0962227583 0.106624417 0.00360503513 -0.117807098 0.0195960123 -0.106382132 -0.0192248374 -0.129649803 -0.12956883 0.0843889117 -0.149255976 -0.0743855536 -0.0976862907 -0.0393818803 0.0579630807 -0.0544252284 0.00462847296 0.0489310883 0.0491770282 0.128842115 0.0318976752 0.0770326853 0.0365652218 -0.0721898377 0.0199142229 0.0276038349 -0.0262329821 0.0856925696 0.0265254155 0.0898249894 -0.00248925504 -0.110128798 0.0205725767 0.0666292161 -0.0611434057 -0.0570628233 -0.107430175 -0.116176568 0.0802151859 -0.0959403142 -0.0381552726 0.0818807483 0.0207596421 -0.0371827409 -0.124065474 -0.0609812252 -0.0480856039 -0.0646655113 -0.0303960517 -0.0546006784 -0.0513573214 -0.0568148531 -0.0920408219 -0.0729237646 -0.0418136567 -0.119730495 0.00531956879 0.00888754986 0.108846702 -0.0720724687 0.128106132 -0.0826203302 0.0125234444 -0.0404264815 0.00109408039 -0.146614596 -0.00988703966 -0.0678026155 -0.106811605 -0.0729791224 0.0190641247 0.135950208 -0.0673580989 0.00896667875 -0.0570821501 0.0429254174 -0.0130936075 -0.0780563056 -0.0565434732 -0.089035593 0.0937621519 0.0974631608 -0.0399753936 0.00253897952 -0.0822770596 0.0560271591 0.00355838053 -0.0137139214 0.0511368811 -0.090469718 0.0823780224 -0.0981465578 0.0301797576 -0.00954392832 0.0612018481 -0.0540181547 -0.0112541988 0.137018532 -0.0417189039 0.0385778248 -0.0714877173 0.0661724657 0.168082863 0.110819817 -0.0480901673 -0.00232871575 0.04556242 0.0157410596 0.0396016054 -0.0670113564 0.108742319 0.0134964352 0.038800817 -0.0656001717 -0.0167029705 -0.0386142246 0.0463391878 0.0244451929 -0.149189994 0.0492805168 0.121049114 -0.00542283058 0.00486128498 -0.0855348408 -0.0402702577 -0.118060291 0.0402532071 -0.0710543245 0.0433860496 0.106291547 0.118021891 0.0608242638 -0.124577172 0.095030576 0.0706902444 -0.0382210277 0.110883042 0.107266471 -0.0176393408 -0.0228613783 -0.140767097 0.127333283 0.00610793987 0.00914221536 -0.0583579615 -0.119418733 0.0389680229 0.0368306115 0.105550632 0.0340565406 0.0939105898 0.0894183591 -0.052451618 -0.0468113236 0.0376056284 -0.0994955078 -0.0481044203 0.100405499 0.0576121695 0.0555648394 0.101873592 0.141669929 -0.111208007 0.0824195743 -0.0491300412 -0.0662501752 0.0533862039 -0.046469219 0.136302203 -0.0780987144 0.126292482 -0.0593940355 -0.0779644176 0.104282126 0.0678174496 0.0931095034 -0.0969380662 -0.0499479771 0.136252239 -0.0337552652 -0.0422775187 -0.000667357817 -0.0612593703 -0.0892543942 -0.0391474105 -0.00142530014 0.00312491297 0.0922904238 0.00348821003 -0.123486623 0.0329936258 0.114012197 0.156003743 0.125741541 -0.0651901439 -0.0930874944 -0.0773205906 -0.0120981894 0.0119405538 -0.116626255 0.0566493161 0.0720189959 -0.0137182241 0.0156951249 -0.00640609022 0.101662233 -0.0482125282 -0.00717762113 0.0299890805 0.0860437155 0.0314061791 0.0150794927 0.0120863253 -0.00451730564 -0.00388883892 0.079210408 0.11905656 0.0677534789 0.0748066306 -0.0672153756 0.0160066076 0.0373140015 0.0258152075 -0.112594187 -0.1000297 0.0940577015 0.110868208 -0.0836503655 -0.0237201843 0.0840604976 -0.0613726936 0.0934941694 0.168057442 -0.0457396284 0.0582795627 0.0781788677 0.0693303794 0.0657283366 0.117703237 0.0416513756 -0.16936101 0.00283520389 0.0575576648 -0.000134179179 0.0242806748 -0.103581205 0.0564859211 0.0056461147 -0.0383062996 -0.112881996 -0.00105121231 -0.128484026 -0.0895033702 0.0579128824 0.109385826 0.0381646901 -0.0270621087 0.0361147597 -0.0518613793 0.02504736 0.0288319737 -0.0335094631 0.123372726 0.0550930202 -0.12171714 0.151428014 -0.0380091146 -0.114332534 -0.0249646865 -0.0274512358 -0.0652877241 0.0696144253 0.0520740859 -0.00464352174 0.0401725285 -0.046273537 0.00961572025 0.110139266 0.0434464365 0.074428156 -0.0700815022 0.0875655338 -0.0183316171 0.107770301 -0.10405919 0.00475425506 0.066700533 -0.114792682 -0.0502941757 0.0718115494 0.0765729621 -0.0567608364 0.0856524631 -0.0586989149 0.118224598 0.0342489593 0.0873064324 -0.0513936989 0.0968847573 -0.0658011734 0.0464129448 0.0138312774 -0.0493178107 -0.000708820124 -0.0782034174 -0.0401216075 0.0975108743 -0.104866453 0.0158541836 0.0143314982 0.0325524956 -0.0120660346 -0.00209405669 -0.0701096803 -0.0344446227 -0.0773246437 -0.107626215 -0.0700634643 -0.130239442 0.037110649 0.0142003205 -0.0894971713 -0.0322195441 0.00274455105 0.0731668398 0.0452316664 -0.00153871952 0.00339082559 -0.105091617 0.0632565618 0.0470950827 0.00121496816 -0.035655167 -0.0897932053 -0.134433553 0.0196109358 -0.0411494933 0.0952945724 -0.00540459761 0.0155249732 -0.0860998631 0.0377608389 -0.0186980888 0.0635605827 -0.135295853 0.00310832984 0.0996840894 -0.0470503531 0.121843241 -0.0193854775 0.086830318 0.118114986 -0.0454866774 -0.056019105 -0.0554593094 0.123777039 -0.0908405855 -0.0856746435 -0.138441578 -0.0912386701 -0.0363177322 0.0637397096 -0.135641441 0.0345287062 0.0304712113 -0.0243077427 -0.0525790341 0.108243197 -0.00838415232 -0.0474080332 -0.0528484024 0.069395192 -0.00224709394 0.118679896 0.0904193148 -0.069775112 -0.0940970331 0.0449495502 0.0215003714 -0.0975999534 0.141724601 -0.0611745305 -0.0512314625 0.0808528736 -0.122187816 -0.0357091948 0.140224233 0.0271067452 0.0527131073 0.0829918385 0.055740837 -0.0924793705 -0.0536751188 -0.0249367785 0.128697515 0.0584758967 -0.090041101 0.0791019276 0.141982675 -0.109253816 0.0782184005 0.0904418454 -0.0324481092 0.146785662 0.0613223612 -0.101526678 -0.0832535997 -0.0743321329 0.0478904434 -0.0672657713 -0.0167236924 0.0122618796 0.0495938584 -0.00756128132 -0.101122424 -0.00229294389 -0.0497408211 -0.0914182737 0.0750451759 0.0698253065 -0.0142012062 -0.0261604041 -0.133260041 -0.0324055366 -0.0898059234 -0.138265371 0.0940442607 0.13575916 -0.0543147922 -0.0440515988 0.0300218761 0.0459814668 0.110212371 -0.111752771 -0.0736832768 0.0577645376 0.00848912168 -0.0591452196 -0.0414492935 -0.052174747 0.0384480618 -0.00450624153 0.0378941856 0.104680955 -0.0491293818 0.0442896634 -0.011560645 0.0263453647 -0.0239271205 0.0219941586 0.0500139035 0.0623462126 0.14845866 0.144877225 0.0176941287 -0.013741767 0.118242525 -0.115352713 0.0450802892 -0.0564348251 0.0700398311 -0.0751278996 0.116349064 0.000433006586 -0.11733304 0.0421724319 -0.0891129449 0.03586163 -0.0293706339 0.070749931 -0.0626794323 -0.0395041406 0.117544129 0.0331019834 -0.0634457096 0.0427216664 -0.0908641443 0.00893719308 -0.0955486894 -0.0806058347 -0.0311375167 0.0536811501 0.0615821257 0.00762365386 0.0790046453 -0.0659292638 0.0227979813 0.110315718 -0.0665958375 -0.0629905313 -0.072695069 -0.14722769 0.083379969 0.0540046841 0.013396549 -0.0351341031 -0.0487842858 -0.00999407936 -0.00666449592 -0.103197522 0.10108082 -0.108648665 0.0934651121 0.0237647034 -0.0716675073 -0.0408047177 0.0993467122 -0.0121524865 0.0211259425 -0.0366285928 -0.0172186866 0.0516514294 0.0587873757 0.106048368 0.106024586 -0.0913016796 0.0241899956 0.0579906367 -0.092569463 0.103947155 -0.0815928504 0.117547885 -0.0426922105 -0.0285213478 -0.136264652 -0.116487019 0.0836630389 -0.0104214074 0.020225266 0.110335536 -0.00369797414 -0.120609075 0.0826363415 -0.0320892073 0.126555398 0.0155044673 0.0775302351 0.0406966209 -0.100511454 0.121941604 -0.134292275 -0.0186864678 0.0445274562 -0.00918960664 0.0518520065 0.135819569 -0.10120374 -0.038584169 -0.00533468416 0.109609574 0.0718941838 -0.0275975782 0.0448995195 0.0408934131 0.0791417062 -0.132738382 -0.0468836315 -0.0357733145 0.0157633126 0.0873693302 -0.0277304742 0.0208446048 0.0461649671 -0.100578003 -0.0632061139 -0.0572839938 -0.0629971027 0.0744459927 0.0118347062 0.113823391 -0.0940302536 0.0669214651 -0.0955088213 -0.04031213 0.0767269284 0.0800023898 0.0202934537 0.0688582733 -0.11593128 0.0851867869 -0.131479591 -0.0383803546 0.0841909274 0.00213794434 0.0096317986 0.112543531 -0.0528902598 -0.0485344678 0.0869438574 -0.0620356947 0.0738466009 -0.089814283 0.000157524089 -0.0225334968 0.023085596 -0.0306943413 0.0650548786 0.113403544 0.110626362 -0.040565677 -0.00174149417 -0.0352771021 0.0305464771 0.0988523737 -0.0566925742 -0.026288677 0.0617007129 0.068178758 0.0119269406 0.10791254 -0.056516856 -0.0471554548 0.045097705 -0.104561336 -0.0305464249 -0.0604221113 0.0241341069 0.11907921 0.123077355 0.0319627784 0.00248554326 -0.0590500496 -0.091343306 -0.0277028158 -0.133011878 0.0190548189 -0.0643238276 -0.0515823849 0.107530162 0.0955734625 0.0687238723 0.0519156381 0.0360530987 -0.0453604683 -0.0683425963 0.0596366785 -0.00263361749 0.0598701499 -0.0860028788 -0.0857257843 -0.0568933599 0.0181839783 0.0529924184 0.0584455766 -0.0566447526 0.0882761478 0.0400379337 -0.0792308971 0.0962483361 -0.0882929787 0.00642988412 -0.12109454 0.0318740234 -0.10423167 0.0808460489 -0.0118743042 -0.0513664037 -0.0333687253 0.101454698 -0.157450348 -0.0704947785 0.0930704698 0.130816028 -0.0268673711 0.120771185 0.0122962464 -0.00415535225 0.129687816 0.00203561014 -0.114247635 -0.000475467561 0.0340184234 -0.0389954075 -0.0740916803 0.104562454 -0.160436526 -0.0675398186 0.053312853 0.085375607 -0.0380981863 -0.058412835 -0.0330204628 0.0724807903 0.043339733 -0.0156737398 0.0496377051 -0.0181986857 -0.0723854154 0.0673110038 0.0902240723 -0.0703702942 -0.112006925 0.0066390112 -0.0923716053 -0.121904358 0.113235004 0.0787162855 0.0250568707 0.0119644739 0.0368606336 -0.166089073 0.0987554863 0.00738014281 -0.105592169 0.174383029 0.104916796 -0.0478723086 0.00844217371 -0.0380772017 -0.0563800484 -0.0456099547 0.0304045957 -0.0926475078 0.129391134 0.0647915825 -0.0924843103 -0.143568709 -0.085487552 -0.0476083234 0.00220632507 0.12182007 0.0484856889 0.018287424 -0.0806297511 -0.0385284647 0.0186378732 -0.0104298061 0.136372566 -0.0326076783 0.0786294937 -0.0359874964 -0.0338410623 -0.0958856791 0.0899235532 0.130173668 0.0284878779 0.0272500422 0.0789006948 -0.0537468642 -0.0243445802 -0.00862777978 -0.0777631775 -0.0222493112 0.0430050604 0.0548646525 -0.0660537258 -0.0336607099 -0.00901000947 0.0804183036 -0.108926356 0.0506938733 -0.0947159082 0.0388523564 0.0387537479 0.121763438 0.127546668 0.0637702569 -0.0835634544 -0.0531212315 -0.033016149 -0.0633840412 -0.118936583 -0.118396603 0.0972545072 -0.0648019165 -0.0998941436 -0.0529871546 -0.0780461356 0.020897679 -0.0958393142 -0.133376777 0.127644777 0.0858640745 0.0316455774 0.043499127 0.0937860236 0.0176249538 -0.099894695 0.0772522539 0.0851400793 0.0634841025 0.0669123232 0.0014528638 -0.0167941358 0.0967527851 -0.00708468119 -0.0304478053 0.00335350726 0.0623170808 0.122843452 -0.0652756467 0.130561635 -0.0870092139 0.111186735 -0.146426603 0.0115854247 -0.0132547775 -0.102361731 -0.137336329 -0.00327240233 -0.0935782567 0.0942695215 0.0775837377 -0.0169809852 0.000106125342 -0.00710525038 -0.0083153788 0.0348315574 0.0326637216 0.0244642366 -0.0338535011 -0.00736002577 -0.0918496475 -0.122696295 -0.0957206115 0.0244338885 -0.122760877 -0.0588408113 -0.10456951 0.0557815433 -0.0254374649 0.00876552332 0.0864723101 -0.0857551396 0.0581281744 0.0971298888 -0.0494912341 -0.0364329591 0.00448686723 -0.10435722 0.0627151653 0.00402367814 0.098390542 -0.0307990909 0.0202634949 0.107678816 -0.0918796957 0.0650770515 0.0508982204 0.0827028453 -0.0347443819 0.129375324 -0.123791188 0.0266216025 0.0687559396 -0.0381268747 0.0354913846 -0.0427997708 0.00123695866 -0.0888084695 0.115355365 0.102862306 0.0487458184 0.065383099 -0.0259763822 0.0671674982 0.0933436751 -0.0923847854 0.135632321 0.0718637481 -0.0893222094 0.0782655105 0.136680201 0.0957206637 0.0789327472 -0.0203326754 -0.0549924001 0.101015009 -0.0898404121 -0.148994431 -0.0270778537 0.0837047622 -0.153960422 -0.0461501591 -0.0116820429 0.0855422318 -0.0260183569 0.122685924 0.032733921 0.0369871184 0.0704516917 -0.10264077 -0.130283117 0.0462555997 -0.1098914 -0.0800132751 -0.0267419498 -0.0615124293 -0.0738791749 0.114585519 -0.0621627942 0.0478156656 0.0251106769 0.0972772241 -0.0426777713 -0.0430706292 -0.0150581161 0.0948972926 -0.0108271372 0.104712702 -0.104096666 -0.065878436 -0.0656936318 -0.0579207391 0.0860240236 -0.0726738498 0.14508754 0.130440146 0.070027791 0.0770616829 0.0336535014 -0.0886654556 -0.0660616606 0.0146415876 0.0316203944 -0.0241278335 -0.058188986 -0.00782437064 -0.0479086787 0.0126991961 -0.0821160451 0.0398383699 -0.0174614023 -0.0627179071 -0.0874099061 -0.077799432 -0.0532082431 0.137159914 0.00185228337 -0.0701166168 -0.142413124 0.0254315231 0.116766781 0.029329896 0.115853414 0.0109073529 -0.112807043 0.0611293055 -0.106638052 -0.0710772425 -0.0102976961 -0.0268164407 -0.029559819 -0.0308765862 -0.107462846 -0.0272400305 0.0454883687 0.0730397925 -0.0972102955 -0.0461616442 0.0679608583 -0.0750556961 -0.0472150221 -0.134124249 0.0918115303 0.0298375115 -0.103138268 0.0949335173 0.0863515884 0.0351502039 0.0312767476 -0.0755834281 0.000346336106 0.0407507084 -0.0163851976 0.0149464533 0.121170029 -0.0172597617 -0.0312329344 0.10157001 -0.150516853 -0.0617501363 0.0139214182 -0.125553057 0.0247010384 0.071270816 -0.11650192 0.0134561043 -0.043447718 -0.0289837923 -0.0846387073 0.0614344142 0.0353665873 0.146346539 -0.054518126 0.100322671 0.00769597339 -0.0482435562 0.0245833881 0.0685542971 -0.0302668624 -0.0896663815 -0.0863556415 -0.00768859731 -0.0180815291 -0.0100094974 0.114483409 0.104178719 0.0621682592 -0.0595375896 -0.0368435532 0.10371349 -0.0283165779 -0.12628454 -0.0956768021 -0.0247774143 0.0204208344 0.0336678475 -0.0777336583 -0.067862615 -0.0531339794 -0.0244544093 -0.00173687935 0.0490138046 -0.0822377354 0.00478326948 0.0384082533 -0.0128921401 0.0197146423 0.0359745584 0.00762041193 0.0387022123 0.0784116089 0.016949445 0.0481727459 0.0192882363 -0.0749140158 -0.0885863528 0.0173501503 0.0238890406 0.150108457 -0.0101905894 -0.0318378806 0.0321543179 -0.113182917 0.039747674 -0.0885488465 0.115686901 -0.172008604 0.0607124269 -0.0177984778 -0.103985772 0.0873947069 -0.090083845 0.00543312076 -0.0482344255 0.00372811593 0.0234392695 -0.0575803369 0.0561487973 -0.0290387087 0.105471954 -0.0399733782 -0.0442106277 0.00202305033 -0.0250478014 -0.141292349 0.148321837 -0.112875767 -0.0294062626 0.0118695423 -0.101228632 -0.0549494587 -0.130689099 0.108564638 0.0628319532 0.122002251 -0.0191733893 0.0590309724 -0.133537024 0.100611597 -0.0479966141 -0.0432532281 -0.0473905616 -0.0734028667 -0.10487406 -0.0657649338 -0.0268100444 0.00217699842 0.114500552 -0.00150766014 0.0496147089 -0.0353355631 0.0473788828 -0.0322573669 -0.0644478649 0.0761831403 0.00526566571 0.119092986 -0.0418484285 -0.0230420176 -0.0660465583 0.0772263333 0.0589013435 0.0635989308 -0.0707629323 0.121881977 -0.0129212178 -0.0091930395 0.0627079234 -0.0472339019 0.0824512392 0.0203928687 -0.0833380446 0.0603883602 0.0217128862 -0.055680979 0.0971955061 -0.0356497318 0.0513284132 -0.11108163 -0.0105591314 0.00423300313 0.00237721461 -0.0449370928 -0.000464590703 0.116479881 0.0761423856 0.0881281868 -0.111140341 0.0829504132 -0.0438737348 -0.0812553912 0.148291156 0.0507958345 0.0733457953 0.0839736462 0.0205608066 0.0629549921 -0.10867928 0.0147058386 0.124218777 0.0637133569 -0.0288549457 0.0116932075 0.09661109 0.0674867555 0.034449283 0.0668861195 0.0671190545 -0.12362431 -0.0392100401 -0.015536326 -0.0589200296 -0.0607076921 -0.064403221 -0.0451875776 0.0113882236 0.139517158 0.127381235 0.111009918 -0.044238586 0.0571788549 0.0758977234 0.0270701516 -0.0899778605 -0.0409254134 0.0579597838 -0.118281655 0.102580205 -0.0823969766 0.0659123361 0.0737014189 0.0434487686 0.0296036024 -0.0916089416 -0.056171272 -0.0471121669 -0.0667667389 -0.00703257602
tensor gate_encoder.0.bias 1 32
-0.0406512283 -0.0464901514 -0.0613312535 0.106391199 0.106465854 -0.0419177674 -0.0938694552 -0.0106853144 -0.00727358507 -0.120663561 -0.0616029128 0.03980349 -0.0973914564 0.0919356868 0.0037416704 -0.11721652 0.0906107351 0.0763971731 -0.0973980129 0.09274102 0.0332818218 0.0596967749 0.0986397564 -0.102102287 0.064916648 0.0300254822 0.0163116399 0.0785003155 -0.135576874 -0.118487962 -0.0763920546 -0.0323422402
tensor objective_value_embedding.weight 2 32
0.142496988 0.437957793 0.147859231 0.714211524 -1.41127634 0.20260109 -1.726246 0.439779788 0.577999055 1.6367228 -0.25731653 -0.0406732298 0.562829018 0.530464053 -0.0850910768 1.00983477 -1.43458426 -0.851665497 1.1657877 -0.586861014 -0.0299845543 0.362467408 0.356561065 -1.2964046 0.210800275 0.412589371 -0.319285989 1.33020234 1.00689578 -0.746762335 0.402405202 -0.96565491 0.691080689 -1.10956657 -0.107462712 -0.379309177 0.824207842 -0.438909411 -0.219712704 0.00361208222 -0.824164629 0.846042573 0.494042784 1.65376616 0.384388208 0.372621536 -0.39716509 -0.612731278 -1.00285375 -0.610234141 1.2077136 0.23462756 -0.16269891 1.19120538 -0.680326283 0.807261467 -1.43655109 -0.405489117 0.691188276 0.0784007683 -1.94560432 -0.31430161 0.0694202036 0.103585258
tensor backtrace_actor.0.weight 32 32
-0.11166314 -0.14600195 -0.0825948045 0.175470263 0.137592599 -0.0158266034 -0.0305871535 0.0334453173 0.142045453 0.00680987071 -0.106303781 -0.046755977 0.05254291 -0.166439831 0.0321689695 -0.0207640752 -0.111808881 -0.188446313 -0.0862723291 -0.0848192871 0.0867298245 0.0103571694 0.0178607143 0.0706850067 -0.165561855 -0.110829271 0.0395429917 0.0758808926 0.0301820282 0.136412397 0.0159949213 -0.0149793066 -0.161767244 -0.122975804 -0.158632204 0.0824417546 -0.0922364593 -0.146889225 0.0897907987 -0.0260212887 -0.128270686 -0.00507199578 0.06004899 -0.0717304721 0.018269673 -0.0173589736 -0.153572679 0.0438193381 -0.0486669503 0.0733367354 -0.131869242 0.16250293 -0.0186069366 -0.0145769035 0.0690070465 0.00654758839 0.0411290005 0.158613533 0.0680635273 -0.00390611542 -0.0887972787 -0.122586153 0.0369409174 0.121420234 0.161802351 0.0138990842 -0.0376752205 -0.016699018 0.0485067181 -0.170442015 -0.0531098992 -0.123834923 0.14615719 -0.170401871 0.016876284 0.00581453042 -0.000748613616 -0.110128 -0.0273342077 0.121088885 -0.05295166 -0.0133295767 0.0569164753 0.115200818 -0.0890034363 0.156543493 0.14608556 -0.0869999826 0.163486555 -0.137187526 -0.150786147 -0.124089539 0.0619181432 -0.14030081 -0.0971066281 -0.00323818182 -0.100707605 -0.0364456475 0.0831694975 0.0889720023 -0.0961572453 -0.114015728 0.0290835556 -0.112709515 -0.00977889542 -0.0393876955 0.0651918426 -0.0710750148 -0.155001521 0.000213793173 0.0572311617 0.136009365 0.0897541866 -0.0906855762 -0.0138665168 -0.00289699668 -0.130242944 -0.0844110399 -0.0545876287 -0.0400122516 -0.0110912696 0.0113521088 0.0118316924 -0.0751218796 -0.0312991664 -0.060473714 -0.073028706 -0.17511116 -0.0203447435 0.022917036 -0.0435409918 -0.135772496 0.171143696 0.0108458009 0.106768139 -0.0549065545 0.0648329183 0.00433673523 -0.0452150032 -0.127875462 0.0314597078 0.104175054 0.0460401885 -0.165278822 0.180716231 0.0869511738 -0.135941729 -0.0166734736 -0.00539011927 -0.0276228208 0.0506242774 0.148537278 -0.0912793577 0.023777917 0.105184399 -0.0966024846 0.061671894 0.000939889811 0.0730408803 -0.159681097 0.0242538694 -0.0562878214 0.165089071 -0.00166906824 0.06225238 -0.0194453597 0.00969587546 -0.0920167044 -0.170639992 0.0347323306 0.143874601 0.149264216 -0.123392679 -0.0677734911 0.140474483 0.149575353 -0.00682190852 0.108402289 0.0839798227 0.128329381 0.0882081315 -0.0695817918 0.148560479 -0.119908497 0.0151929315 -0.0987286717 0.117118791 0.0736002028 -0.107113019 -0.151253119 0.152474925 -0.169648573 -0.161134928 0.0108303782 -0.0819133222 0.141806677 -0.0387632027 0.171919927 -0.00792142097 -0.182372913 -0.0070698061 0.0841417164 -0.0566487387 -0.0317394398 -0.0256730244 0.164310426 0.0911662579 0.0547452718 0.132496476 -0.00164595025 0.0973841548 0.116050906 -0.00740740169 -0.0294275526 -0.150579035 -0.127488419 -0.131422147 0.100470759 0.0671836361 -0.0863868445 -0.105334885 0.133769631 -0.00302779092 0.187930197 -0.0088872239 -0.147584841 -0.131038189 -0.175955787 0.134880394 -0.060836859 0.144600585 -0.080320932 -0.115148991 0.0357490778 0.0246752426 0.174423039 0.116535001 0.0608833656 -0.133754775 -0.0635357499 -0.121685147 -0.0404240116 0.0962910503 0.0114861773 0.0356388353 -0.106939584 -0.0376553386 0.181944221 0.0713766292 -0.138810396 0.105648898 0.036863558 0.0721045882 -0.156080127 0.0413085669 0.1828354 -0.149738282 -0.0447352305 0.116607234 -0.0489824563 0.00426434353 0.041653458 0.116252437 -0.0403179191 0.0257298723 -0.000161592558 -0.115017042 0.17718868 0.0196530111 -0.0367256366 0.130083695 -0.117010199 0.153546378 -0.149397582 0.123693109 0.00135951699 0.0170969926 0.0397432819 -0.0466287769 0.0230944045 0.11257007 0.114040762 -0.00404014299 -0.135499075 -0.108630009 0.139163479 -0.183456957 0.0856883079 -0.115100518 0.051422216 0.150135666 -0.10307806 -0.170230061 -0.129523993 0.0243835784 -0.0717674419 0.155070484 0.0989733264 -0.167032629 0.00262653851 0.0804863796 -0.10514313 0.165532902 -0.0634064823 -0.00931544509 -0.156088844 0.181281343 -0.0892805085 0.0954327285 -0.0272397343 -0.0240764078 -0.0851491541 0.0441732034 -0.101745069 0.0201114882 -0.0990502089 -0.158167019 -0.116112024 -0.0589543097 -0.182577312 -0.166050404 -0.0435539298 -0.128379956 0.143400416 0.0385937318 -0.0632647797 -0.0417976193 -0.0961929336 0.0470593758 0.0446530245 -0.132385403 0.160522401 -0.161604688 0.133718267 0.0829513744 -0.0305495355 -0.00352415675 0.07126683 0.140677243 0.129897833 -0.0192580298 -0.0693346113 0.0210425518 0.109803408 -0.0791814178 -0.0613077953 0.138685644 0.0958417207 -0.0106796706 0.0526128076 0.00768016698 0.12007492 0.105072349 -0.0166129265 0.130680412 -0.0301469527 -0.124935523 -0.0199540164 -0.156214401 0.0355866924 -0.162450597 -0.17085959 0.0996012911 -0.0325267911 0.115637653 0.136284128 -0.156543821 0.0485047139 -0.143886372 -0.0420716517 -0.0479614064 0.162677675 -0.125193223 0.113551669 0.130025253 -0.145481691 0.167908281 0.16812849 0.108957998 -0.0741225705 0.165105715 -0.103025779 -0.106915757 -0.132371634 0.0864952058 -0.0809265599 -0.148774087 -0.0188850015 0.095963113 0.18000634 -0.0882374868 0.0596338362 -0.116287723 0.0250696838 -0.110925265 0.0863314196 0.0917227939 0.0570244715 0.0124804135 -0.0150720393 0.0295827705 -0.18450883 0.0243064575 0.137769625 0.0968831703 0.0610736981 0.094096303 0.0992532149 -0.0743625239 -0.120432533 -0.0900277868 0.16611734 -0.0364395902 0.152864292 -0.117240094 -0.110662773 -0.0620456189 0.103881925 -0.117827408 0.0768051371 -0.0534003526 -0.121153444 0.131299302 0.0251484513 -0.0667357221 0.123594545 0.118010484 -0.00918092392 0.144308031 0.0624823906 0.109204799 -0.0407339819 0.0840818509 0.0838751048 -0.0562427044 -0.0846629739 0.0581437722 0.120578259 0.00310428138 -0.0809031725 -0.033399377 -0.0670391247 -0.082515806 -0.158288866 -0.00694783684 -0.10814669 -0.0392856933 0.0194009654 0.0467989817 0.141381875 -0.158564329 -0.0931290463 0.0918744877 0.0975652114 0.162765622 0.160911977 0.124096572 0.126033887 0.146955445 0.160929248 0.0297941752 0.10463766 0.0934795812 0.0685777292 -0.00499578007 -0.126149297 0.108426146 9.90367698e-05 -0.119454689 0.145753235 0.0421097875 -0.127519578 0.0958394259 0.0514912084 -0.0743901283 0.0853585154 0.00738702854 0.0218629576 -0.191913992 -0.142744407 -0.150131866 0.117583781 -0.113411099 -0.114233233 0.0695167035 -0.167136475 0.107838489 0.0683720633 0.108893983 0.132968768 -0.0597401299 -0.0141276345 0.128371119 0.129532993 0.142880812 0.0377697051 -0.0441208892 -0.052987542 0.0863548294 0.0452774763 0.00429360289 -0.03269675 -0.163051486 -0.0630258471 -0.120924689 0.169734731 -0.0964719057 0.0291613489 -0.0421703123 0.0814201683 -0.148598298 0.128925353 -0.135124087 0.127875939 0.048277624 -0.145642415 0.161160842 0.153352931 0.0487382114 -0.147384122 -0.0525416732 0.056979768 0.0476794355 0.0653133765 0.0988783762 -0.0814835504 0.0615983754 0.112040281 0.167022422 -0.130008966 0.0944987312 -0.167985931 -0.00654321304 0.108822487 -0.0959366262 0.154928669 0.0433603041 -0.147337809 0.0097500151 -0.0944197848 -0.164374724 0.157567546 0.091772072 -0.0273862816 -0.0131926341 0.139632225 0.0594428182 0.146317422 -0.132836252 0.0908858329 0.12095812 -0.145354524 -0.172853559 0.169707507 -0.0781089216 -0.119175099 -0.0128078749 -0.108617276 -0.00939937867 0.158401459 0.161902487 0.00816391036 -0.117539935 0.0834630132 0.0583446473 0.0185776912 -0.134460792 -0.0985949486 -0.0624741092 0.118061297 -0.114684545 -0.175444677 0.141989708 0.123412617 -0.00346136861 0.053936813 -0.172203779 -0.0229010209 -0.167311952 -0.108417615 -0.0226174463 0.0526931249 0.16024898 -0.0762402341 -0.0685648322 -0.0527444221 0.0909251794 0.0267899241 -0.150904551 0.0739987716 -0.141440988 0.0106038637 -0.00983568653 -0.171646073 -0.0216436535 -0.0741803944 0.0623996072 0.115059309 -0.129530132 0.104706727 0.136080146 -0.04827483 -0.114711359 0.0981377587 -0.162124097 -0.165890411 -0.00878585316 0.107952043 -0.146529377 0.171111733 -0.177756444 -0.0533299781 0.0139218336 -0.00877371151 -0.143078864 0.0122096231 0.132680088 0.00356937107 -0.123182379 -0.0348241106 0.0244733654 0.0326061472 -0.121300846 -0.00388587196 0.138785601 0.0288067609 -0.0650469959 -0.050590124 -0.165916726 0.154979885 -0.00106391846 -0.0791319236 0.137618124 -0.0643831044 -0.0467877313 -0.171841085 -0.0785002261 0.158988073 -0.0943550915 0.0203946587 -0.0843157992 0.0918003693 0.184356049 -0.00221312349 -0.162332669 -0.13563928 -0.122168489 0.188215196 0.180615366 0.020220805 0.128192708 -0.057903979 0.00831681024 0.0242797043 0.0157154929 -0.137174457 -0.0669989064 0.00870202016 0.103976011 0.126449168 0.110860787 -0.0279304069 -0.151309565 -0.145630404 -0.100288853 0.0585987046 0.0314245634 0.134713545 0.172502711 0.170859396 0.115674138 0.161415115 -0.0620798729 0.0550187156 0.0797238424 -0.0264171176 0.029897498 -0.105489001 0.051158756 -0.115671366 -0.100438893 -0.0207002461 -0.0064922357 -0.0517215468 0.0334861577 0.162257507 -0.0194099527 -0.0569648221 -0.11908102 -0.0772952214 -0.122231208 0.0933396891 0.142588764 -0.0687541142 -0.0104493191 0.164977029 -0.102655053 0.10940893 0.148037866 -0.0687051639 -0.167251602 -0.0490055867 0.158736542 0.0810092837 0.0747157037 -0.000241583417 -0.170493066 -0.146004051 -0.0312992446 0.114027441 0.0671175197 0.0504231118 -0.0236278567 -0.00113681436 -0.0843642503 -0.0830787271 0.125442117 0.114065595 -0.122563563 -0.00520276092 -0.00315358071 0.179111704 0.0678384304 0.0551792756 -0.068735674 0.121727407 -0.177957267 -0.0209348667 0.0698163807 -0.0211821087 0.110860124 -0.132850394 -0.135850981 0.111731507 -0.114353903 0.0346627645 0.0855895579 -0.0593869314 0.0533259995 0.193239763 0.0510799885 -0.0949008614 -0.146306828 -0.144184709 0.171956152 0.12798056 0.0398046412 0.0692987218 -0.096469447 -0.0210648049 0.0760139227 0.0518547557 0.133478612 0.088178359 0.143784508 0.160822093 -0.0380294509 0.0614185892 -0.155369282 -0.161718994 -0.162558049 0.181144744 -0.112649158 0.073810786 0.0126358513 -0.181488201 0.0878171846 0.111259587 -0.00608640723 -0.114200689 -0.073591955 -0.0394174904 -0.122413985 0.11195077 0.0402777717 0.0348288044 -0.113695286 -0.0545116179 0.146603256 0.0824975222 0.173017427 -0.16815044 -0.0197647139 -0.0671939179 0.00683423551 -0.0736779273 0.0255835392 0.0684461966 -0.0647875816 0.0498384237 -0.0988984182 -0.148212403 0.0268576685 0.136966661 -0.0674349591 0.170369118 -0.0742062256 0.0193871427 -0.053925842 -0.0339834206 -0.162916154 0.15835005 -0.0429488719 -0.0349901393 0.045442 0.0591937527 -0.0931699947 -0.0681345463 0.113017507 0.138194889 -0.00390389818 -0.0853790119 0.120157182 0.115865804 -0.153951317 -0.157702088 -0.105006658 -0.027345242 -0.174747109 -0.0207887851 0.105809569 0.122367769 -0.0192643777 0.177829564 -0.0245658066 0.0367368497 0.110506855 0.00961800013 0.0857618004 -0.104609117 0.0573156551 0.0338041484 -0.157550678 0.158808023 0.148292005 0.0662037358 -0.082235381 -0.148815572 -0.150020584 -0.0418207459 0.0394648202 -0.184537753 0.037486963 -0.131035745 -0.0893056318 0.0080258688 -0.108181983 -0.0807981268 0.0688391849 0.1348674 -0.0245625712 0.0635326579 0.060313385 -0.11946892 -0.0841306597 -0.0231077634 0.07391195 0.0533762202 -0.137636781 -0.0260664765 0.0514807776 0.104637921 0.151464641 -0.0784740746 0.0106880143 0.0817192867 0.00482505467 0.0472950339 -0.177480564 -0.0349800698 0.0605413951 -0.0379194655 -0.158734113 -0.162611246 -0.00560257258 0.130324572 0.121332668 -0.0807466581 -0.0476186089 -0.0161697622 -0.110526614 0.156321719 -0.159889027 0.0182862096 0.177809313 0.115984216 -0.0384330824 0.098161377 0.149565443 -0.140428945 0.140736103 0.104809217 -0.0558898896 0.101844937 0.127101541 0.0389296561 0.062388245 -0.0572736263 0.120459117 -0.0531311408 -0.0122466777 0.171296254 0.132959887 0.0946471095 0.0254584625 -0.0898339525 0.153618962 -0.169475406 -0.0732776001 -0.0398162976 -0.0713463053 -0.0758046955 -0.0255665593 -0.0845158324 -0.0660621822 -0.115541548 0.160374284 -0.120121002 -0.0926765651 -0.0407130234 0.118015803 -0.160752207 -0.0675723851 -0.0407561809 -0.12702927 -0.101762034 0.0938111171 -0.0156377777 0.0284729972 -0.153604716 -0.0536806732 0.116110243 -0.0668959841 -0.0104933409 0.0989271253 -0.061181955 -0.0167914201 -0.148454502 -0.0654121488 0.109754242 -0.065287523 0.0933974907 -0.118304238 -0.138175935 0.0954671428 0.150193557 0.0491930433 0.146175131 0.0655697435 -0.0275199339 0.118095323 -0.0225010086 -0.0320473462 -0.0489516743 0.0754985288 -0.108033143 -0.0980148911 -0.0516217984 -0.140388414 0.0219152458 -0.0351464637 -0.0146614909 0.00971533079 0.00269476627 0.0586162135 -0.164608583 0.172473431 0.127028286 0.0169050116 -0.145739958 -0.0111645786 0.171124905 0.0870314389 0.133111969 0.121697068 -0.0913663581 -0.0475363657 0.011526525 0.0334299728 -0.14419207 0.0955262408 -0.155130506 0.152197495 -0.173472315 -0.0992358997 -0.115212083 -0.0430537648 0.148178503 0.106143385 0.00674954662 0.100727148 0.115763582 0.0141926799 0.00200469722 -0.0966765732 0.0305500273 -0.0479181595 0.140611291 -0.0114987511 -0.00395760918 0.0621386878 -0.1357041 0.100832023 -0.139629453 0.134776667 -0.12939252 -0.129210874 -0.115315124 0.0860245302 -0.112067446 -0.0810490698 0.159236386 -0.125196308 0.00865332782 0.0443138406 0.164302334 -0.0656956434 -0.164118499 -0.0726542398 0.104542002 -0.131174609 0.158967882 0.0510769002 0.0910012871
tensor backtrace_actor.0.bias 1 32
-0.0823900327 0.150829226 0.0541464835 -0.124170378 -0.0356348902 0.0644069761 -0.103044637 0.124765567 -0.0869072974 -0.135792702 -0.0647517368 -0.0396826193 0.0848100558 0.114714131 -0.0193074867 0.131299108 -0.139591873 0.150629595 0.0709260702 0.148671031 -0.16122368 -0.150397465 -0.0925667807 0.109850772 0.0849074572 0.152819723 -0.0502814241 -0.0980555788 0.164106086 -0.0953311026 0.123349592 0.108976774
tensor backtrace_actor.2.weight 2 32
0.133157581 -0.120294802 -0.128160745 -0.133485705 0.127340496 0.0882053524 0.133511916 0.0580162778 0.0378960148 -0.0548624843 -0.0770125762 0.00396255264 -0.0622789264 0.141162559 0.00591198169 -0.152240172 0.111689791 0.054638207 -0.0327301174 -0.0370301008 -0.140567735 0.119962126 0.00786902569 0.108820759 0.103012472 -0.130523771 0.0143287964 -0.0509590134 -0.148201033 -0.158015415 -0.107290313 -0.020611953 0.138353452 0.164795041 -0.157910675 0.0973254368 -0.103563339 0.0723841041 -0.0174122918 -0.050645642 -0.0665694848 0.147478327 -0.167003855 0.184158102 0.0569057576 0.133776799 -0.160622373 0.050616309 0.0790387914 0.0204334799 0.0600509495 -0.15089494 0.165392071 0.029004585 -0.130556673 0.153725058 0.138202265 -0.151148781 -0.073809661 -0.0308598801 -0.0596012771 -0.140137434 0.0872630998 0.00719659869
tensor backtrace_actor.2.bias 1 2
0.09295398 -0.0449609198
end
