SMARTATPG_ACTOR_V2
embedding_dim 64
hidden_dim 32
tensor gate_encoder.0.weight 32 64
-0.0849230513 0.13143155 0.377696872 -0.303999305 -0.513570786 -0.139648944 -0.224463731 -0.170287341 0.383002669 -0.27207613 0.257784128 -0.044877138 -0.00568510033 0.262425125 -0.199382275 -0.0499893315 0.165729493 0.206332609 -0.382654458 0.0163384043 -0.305684596 0.0218559857 -0.177802578 -0.240347534 -0.134005576 0.144251943 0.0299691856 -0.0527108386 -0.369238198 0.0852760151 0.239095062 -0.0266220253 -0.0107931467 0.406543702 -0.281457901 0.0671021715 0.0302834865 0.0456175096 -0.438697278 -0.00871338882 0.296116829 -0.141577035 0.0040352908 0.0479442105 -0.107745394 -0.220412657 -0.268286854 0.176726386 -0.171193987 0.091832757 -0.129461989 0.310096383 -0.381208867 -0.0202365834 0.083056055 -0.222920105 0.361617357 0.294918537 0.256320626 -0.165125489 0.184949115 0.0499291345 0.21273315 -0.131828323 -0.0290288031 -0.20603928 -0.13591367 -0.216122866 0.196992099 0.098383382 -0.0449313708 -0.00110165461 -0.0140725486 0.099204585 -0.107682236 -0.0101934886 -0.199724674 -0.188551784 -0.0667442903 -0.0126311127 0.0045804535 -0.0945382938 -0.0199849624 -0.263190627 0.12554878 0.0884998366 0.0208280999 0.0128784468 -0.141753241 -0.173465744 0.0313244425 -0.0954951122 0.110463522 0.108918294 -0.0497344881 0.251795262 0.190526888 -0.177208111 0.0415130146 0.0437171943 0.0795031488 -0.185239732 0.335626394 0.0996668637 -0.172289953 -0.196162999 -0.144995436 -0.0284524318 0.20562996 0.302923888 -0.0779866278 -0.016088834 -0.00993195456 -0.0283869188 0.111276731 0.00705829402 -0.0509068854 0.178409159 0.0701443106 -0.0352166519 -0.0156945959 -0.0614661872 0.119224355 0.180535436 0.143984795 -0.00303181726 0.173205972 0.0459479839 0.0349772759 -0.0751520693 -0.367982626 0.163910732 0.296853334 0.141300648 0.202360108 0.0976200178 -0.409526706 0.276101738 -0.191410959 -0.0353904217 0.104076453 -0.323005229 0.130828306 0.0530512072 -0.0189027078 -0.139956087 0.430777669 0.0194618497 0.249113217 0.101807825 0.305728108 0.14568308 0.232362673 -0.211432904 0.105972432 0.0138259437 0.377320439 -0.310896903 -0.184925005 -0.0636565238 0.0938702747 -0.309303999 0.0956226215 -0.112474643 -0.00502027106 0.0199509449 0.278853595 0.119051196 -0.155229285 0.287917823 -0.251265198 -0.243802577 0.0711605847 0.140448138 0.277759939 0.0236013196 0.0500089675 0.0085933134 0.28740111 -0.305470794 0.452855855 0.00815605838 -0.101874374 0.101526789 -0.329388022 -0.261917323 -0.116538249 0.165374964 -0.19168067 0.0455430374 -0.176533625 0.152338266 0.167756021 -0.0985332727 -0.26458165 0.155794427 0.508901179 0.272469878 0.373543859 -0.0106439218 -0.268015951 0.355442047 -0.137494311 -0.0387206897 0.0805855393 -0.312608778 0.221999168 -0.0212518908 0.173618942 -0.0626283512 0.288202614 -0.0081265308 0.255503088 -0.025909109 0.315020055 0.192630246 0.348519534 -0.308668017 0.0233941488 -0.116671138 0.203918412 -0.244535327 -0.09683761 -0.0714362487 0.199556991 -0.411920756 0.270051986 -0.123462901 -0.0641110837 0.0534556806 0.299041331 0.0435932651 -0.29699567 0.319425285 -0.147408739 -0.136260137 0.0138801411 0.105913892 0.176769808 -0.163878858 0.122550771 0.0582134277 0.360069454 -0.353085607 0.477909148 0.0452181138 -0.222416729 0.069223918 -0.363856852 -0.29152602 -0.127952442 0.333234549 -0.241164476 0.17886132 -0.0126302876 0.238943532 -0.148098499 0.165362328 0.214893267 -0.13802366 -0.163499147 -0.0765491724 -0.11650563 -0.135074496 0.29328528 -0.0552184395 0.0887348503 -0.104715817 0.0585093759 0.078509517 0.0857488438 -0.146142721 -0.0912768021 -0.0145501522 -0.187890336 -0.0630718023 -0.113646135 -0.100699306 -0.354473203 -0.0198004246 -0.302553207 0.126678541 0.0690440759 -0.190576524 -0.286075532 0.225802243 0.208193496 0.220936552 0.050815478 0.322221965 -0.119312584 0.321691006 -0.0569739826 0.0102452096 -0.0908704251 -0.0301389322 -0.0305563658 -0.131144598 0.101142369 0.113910533 -0.129319623 -0.0939178467 -0.25888136 0.11972402 -0.0561855435 -0.162831306 -0.087245129 0.228771478 -0.250322074 -0.154471084 0.0851552337 -0.0874768496 0.114015147 -0.0265382957 0.133974984 -0.228592768 0.206638217 -0.121749714 0.239811599 -0.0431477614 0.0544837862 -0.0930591598 0.146719664 -0.0806414485 -0.104504183 -0.00690370426 -0.0820929259 0.0327433534 0.119129881 -0.015383021 -0.0219690297 0.200483784 -0.168823168 0.15140152 -0.199457288 0.0294270255 0.114573427 0.140301466 -0.274156988 -0.179408103 -0.0883581862 0.0214242525 -0.217608437 -0.0601977333 -0.264139444 0.117018797 -0.0405433364 0.0497569293 -0.124191105 0.1859999 0.164414987 0.0678477213 -0.0744354576 0.187367469 -0.211072877 0.0454685874 -0.0754448101 0.0906428471 -0.111323394 -0.00357375829 -0.0415854268 -0.199863017 0.0972657949 -0.0211399142 0.0737131685 0.0685110912 -0.27089569 -0.0544889979 0.0997974053 0.0899808854 0.0186883789 0.337432891 -0.059191294 0.00213487423 0.0702538267 -0.14559941 0.342572659 0.186794132 0.324350655 -0.0824044943 0.212143257 -0.0905953348 0.216314077 -0.0854696408 -0.171660215 0.184901506 0.20937708 -0.0325133502 -0.206787184 -0.115489863 -0.124388881 0.0809417143 0.257958829 -0.211142108 0.0661253184 0.122366257 0.129195988 0.179315165 0.0588417761 -0.0773629025 -0.141198188 0.0648785233 -0.246716917 0.0102707818 -0.226627886 0.00221618358 -0.233912334 -0.1487277 -0.0878174827 0.254308492 -0.0451772101 -0.123853743 -0.101577163 0.272739112 0.0832532644 -0.00360850827 -0.1349594 0.162997246 -0.241110757 0.0587840974 0.106136002 0.0235521924 -0.175318182 -0.117580041 0.223457679 -0.0085982373 0.203059703 0.147822917 -0.0287803449 -0.184993967 -0.088042371 0.031028429 -0.100213714 -0.153419733 -0.10256198 0.162406117 -0.326842517 0.0123169245 0.167105213 -0.0194753204 0.0186269823 0.102266982 0.201452255 -0.128138557 0.127567336 0.00329345884 0.326616764 -0.0580881573 0.0437970832 -0.0157437231 -0.137568057 0.090322718 0.113383606 -0.0658512861 0.127858683 0.143374041 -0.154956236 0.00967004616 0.0549637787 -0.0679983124 -0.0793183073 0.125872925 0.0659784153 0.0847005546 -0.0830065534 0.175498381 0.102912664 0.0672115535 0.0749501735 0.069318518 0.141810358 -0.0936346948 0.0630493015 -0.100538038 -0.0429263823 0.20535183 0.170563325 -0.182574257 -0.0153084369 -0.12809141 0.0357952788 -0.0927534774 0.192276284 -0.0619586818 0.0871792436 -0.0795489475 -0.0979475603 0.188768759 0.0954397544 0.0735047236 -0.184346765 0.151960969 -0.179800808 -0.0173066519 0.142975867 -0.0905052796 -0.123339005 0.00291972165 -0.221027642 -0.143780813 0.121382773 0.0324028097 0.0517922603 0.0127040315 -0.117146797 0.0210407078 -0.0882454216 0.150433362 -0.115806133 0.0751568973 -0.216015965 0.00296848058 -0.00539696077 -0.12566717 0.0666313395 -0.217527345 -0.113583639 0.0287302528 0.00577303441 0.0327616893 0.0694690868 -0.0178620294 0.12181218 -0.0132385632 -0.164911062 0.00426851166 -0.265399098 -0.188375622 0.0298585761 0.029990226 -0.329331368 -0.219874248 -0.00799371395 0.100084491 -0.141425401 -0.130343288 -0.177536681 0.0350760818 -0.106279545 0.00461663539 -0.250808567 0.232971624 0.291808188 -0.0397501774 0.0714809895 -0.055301737 -0.0982243717 0.186024576 0.00480349688 0.0145176901 -0.0895984843 -0.0301256869 -0.0741259381 -0.213236883 -0.0539062954 0.124295741 0.0990598649 0.182841495 -0.172708511 -0.0973653644 0.0714576989 0.118449226 -0.177670375 0.195474103 -0.051717978 0.131445423 0.0809734911 -0.133931547 0.0765204728 0.0374539569 0.136653036 0.122808121 0.303820819 0.0411450379 0.0578295998 0.0246074405 0.0610266253 0.0076501416 0.243573934 -0.293105811 -0.17125541 0.0359429941 -0.301311284 -0.0675656646 0.276767194 -0.113873519 0.185485467 0.157586843 -0.0362204984 0.0244168937 -0.0930256844 -0.255374789 -0.22080937 0.133629277 -0.413742959 0.0519705117 -0.209963784 0.0719670281 -0.28773275 -0.124634966 -0.291731656 0.139872178 -0.220370963 -0.011708064 -0.191185415 0.140076682 0.21327655 0.208734736 -0.0459306762 0.274156034 -0.0902171358 0.128352121 0.101232663 -0.010903242 0.0534083806 0.105929159 0.0810630545 -0.336391509 0.0618125238 0.0488853157 -0.126191035 0.0605888702 -0.470705092 -0.049661126 -0.0518658459 0.0614678711 -0.0762779936 0.351436138 -0.233433083 -0.0421438701 0.0481406897 -0.188881785 0.214510307 0.166300952 0.277896047 -0.0101081477 0.343498707 -0.039985463 0.19615154 -0.126353323 0.0267969668 0.0347203314 -0.185395643 0.252657384 0.279701173 0.123765483 0.271496743 -0.103095144 -0.180290014 0.112491585 -0.0886313841 -0.182307959 0.0546318181 -0.158721581 0.0202018805 -0.0335464701 0.0118884966 -0.189253315 0.340357304 0.19033742 0.296769917 0.022853164 0.193281978 0.266996861 0.287148029 -0.158168063 0.134180501 -0.0209137239 0.196146756 -0.210924551 -0.220637932 -0.135339811 -0.0490488894 -0.0681136921 0.0533772856 -0.26979652 0.0155938966 -0.0509134568 0.102099121 0.0796712786 0.0237921961 0.275135398 -0.17972143 -0.198981315 -0.0159654152 0.00685126381 0.469104618 -0.156813636 -0.0616255961 -0.0719700679 0.145437211 -0.284642339 0.168440536 -0.0596922822 -0.00939624012 0.0761766657 -0.332997769 -0.185434178 -0.303889394 0.256638736 -0.195126325 0.108635388 -0.203358397 0.128926724 -0.0673479289 0.207730815 0.347353637 -0.249308124 -0.312390089 -0.107635319 -0.316450566 -0.0205388758 0.421027631 -0.113716349 0.0405139402 -0.0129365819 -0.0819419622 0.306809306 0.0221198592 -0.121474721 -0.0689914301 0.0369300917 -0.145458102 -0.00221178844 -0.317802429 0.0315843001 -0.285002977 -0.194795892 -0.202787191 0.194195479 -0.0338803455 -0.19001919 -0.238688663 0.112366609 0.087623626 0.207221687 -0.0386031345 0.460741311 -0.267755747 0.156049669 -0.110795774 0.116903916 -0.140465394 0.040313419 0.215062127 -0.252812594 0.231135204 0.0414009579 0.0227287877 -0.123038687 -0.38128829 0.0981371254 -0.0681045279 0.149854064 -0.0372134112 0.142114267 -0.27634111 -0.0964097679 0.190209404 -0.142620951 0.160669923 0.277587175 0.271449655 -0.330785573 0.263831794 -0.167237595 -0.135301366 -0.271418035 -0.142473653 0.162988394 0.304968864 -0.355951011 -0.346779883 -0.128931165 -0.423217595 -0.0758672357 0.510137737 -0.108053967 0.145076334 0.105748117 -0.00908598863 0.384086967 -0.211431473 -0.103974082 -0.161361441 0.0613079965 -0.55785656 -0.0971439257 -0.423482686 0.102323644 -0.375590116 -0.310923338 -0.480269551 0.354012787 -0.184690714 -0.0742379054 -0.400802881 0.336662591 0.265815705 0.113295674 -0.0958378986 0.241545156 -0.317323655 0.234746531 0.233436629 -0.0457577072 -0.22145395 0.0972132161 0.0818018615 -0.374052435 0.271723747 0.0430259742 -0.0672581121 -0.125496551 -0.35724473 -0.102849804 -0.127470925 0.108222172 -0.212790564 0.419671446 -0.404666781 0.025954131 0.181850672 -0.191066146 0.344147682 0.153140202 0.214531809 -0.352126867 0.39222309 -0.269600481 0.161385104 -0.122917421 -0.115685709 0.192283601 0.273647457 -0.30488342 -0.410755813 -0.100276388 -0.218958274 -0.0933695883 0.40299505 -0.0907906443 0.129313782 0.067025505 -0.0708786622 0.274757564 -0.0624480732 -0.0628708825 0.0039429157 0.120106608 -0.288805991 0.0215808954 -0.19055441 0.0300726742 -0.361638218 -0.205232516 -0.238571152 0.16250889 -0.00401391461 -0.144785792 -0.328064591 0.27494064 0.327468514 0.0335083529 -0.0026254484 0.187485904 -0.267557442 0.0913235843 -0.0139069622 0.0136944018 -0.230689958 -0.0975297615 0.0937186107 -0.328257501 0.0224535614 0.158971637 0.0242275335 0.0522260629 -0.381722152 0.122092381 -0.0520589724 -0.077472046 -0.0539760441 0.204792202 -0.37592569 -0.142124161 0.0829454884 -0.192028642 0.175545648 0.1139924 0.1798134 -0.225062966 0.405176163 -0.139181569 0.0474771224 -0.0798268244 -0.0159650277 0.205817804 0.270779818 -0.180105984 -0.299017161 -0.256740361 -0.169664875 0.0490669757 0.181595877 -0.0827321857 0.200188577 0.193211854 -0.101026013 0.17584911 -0.142291501 0.039019201 -0.148372829 0.0829730853 -0.435327768 -0.221122131 -0.131829664 -0.0412662476 -0.18284893 -0.111906484 -0.21736674 0.139012903 -0.270518273 0.0281869154 -0.313575059 0.221709311 0.0703297481 -0.0313611701 -0.185857445 0.171850428 -0.272981197 0.000683426741 0.0330924876 -0.0664431378 -0.314362019 -0.00873961765 0.331679732 -0.300085485 0.241389036 0.0867418647 -0.106336266 -0.162837014 -0.246286869 -0.0704333484 -0.132704079 -0.0890042707 -0.379945576 0.176902503 -0.3546592 0.146315917 0.121407658 -0.125116795 0.197279021 0.330574453 0.136735916 -0.275239468 0.200008795 -0.140812978 0.266813815 -0.0997134671 -0.041348014 -0.0291190613 -0.0476567857 -0.176351592 -0.138240919 -0.0670920685 -0.112964243 -0.0672515035 0.302288771 -0.0927650705 0.0412759297 0.0152313858 0.0069312132 -0.0439233556 -0.105203465 0.0178095624 -0.120358892 0.121748246 -0.381648183 0.0136389378 0.00922759157 0.185650855 -0.312960118 -0.112689868 -0.14637588 0.0715731829 -0.0795259923 -0.0386046022 -0.0663979873 0.295619667 0.253062993 0.124158837 -0.0316420421 -0.01270606 -0.0959437042 0.221592531 -0.06808386 0.00175582699 0.119765379 0.0205017384 -0.0291184857 -0.258401424 0.0259754714 -0.0405982174 -0.00105800061 0.0215612259 -0.354150206 0.104633823 0.192389488 0.0894866362 -0.165864006 0.335932314 -0.147592261 -0.0212552361 0.188928872 -0.0634781048 0.180544749 0.0971686319 0.0762822926 0.0841980502 0.318377793 -0.0775829628 0.0752680451 -0.134677976 -0.0109461006 0.0849181339 0.226744756 -0.106661737 -0.0127967512 0.0463222936 -0.189270675 -0.131498575 0.276265413 -0.220138267 0.0362448059 0.133657381 0.0637015402 0.016813226 0.0669518113 0.103819914 -0.0556175895 0.146406755 -0.296385139 -0.230726138 -0.154858664 -0.203929797 -0.0573936962 -0.132713795 -0.0332254097 0.0990352258 -0.112402335 0.0300584715 -0.181422859 0.289289981 0.0326032266 0.0300541967 0.0932595804 0.0466888659 -0.210730478 0.182388186 -0.0207085572 -0.15571174 -0.126233816 -0.0166621655 -0.0191623457 -0.0447414853 0.13222307 -0.0725313574 0.119987018 0.129622474 -0.1260546 0.177752286 0.00649731327 -0.163753599 0.00140242826 0.209453747 -0.140510246 -0.148887783 0.197354168 -0.0409436822 0.136798382 0.0818618909 0.174214229 -0.00263553229 0.232997328 -0.135054111 0.218441725 0.0147757949 0.0898632854 -0.0275077838 -0.23888284 0.29261747 0.399892837 0.152566671 0.381037563 -0.0116845667 -0.225262418 0.0555785932 -0.171619937 0.0343873017 0.122433364 -0.358049482 0.022407515 0.125780821 0.250604779 -0.201131985 0.341813982 0.144579753 0.163351238 -0.0683237836 0.382112235 0.135059565 0.364899725 -0.0538377799 0.160429686 0.00239725551 0.334475219 -0.192675367 -0.309198052 -0.0625170246 0.0779297203 -0.275155574 0.203298807 -0.201204851 0.0253255311 -0.130789757 0.269010663 -0.0633738562 -0.137741029 0.090825364 -0.178216755 -0.0119037367 0.279313564 0.126908064 0.267998636 -0.0664467588 0.100958422 0.0200888496 0.310261399 -0.26126495 0.514676929 0.0586677715 -0.292160302 0.366395354 -0.293613911 -0.358631253 -0.165002152 0.164488018 -0.268437833 0.122022308 -0.095575206 0.156446874 0.0502513498 -0.234597236 -0.181252375 0.0751897171 0.172012538 0.280228764 -0.0129955551 0.145014539 -0.00265165302 0.247555941 -0.285328686 0.144238308 0.0080299098 -0.320532739 -0.0392496213 -0.0152881555 -0.0460845791 -0.329466581 0.291075408 0.102528155 0.269107163 0.139031976 0.0570157319 0.0772476718 0.105403274 -0.248203874 0.0126653612 -0.0071893651 0.188897893 -0.0667565763 -0.0632239431 0.0667805672 0.363070965 -0.276076466 0.0759077147 0.0744465217 -0.12734963 -0.180720538 0.361389458 0.0152320853 -0.276109993 -0.144264027 -0.213669941 -0.119829915 -0.0385272242 0.140568078 -0.0274488442 -0.286164194 0.0806858763 0.141396135 0.209687486 0.0102321114 0.0974520966 0.0617812835 -0.291649878 0.138958201 -0.116039798 -0.276144117 -0.055398345 0.0757570267 -0.252526075 0.0464982577 -0.223463863 0.17108807 0.0968197957 -0.068614617 -0.309273273 0.419713527 0.286972851 0.268497825 0.117593542 0.0112687377 -0.213375941 0.124400429 -0.0545831583 -0.11116378 0.128871545 -0.142075047 0.0249308627 0.0704462603 0.0933311135 -0.0872470662 0.371114165 0.0908099338 0.165354535 -0.0873925909 0.261187315 0.270628124 0.178829998 -0.180939391 0.176713198 -0.0568164177 0.247829929 -0.263805807 -0.240435168 -0.165223822 0.0870745406 -0.0905407295 0.24662222 -0.126353636 -0.111850351 -0.0701565892 0.124774918 0.0995091945 -0.117560774 0.147668466 -0.059591908 -0.254204839 0.02689467 0.0955330506 0.284613699 -0.112788267 0.233423427 0.120257452 0.280576527 -0.226349071 0.47703293 -0.0589857027 -0.295309901 0.251404673 -0.166383386 -0.188971654 -0.315184742 0.262565196 -0.233313978 0.0073872162 -0.0706209838 0.274582237 -0.0103078242 -0.00285948231 -0.245570689 0.230195418 0.303683937 0.149958223 0.347509563 -0.0168970004 -0.386999279 0.201797634 -0.144904643 -0.0958092064 -0.0316144899 -0.259774685 0.13071689 -0.0234953742 0.0861640573 -0.140860409 0.4757725 0.128379777 0.219037294 0.0284954328 0.223819926 0.115841471 0.390146464 -0.111819573 0.0779671073 -0.0647128448 0.354641467 -0.211471453 -0.0891880319 -0.118267402 0.0390922427 -0.247052372 0.262084752 -0.22694388 -0.105124101 -0.0790389776 0.381483406 -0.0433139019 -0.14253144 0.3307105 -0.229864821 -0.110848337 0.063655436 0.113184683 0.380817235 -0.0687132776 0.157428429 0.0539667048 0.313377529 -0.148926079 0.414188176 -0.00355914398 -0.127550289 0.158388495 -0.322877973 -0.343500346 -0.167675331 0.155519247 -0.246235177 0.0995374396 -0.277606785 0.221623927 -0.149397418 0.17415753 0.232414737 -0.13533622 -0.390734464 -0.0834552199 -0.175490588 -0.0698968768 0.353079051 -0.100471668 0.0522604845 0.0372298323 -0.0735221431 -0.001201657 -0.0898431689 -0.0163959321 0.0023164195 0.149478406 -0.316772938 -0.190822318 -0.279795706 0.00752615044 -0.383658558 -0.275746942 -0.322934389 0.0322120376 0.0470782369 -0.0553649254 -0.245092005 0.138173476 0.163435787 0.104350314 0.00546507491 0.223307848 -0.125728682 0.0660849512 0.0280857962 0.013610323 -0.36159277 -0.0479013361 0.16165024 -0.203026637 0.147318155 -0.0136705199 0.0300928783 -0.0949050859 -0.367202669 0.138030589 0.010757884 -0.0775897205 0.000465428195 0.334095627 -0.359938174 0.0343233235 0.096504353 -0.159729242 0.291568577 0.172700688 0.0998991206 -0.309997588 0.365646958 -0.148615599 0.0873080119 0.00546876201 -0.0724828243 0.0257718526 0.354771674 -0.333040655 -0.224060267 -0.229795724 -0.183355242 0.084004499 0.127465919 -0.0708521381 0.0195500143 0.0430281721 -0.0153944166 0.32992208 -0.0842811316 -0.0453192703 -0.202962562 0.210837275 -0.393093079 0.0206425097 -0.206024662 0.0885137096 -0.219144404 -0.194229424 -0.189578742 0.116672024 -0.20346047 0.0802844539 -0.337272942 0.430440962 0.193809181 0.113297023 -0.20267278 0.151895776 -0.313084155 0.101451583 0.0947702676 0.100132674 -0.30635491 0.0510902517 0.133932561 -0.119164862 0.102417998 0.160544574 -0.114021443 -7.08172302e-05 -0.347177386 0.142515942 -0.205188781 0.027177548 -0.405523211 0.292816043 -0.327209204 -0.00881189667 0.16457577 -0.133028269 0.266300976 0.275002897 0.377915561 -0.304720342 0.422069639 -0.19331637 0.140884846 -0.217129111 -0.137273699 0.120118387 0.337122589 0.0331974179 -0.078292273 -0.0405970328 -0.241220683 -0.192161918 0.251441002 -0.111755013 0.108936593 -0.0682216659 0.171694189 0.0825253651 0.080118306 0.0802072883 -0.0921451896 -0.0525749475 -0.0624988414 -0.139374703 -0.220326662 -0.243074208 -0.203651279 0.11344368 -0.032799881 0.295088619 0.0928531438 -0.245413154 -0.298005968 0.0912033096 -0.132956043 0.148951083 -0.105682477 0.216498747 -0.139108121 0.326254725 -0.00842253305 0.058537297 -0.142121673 -0.156881571 -0.0660511255 0.0532035567 0.198503152 0.00100383617 -0.0140528847 -0.170167744 -0.216466635 0.104380123 0.0395883918 -0.0909546316 0.0099977497 0.187335923 -0.0749257579 -0.224767208 0.190047279 -0.142979205 0.100133754 -0.102466494 0.179609999 -0.329416454 0.25470835 -0.130694419 0.11707738 -0.206922039 0.184449315 -0.367200285 -0.443501592 0.250592738 0.602445126 0.033906348 0.400898576 0.0253266953 -0.293875873 0.345144838 -0.288891882 -0.100123748 -0.00859339908 -0.243337885 0.0413962603 -0.075527139 0.188462004 -0.2607086 0.220510393 0.120094106 0.338237345 -0.136527672 0.133314312 0.144027278 0.357476234 -0.188657165 0.00563033344 0.0597473457 0.237434059 -0.168537855 0.0452845171 0.12126787 -0.00238721981 -0.594630063 0.209128678 -0.131396294 -0.0503209233 0.00601081876 0.533786178 0.0728866607 -0.179598212 0.208870739 -0.281132191 0.0964346454 0.125237569 0.164360285 0.300793678 0.0391039141 0.19065395 -0.0151879182 0.249145001 -0.192631751 0.287269652 0.0811351836 -0.233952269 0.296574891 -0.208900705 -0.330784261 -0.206951752 0.239412963 -0.127337947 0.0920495614 0.0482525602 0.242615566 0.0623356588 0.0134899355 0.140397638 -0.298156112 -0.281068742 -0.0532095358 -0.274893731 0.0311035216 0.324945092 -0.12545006 0.028010685 0.190222964 0.00571590476 0.169425562 -0.160151228 0.0361673348 -0.0306455195 0.154200032 -0.456969142 -0.284819514 -0.302039415 -0.0257296767 -0.220928252 -0.322025031 -0.260405988 0.148800537 -0.0867561698 -0.0908547267 -0.263030678 0.162729129 0.256194174 0.10568478 0.0251300316 0.309840322 -0.101395592 0.0608466417 0.0322412774 -0.0909185633 -0.255509496 -0.0465467907 -0.01144097 -0.180819795 0.0411512814 0.0671495721 -0.0579484925 -0.0744523853 -0.403400898 -0.100981362 -0.144667581 0.153781548 0.0281261764 0.366949141 -0.224578843 0.140592054 0.27035597 -0.362237751 0.428407192 0.306184202 0.305954307 -0.0624501146 0.388425767 -0.127936184 0.253636569 -0.0854589939 -0.109044731 0.185204014 0.274011821 0.132844731 -0.21242252 0.0902502313 -0.254388899 -0.0266968645 0.0253778957 -0.134980261 0.0694100857 -0.155410215 -0.0258658566 0.0348378569 -0.0347514562 0.0956028327 0.0674347356 -0.0549017861 -0.0396127515 0.0739542618 -0.102447584 -0.135215253 -0.120658398 -0.0192560107 -0.0244385432 0.161071017 0.0217780955 -0.266896307 -0.250480205 0.0965300426 -0.180387422 0.0364361964 -0.131320611 0.350561351 -0.165215552 0.103994802 -0.0835032463 -0.0434493832 -0.113899395 0.00807216577 -0.0165600963 0.0726254284 0.0983262733 -0.208539411 0.0684651881 -0.0937309042 -0.0159777515 0.0363008007 0.0122756483 0.000196525376 0.0107558332 0.126731843 -0.0286108796 -0.0330996551 -0.0124668954 0.1291641 0.00805229135 0.00595320389 0.213625759 -0.213490725 0.138509989 -0.0621896498 0.0127994437 -0.18824245 0.159996241 0.0986857936 -0.00723386463 0.0499914885 -0.0667372569 0.0166616775 0.141765743 0.00995224621 0.0202761609 0.151211172 -0.142406657 0.135781333 0.060648948 0.267614335 0.0234869495 -0.0610331334 -0.148717731 0.0906950235 -0.0166138224 0.00689933915 0.101999983 0.308401823 -0.0796502605 -0.150263771 -0.00128938619 -0.0537109524 -0.0871053636 0.226587519 0.155309841 -0.0488666557 0.110870861 -0.168679714 -0.140091151 0.0597440414 -0.00102391187 -0.25501582 -0.0878198445 0.0277171601 -0.0812725425 0.15233016 0.0717603043 0.0143402787 -0.0914601013 0.163894132 -0.206589475 -0.14324376 0.0500545651 0.0380529277 -0.110840641 0.267703116 -0.319853038 -0.0759347081 -0.13536939 -0.00184632395 0.00483605312 -0.0911204517 0.132925138 0.206096366 0.05914931 0.119488567 -0.155058384 0.0250620991 -0.267354548 0.0341393091 0.291041374 -0.292994112 -0.448268294 0.0503263585 0.248464659 0.123480134 0.191810578 0.252098769 -0.208091021 0.25922811 -0.362798452 -0.0344132483 -0.280258954 -0.0693042725 -0.165065899 -0.0935496688 -0.00867193285 -0.0360250548 0.204969257 -0.000707332569 0.363176584 0.229846001 0.0595810711 0.0729529634 0.0844544768 -0.453526527 -0.163491249 0.226618305 0.19093357 -0.174516067 -0.0138947554 -0.133044451 0.193022609 -0.339155167 0.176037893 -0.232909992 0.104364999 -0.207330674 0.32555452 0.105980188 -0.063047044 -0.029040195 -0.364780396 0.110675178 0.037194673 0.255866408 0.0649567246 -0.297556877 0.145986721 0.315550864 0.0631616116 0.0153743625 0.303961128 0.261573702 -0.148825169 0.146372318 -0.249887869 -0.195005283 -0.0760587528 0.217457578 -0.104935631 0.197884008 -0.21182932 0.260170966 0.0700589865 0.185265303 0.0413831063 0.0961540416 -0.0388047323 -0.058747381 -0.118273474 0.0376101248 0.0803458765 -0.141697988 0.0753658414 0.150842488 -0.126486138 -0.0309267193 -0.22256045 0.173992127 0.292711109 0.106211051 -0.0243616626 -0.00653727399 -0.0862014517 -0.261807442 0.0150383189 -0.0436940193 0.074925229 0.0183771122 -0.137726903 -0.00165727502 -0.188622251 0.0427522063 -0.173091501 -0.248747036 -0.191254899 0.101139419 0.0137417205 -0.0408090129 -0.108854279 -0.0773000047 -0.166297734 0.0842605233 0.187834173 0.0622500144 0.0373338833 0.174752027 0.0647080913 -0.000549586199 0.0157598946 0.0162382945 -0.0211331267 -0.169612959 0.159747347 0.108184732 0.166176781 0.0858925655 0.158997431 0.0628324896 0.0866227075 0.184541285 -0.0377873294 0.0715117678 0.0475563481 0.103635751 0.10883069 -0.100094743 0.15758191 -0.214281261 -0.284996957 0.198966756 0.377709985 0.235915571 0.178021908 0.0538365953 -0.245058537 0.320793033 -0.237665728 -0.131271273 0.076627478 -0.339304328 0.0285933446 0.184318796 -0.00622468907 -0.194276288 0.350803375 -0.00454044063 0.186398894 -0.163236961 0.278927445 0.284527808 0.371504545 -0.226379067 0.185682446 -0.200779453 0.389503181 -0.336923987 -0.155056596 -0.0750433207 0.0580310151 -0.419961154 0.135899276 -0.083412163 -0.049945157 0.0313714594 0.371512324 0.0932038277 -0.297466666 0.263219208 -0.161385342 -0.226386786 0.216343179 0.17580691 0.377318501 -0.148657665 0.121127129 -0.0473933928 0.372070014 -0.205013216 0.463305742 -0.0530378632 -0.0816551968 0.148265406 -0.300531775 -0.267543525 -0.212432638 0.325788349 -0.22159639 -0.0235563461 -0.0798994601 0.253583997 0.0627659261 0.0731014684 -0.223437086 0.41877082 0.142503306 0.118179709 0.241903752 0.0384939201 -0.39552927 0.134495705 -0.0170542821 0.033746887 0.111932993 -0.282074779 0.136737734 0.0865302533 0.0561066344 0.0412710942 0.460722387 0.203786358 0.339015514 0.0576636866 0.381393254 0.0585135333 0.311325848 -0.0492935665 0.18992877 0.0115684727 0.274555087 -0.23861371 -0.163734332 -0.119977809 0.121998936 -0.0753581002 0.13143833 -0.325345784 -0.153841883 -0.0689988211 0.0450902954 -0.0275835786 -0.083482556 0.250489533 -0.0380202495 0.0179888308 0.137490004 -0.0787923038 0.468601644 0.0107403686 0.0602843128 -0.0394239947 0.117492907 -0.232487574 0.244250894 0.158241391 -0.281039566 0.319362819 -0.163800597 -0.102995686 -0.20379895 0.065827243 -0.401961178 0.0648314506 -0.20631589 0.140040323
tensor gate_encoder.0.bias 1 32
-0.033152286 0.0565601215 -0.0616335534 0.101863205 0.0543261617 0.0229331814 -0.203256324 0.0643888563 0.157022297 -0.0610484667 -0.0745121762 -0.00302329427 -0.0137697924 0.113347992 0.0359321609 -0.0519937463 0.0672765598 0.0695657358 0.0107027609 0.109962516 0.00439910404 0.0250883084 0.106758498 -0.248547271 0.119482763 0.11460501 -0.103943214 0.149513602 0.149633721 -0.0755218267 -0.0852613971 -0.0201606341
tensor objective_value_embedding.weight 2 32
0.224242628 0.476116806 0.148078188 0.759479165 -1.33811808 0.286635578 -1.79282272 0.445954561 0.749705017 1.67778361 -0.271850854 0.0561683588 0.590174317 0.595761478 -0.021099722 1.03382313 -1.36552274 -0.924288213 1.28544688 -0.582227468 -0.15373835 0.395427495 0.391336113 -1.28738379 0.17151913 0.577277005 -0.328093827 1.32750952 1.22269464 -0.568251431 0.366024733 -1.01742017 0.625148833 -1.08077788 -0.0938781202 -0.31360665 0.757579684 -0.378173769 -0.301477879 0.0356343165 -0.8087672 0.851563513 0.465339392 1.56232119 0.409132302 0.38748309 -0.368377984 -0.602654397 -1.02020741 -0.559880078 1.24634767 0.334683806 -0.111695573 1.1318326 -0.74358511 0.678269327 -1.31883216 -0.400408804 0.563898325 0.112389132 -1.76030016 -0.332460225 0.106189691 0.132948235
tensor backtrace_actor.0.weight 32 32
-0.223833844 -0.0924304724 0.0161822736 0.23283039 0.0642789975 -0.050880678 -0.0552198291 0.110553697 0.163675696 -0.0111894589 -0.0617252216 -0.135337114 -0.0145297376 -0.216885164 0.00711017428 -0.00477341469 -0.120738134 -0.163310528 -0.11599119 -0.0736789182 0.151872784 -0.0673847422 0.0223635696 0.00517048361 -0.084819518 -0.153912365 -0.0759000182 0.0908018425 0.102572881 0.102461085 0.018582752 -0.0149039133 -0.192906991 -0.16141516 -0.0824647918 0.066449739 -0.0146257617 -0.180491567 0.136516228 -0.107684456 -0.207988039 -0.0998278186 0.128630146 -0.0741429105 -0.137984842 -0.111791119 -0.170082226 -0.0427503176 0.0155927092 0.211233944 -0.17759183 0.23053588 0.0877841637 -0.034836296 0.00556437951 0.0892611891 0.031673681 0.0563933477 0.105436966 -0.111853421 -0.137822255 -0.0115684411 0.0318540707 0.265624315 0.130236134 -0.0373598449 0.0440752916 -0.0209269132 0.106835477 -0.269893378 -0.043767117 -0.138128564 0.0631175563 -0.194128871 0.134896263 0.0140866293 -0.0731217265 -0.15494287 -0.149309307 0.0308598373 -0.0598549917 0.0577666052 0.0782967135 0.267623454 0.0825390965 0.15058735 0.0305910204 -0.0318014994 0.137427688 -0.252709419 -0.0859045088 -0.142848179 -0.00917258952 -0.150696546 0.00860298518 0.0963007957 -0.0764936656 -0.0534017608 -0.0765440688 0.000164903366 -0.0556177422 -0.0538835414 0.126703575 -0.235366181 -0.0142207788 -0.106304608 0.0235604905 -0.0707040876 -0.178287804 -0.0467487685 0.19243826 0.132014886 0.215363428 -0.0341849588 -0.1443142 -0.0210489091 -0.250319213 -0.131792724 -0.0290484726 0.0116930017 -0.030764224 0.0164106786 0.0514826812 -0.158756867 -0.0531261824 0.0549266599 -0.230844527 -0.158169672 0.0171767026 -0.0123530729 -0.150716081 -0.213168293 0.228541002 0.0251240246 0.230069742 -0.205892935 0.0327194221 -0.00492578652 -0.119899705 -0.105481148 0.16025871 0.11502634 0.108783737 -0.170533299 0.265420347 0.0429019034 -0.209551826 -0.0521099605 -0.119209185 -0.0199846998 0.0961670503 0.211929888 -0.130567282 0.0869163051 0.145346671 -0.198782071 0.0115782376 0.0287167989 -0.0321627855 -0.248593494 -0.206625372 -0.11047902 0.418747663 0.0923845842 0.0733328089 -0.253555894 -0.0401554033 -0.00528722582 -0.280611545 -0.0289044455 0.400747389 0.0726750642 -0.35442093 -0.197010562 -0.177417532 0.0294200815 -0.0946376473 0.226885587 0.191043764 0.303217918 0.430574298 -0.142713517 -0.0814457089 -0.127155393 0.0522960126 -0.280238837 0.115450732 0.0772740841 -0.142059952 -0.188244507 0.345502377 -0.037308149 -0.166906074 0.0090562636 0.0084423935 0.196045548 -0.0615239292 0.105934896 -0.0756222457 -0.0821665376 -0.0151037462 0.156397671 0.0041753049 -0.0124556627 0.0161614213 0.222845539 -0.0234292094 0.0481536761 0.0266505927 -0.0681715012 0.202356577 0.172013342 0.0769068971 0.013181828 -0.202743068 -0.159552187 -0.137038633 0.0794682205 0.0531290583 -0.00832771696 -0.103120446 0.0291723311 0.116010524 0.171827346 -0.282482445 -0.121303886 0.13948147 -0.0548536852 0.0832397863 -0.265021265 0.0644438639 0.0381705612 -0.152722225 0.00669271778 0.246306568 0.0429442264 -0.101811826 -0.0450434275 -0.418830872 -0.125025794 -0.214659929 0.0537406132 0.198994279 0.142399788 0.378393948 -0.203323513 -0.226434067 0.117242992 0.190151483 -0.280347139 0.015844956 0.0788491964 0.123578325 -0.224077478 0.227304578 0.271305293 -0.156842798 -0.0350883678 0.0369900316 -0.0950252861 0.0346329622 0.106610321 0.242453262 -0.172051638 0.031187024 -0.0791814327 -0.22704418 0.145675197 0.120766751 -0.0901748464 0.234810993 -0.0792304799 0.284200847 -0.131027535 -0.00470728939 -0.0827609003 -0.0714064613 -0.0152776977 0.056329906 0.0665106028 0.119165055 0.192925557 -0.00183849095 -0.242507324 -0.127008155 0.211379066 -0.271333516 0.0315035954 -0.1791583 0.0575736314 0.229992583 -0.0571150593 -0.204995722 -0.171311423 -0.00699326443 -0.0288385265 0.1458527 0.0716791227 -0.0986121967 -0.0334186889 -0.0104783848 -0.167169228 0.126993626 -0.0907709822 -0.0255833901 -0.0971237496 0.175811812 -0.0430612713 0.155155599 -0.0625538602 -0.0627374947 -0.119965218 0.0784924477 -0.16801554 -0.0328306258 -0.0963796079 -0.129379362 -0.138302773 -0.0411894917 -0.13394624 -0.349986613 -0.0770530403 0.112683013 0.224608317 0.0370300077 -0.247206554 -0.0960063338 -0.00410344591 -0.0249623973 0.0151942624 0.0488586314 0.0886653289 -0.315601707 0.0539694168 -0.218137398 -0.110988326 -0.0854552835 0.142265692 0.238684461 0.256134629 0.288039625 -0.116648242 -0.155128255 0.0941463187 -0.0478242822 -0.181544036 0.126862168 0.117964804 -0.0311379004 0.00520661799 0.186955228 0.20722051 0.103348613 -0.0236770362 0.214845017 0.031924177 -0.161821678 -0.0681294724 -0.249200389 0.122740284 -0.163804993 -0.127061069 0.195566416 -0.0106222648 0.00344756036 0.156213075 -0.241641089 0.00898800604 -0.239068821 -0.0309845749 0.0486547612 0.233178869 -0.0319751054 0.155306667 0.0434227362 -0.194605336 0.167599663 0.0918579772 0.102577776 -0.00550977606 0.184729129 -0.127921104 -0.0163729135 -0.0714510083 0.294165701 -0.194184378 -0.383598447 -0.117125832 0.155351847 0.244218171 -0.0686535239 -0.0196595713 -0.147150338 0.121592559 -0.22175391 0.195507973 0.236144662 0.177376017 0.17050685 -0.0475568585 0.0332250223 -0.302052408 0.0169634596 0.068947196 -0.112426728 0.160009608 0.169200554 0.153945401 -0.196874857 -0.0464603193 0.022243958 0.180948988 -0.143784314 0.154850513 -0.298742354 -0.176353604 -0.0821894333 0.171719328 -0.113158315 0.111363776 -0.119760312 -0.0473757274 0.108459637 0.0434063859 0.00139064982 0.125797838 0.0785544664 -0.0513909161 0.120673522 0.0416967273 0.134522259 0.0259676948 0.0971812382 0.0924293324 -0.0940579176 -0.142159715 0.0442573763 0.083955653 0.0603227019 -0.137139052 0.0333484001 -0.0411705784 -0.15940088 -0.147588462 0.0694957674 -0.104817331 -0.0705017671 -0.0225125682 0.0779310316 0.207947865 -0.33541438 -0.105764098 -0.0185040981 0.182725042 0.108793102 0.187905088 0.254618138 0.278311044 0.0142612206 0.151376069 0.232008383 0.227056235 0.167435184 0.205704793 -0.0567917861 -0.303622127 0.133360684 -0.141888544 -0.281491578 0.168126717 0.161025688 -0.230224699 0.116749957 0.233589485 -0.123598546 0.220813632 0.074796252 -0.101529785 -0.33743605 -0.397644013 -0.0602640361 0.10274332 -0.292059511 -0.195232108 0.113296978 -0.104844935 0.152448818 -0.0274348743 0.111014649 0.152319252 -0.14785181 -0.0062852609 0.194838479 0.18301785 0.27118504 0.0404810049 0.00354264956 -0.0901522189 0.0458342247 -0.0247677732 -0.206828192 -0.0222817156 -0.103326604 -0.0132282404 -0.148294494 0.220554247 -0.0357315615 -0.00526519027 -0.0751430318 0.13640818 -0.292260617 0.0889127403 -0.136750579 0.154902458 -0.0382077806 -0.184430957 0.187768951 0.271232128 0.246945575 -0.34543553 -0.0112653067 -0.0340514854 -0.125126705 0.0173224043 0.209762186 -0.125070259 0.21895884 0.192233905 0.357401043 -0.121190898 -0.0933547392 -0.309292853 -0.0975723714 0.0356925279 0.0619367063 0.204800174 0.0585445091 -0.0175620914 0.00488122785 -0.27130416 -0.176392972 0.308680952 -0.017388016 -0.149203807 -0.12420512 0.14807789 0.342171431 0.250245392 -0.144433275 -0.118753187 0.0700844601 -0.0328976884 -0.236499444 0.0982112586 0.136794686 -0.114574477 -0.147317544 -0.212744892 -0.269545525 0.0805099234 0.0886780173 0.109220318 -0.0288760513 0.250834137 0.3093189 0.00442581996 -0.328382313 -0.129252717 -0.0350007862 -0.0324630812 -0.169993132 -0.174184009 0.173500121 0.0586938709 0.228965729 0.172233045 -0.236562163 -0.0216301102 -0.0675726905 -0.0738249794 0.000417189207 0.0406560637 0.176503569 -0.135560796 -0.116392873 -0.150138557 0.13484785 -0.0094389068 -0.308505028 -0.0268215016 -0.146355957 -0.0464987867 0.0593395866 -0.025432134 -0.0821778178 -0.0297674965 0.18000114 0.0675989166 -0.169301823 0.127631426 0.161009148 -0.1347754 -0.119004361 0.0223611183 -0.173266679 -0.0742049515 0.0129206693 0.23666431 -0.092201829 0.146629572 -0.253189594 -0.121575668 0.0624296926 -0.00548871327 -0.0878802836 -0.0404600799 0.118809156 -0.0128773963 -0.144006193 -0.00431092223 0.09551505 0.0564381927 -0.107356496 0.00371556403 0.175474748 0.00667690486 -0.078622207 -0.067454204 -0.21207501 0.176670611 0.0169504061 -0.0223575998 0.106410451 -0.0501252525 -0.00592794316 -0.20936653 -0.107580207 0.184884593 -0.123414569 0.0052507245 -0.109464847 0.114145935 0.297464848 0.0689978823 -0.211999446 -0.167808384 -0.22212097 0.305661589 0.204657942 0.0724795461 0.194097981 -0.0575912558 -0.098432079 0.0575221963 -0.0586170405 -0.134379193 -0.159381866 0.00897735171 0.195133641 0.161336705 0.23069869 -0.00410784269 -0.215504065 -0.19223769 -0.0788310468 0.019461602 0.0103707388 0.211009428 0.212089688 0.129772648 0.246057436 0.189810112 -0.120136634 0.166630715 0.0844989717 0.0434325747 -0.0415745191 0.0282988828 0.0803486407 -0.157142222 0.0166144092 -0.053853862 -0.165398225 -0.13710922 0.105501339 0.124599405 0.0778148472 0.0788299963 -0.0275386497 -0.0759685189 -0.218488932 -0.0506860092 0.0967799649 -0.151427805 0.140991911 0.105043985 -0.0209467392 0.25297609 0.0393945388 -0.0812674537 -0.0879213065 -0.0491783507 0.166478515 -0.0529360473 0.0526643582 0.0261137467 -0.242858708 -0.189122483 -0.0121658836 0.182717547 0.1789653 -0.0600372814 -0.00868447218 -0.0947639495 -0.189696938 -0.13103056 0.192799896 0.0401686616 -0.0206877906 0.0406800583 0.120130271 0.22219719 -0.0571995936 -0.0235948265 -0.151003525 0.0505809486 -0.0742692202 0.010963127 0.0933827758 0.0467813462 0.0971055701 -0.230900511 -0.138022095 0.176339373 -0.191576689 0.00727774901 0.091771856 -0.0916323066 0.0557144806 0.132592797 0.0884516239 -0.185510263 -0.212148339 -0.0780616626 0.126948819 0.151750892 0.187789515 0.089307867 -0.168391213 -0.018891409 -0.0315258764 -0.0113238152 0.0230924264 0.118261784 0.246039763 0.280215919 0.0129375607 0.0846407786 -0.279339105 -0.127211213 -0.178334221 0.0593062527 -0.0705256909 0.13494648 -0.0100060338 -0.226356119 0.0686722398 0.249933049 0.0505783632 -0.09861359 -0.308942735 -0.138777643 -0.103460163 0.285504133 0.10701555 -0.063416332 -0.0671637133 -0.0350350663 -0.0773399025 0.0444272384 0.236265033 -0.114750095 0.27872628 -0.00419185776 0.0938682184 -0.128979698 -0.0676458701 -0.120255761 -0.342136532 0.0272056963 0.0930777416 -0.113143593 0.0286066774 0.278549582 -0.0460217334 0.139742061 -0.0782828555 0.118307754 -0.269770682 -0.127893567 -0.105526954 0.201701105 -0.210272416 -0.0540126041 -0.0382473208 0.129775867 -0.133906409 -0.0132062891 0.21842815 0.271779358 -0.116215557 -0.0744889975 0.323877841 0.234395683 -0.087685883 -0.0425383784 -0.16839245 -0.203505784 -0.134965032 -0.131980345 -0.0502532125 0.157756001 0.084401913 0.0970381349 -0.0209890064 0.18328096 0.0780102015 0.125412092 0.13589561 -0.218491077 -0.0305255651 -0.163063034 -0.402490199 0.265596956 0.413977057 0.151852831 -0.107457712 -0.239021301 -0.152676389 0.012106806 0.036061395 -0.292925358 0.172702238 -0.265139908 -0.264784545 -0.136948794 -0.289883882 -0.0863260925 0.0798034593 0.272885531 -0.0228056852 0.157940552 0.2817339 -0.240406424 -0.18489781 -0.046929393 0.198998719 -0.0650806129 -0.233254284 -0.0694916919 0.137912109 0.111283101 0.353739351 0.01605344 -0.058285702 0.0305695049 0.205745801 0.0890150964 -0.0775754526 -0.122222207 0.11033801 -0.0563610643 -0.288132042 -0.324646592 0.133991644 0.111368321 -0.100266322 -0.218693689 -0.131008863 -0.152112409 -0.0454215854 0.350397497 -0.19977814 0.159525827 0.357535481 0.0664772391 -0.159694448 0.191976249 0.156173706 -0.325659692 0.164603934 -0.0303613506 -0.107215561 0.229048923 0.285074264 0.288211256 0.0176165625 -0.118334323 0.286281228 -0.0596332438 0.0936546624 0.0885002017 0.19898352 0.0271037072 -0.0998845026 -0.235005915 0.280459404 -0.169621736 -0.280053198 -0.165468886 -0.143633649 -0.205133051 0.0475295037 0.0960202217 -0.111463919 0.0179751702 0.329473615 -0.151521087 -0.210825413 0.0661749542 0.102560297 -0.330776602 -0.0209653135 -0.178910479 -0.194187522 0.0268148687 0.188795596 0.214147732 -0.0554312505 -0.168548867 0.150203884 0.229093641 -0.0126001351 -0.0834361464 0.115039147 -0.00952291116 -0.118915252 -0.317082047 0.0701626986 0.0688171312 -0.287065625 -0.0446760431 -0.199260846 -0.254121453 0.144757137 0.3464185 0.0194505658 0.275287628 0.238413334 -0.0891088843 0.0103698978 0.0176515728 0.00581472227 -0.230692506 0.0670760646 -0.256878883 -0.107006311 0.0654121339 0.0568713769 0.294469684 -0.0392757617 -0.0152239455 -0.0600979291 -0.0460904129 0.0832699761 -0.112349026 0.239105642 0.0283517372 0.0185026042 -0.220397517 -0.0548791625 0.148106903 0.0312134717 0.0690847337 0.21383588 -0.0933688954 0.05155674 0.0874054506 -0.0618207455 -0.184306055 0.0366104729 -0.199040473 0.189209297 -0.140137598 -0.0898276269 -0.105408601 -0.0281930957 0.0689619631 0.101406045 0.108915769 -0.00204558182 0.140830651 -0.0506189317 -0.0207729731 0.0770223886 0.0928618759 0.0197026972 0.0847430751 0.0289601684 -0.0227571502 -0.0332601406 -0.291713893 0.213775426 -0.167627335 -0.076549381 -0.255821884 -0.185779348 -0.220595539 0.154191777 0.0732221678 -0.126934677 0.269799888 0.0220858119 -0.0423644744 -0.0469624475 0.223856434 -0.0446791947 -0.321377695 -0.0596238561 -0.0338330939 -0.156625032 0.283988386 0.19700858 0.317637265
tensor backtrace_actor.0.bias 1 32
-0.107937053 0.0980461463 0.0556637049 -0.231344312 -0.068432577 0.105724432 -0.00941797812 0.169667184 -0.185079038 -0.143712163 -0.0176787656 0.0296147 0.138596162 0.0838031396 0.0494828783 0.114876851 -0.280227035 0.160442397 0.00176752312 0.134420782 -0.0964322686 -0.230258152 -0.195460692 0.168679297 0.0466808192 0.224055886 -0.119084768 -0.185701892 0.0873449519 -0.182321325 0.0352994092 0.020769462
tensor backtrace_actor.2.weight 2 32
0.141454726 -0.106213585 -0.155173168 -0.127473712 0.138188183 0.146506935 0.0808587 0.0557201281 0.0275739431 0.0396701396 -0.0604082271 0.0483551845 -0.120567404 0.147771746 0.0950818062 -0.114144251 0.130966499 0.0639903769 -0.0161696579 -0.0948904678 -0.156115755 0.0869064704 -0.0223678723 0.117873192 0.105598591 -0.0988491774 0.107424714 -0.123622052 -0.220023662 -0.216136187 -0.0282269903 -0.0583088771 0.130056396 0.150714099 -0.130898178 0.0913137347 -0.114411123 0.0140820332 0.0352412872 -0.0483498499 -0.0562474132 0.0529458709 -0.183608353 0.139765471 0.115194134 0.127169415 -0.249790341 0.0125216674 0.0597619191 0.0110810073 0.0434900075 -0.0930342674 0.180940062 0.0620603412 -0.100320011 0.144671991 0.135616556 -0.182823509 -0.166906178 0.0418030955 0.0122208381 -0.0820169449 0.00820017979 0.0448934436
tensor backtrace_actor.2.bias 1 2
0.138592705 -0.0906000137
end
