SMARTATPG_ACTOR_V2
embedding_dim 64
hidden_dim 32
tensor gate_encoder.0.weight 32 64
-0.191653192 0.112983465 0.475952625 -0.309340537 -0.498683482 -0.208423898 -0.305541098 -0.170339629 0.337370068 -0.34679687 0.293316036 -0.119065337 0.0618018135 0.301296055 -0.107340522 0.00390016008 0.0774119198 0.0995037928 -0.305781484 0.0789375082 -0.306753606 -0.0163135473 -0.190252021 -0.14733845 -0.139364704 0.246958897 0.129830614 -0.121403746 -0.350329101 0.115275227 0.120207682 0.0428863615 0.00471263984 0.402957916 -0.317231387 0.135338515 -0.00147499004 0.0873307064 -0.418641359 -0.121640526 0.209290415 -0.0227599163 0.0774566755 -0.0236238744 -0.143321514 -0.182587489 -0.200551912 0.240132958 -0.126425773 -0.0141629009 -0.11212565 0.202227667 -0.401435256 -0.0923068076 -0.0132311536 -0.119529866 0.288781583 0.2194767 0.181828618 -0.243978113 0.200379536 0.0775841624 0.255119652 -0.236869812 0.12622273 -0.211355761 -0.28371501 -0.168899417 0.252597511 0.0840436816 0.0640139356 0.098251462 -0.0567779988 0.222742692 -0.221138835 0.104265109 -0.324808538 -0.223753259 -0.229712158 -0.0252142176 0.135887578 0.00744146202 0.0259491801 -0.302617639 0.216937214 0.147535712 0.162113264 -0.0898890868 -0.0451209806 -0.338958293 -0.0971641764 0.0296188891 0.0211616773 0.0368081778 0.0353610516 0.110332809 0.173203111 -0.242711619 0.17634289 -0.121993922 0.07794144 -0.314016253 0.353762448 0.240795821 -0.0316556729 -0.282500327 -0.287393242 0.0742647126 0.198208362 0.290963888 -0.0484467037 -0.113479063 -0.0339984111 0.0910940096 0.118733831 0.115447514 0.0380302444 0.332426786 0.173362568 0.00194624695 -0.0186472423 0.043322783 0.190278992 0.32449767 0.08950831 0.0102937939 0.123027332 0.154886886 0.147995844 -0.09062206 -0.461099923 0.163165629 0.347440988 0.21697706 0.319271266 0.0633447841 -0.360675514 0.341338277 -0.240500793 0.00473332545 0.0625810549 -0.393333763 0.0536436401 0.0142696425 0.0218597651 -0.0601084381 0.340810537 -0.0355541892 0.237885803 0.103899278 0.285797983 0.0777346268 0.238401905 -0.291367829 0.0384551659 0.0659983829 0.39359653 -0.308836937 -0.0917894542 -0.0881490707 0.110171042 -0.317086637 0.0861411467 -0.163199455 0.0442774333 0.0269736163 0.315545171 0.203935474 -0.0936904848 0.184642002 -0.304115087 -0.202989042 0.108648866 0.147390261 0.192177311 0.0120067056 0.0519240834 0.111924894 0.291633338 -0.206139237 0.442508847 0.0466286056 0.000570010976 -0.0172724277 -0.279982835 -0.236631438 -0.0556846634 0.249300614 -0.199898377 0.0435941331 -0.245075494 0.236876205 0.276218235 -0.13569209 -0.357441723 0.155677482 0.597161829 0.346502304 0.511000514 -0.0487104803 -0.234914109 0.415494442 -0.202993929 -0.00189888279 0.0459211953 -0.384567529 0.142515451 -0.0572769046 0.185679168 -0.000193098705 0.209255561 -0.041733548 0.243183926 -0.0194840804 0.288619071 0.136593923 0.354676753 -0.381552756 -0.0316882804 -0.0691127554 0.242462069 -0.222041324 -0.0168517232 -0.0773176774 0.229796723 -0.415518731 0.243177563 -0.174258009 -0.0295521431 0.0865852833 0.352585733 0.114218719 -0.234133899 0.228340238 -0.194968343 -0.10222695 0.0311830007 0.128313333 0.085975714 -0.154246807 0.136041909 0.164513022 0.366730303 -0.261383832 0.444726884 0.0678336024 -0.124296293 -0.0495526679 -0.337975323 -0.272485584 -0.0626873821 0.418844849 -0.256666899 0.194559082 -0.0924584568 0.312036276 -0.281618983 0.139996722 0.361951053 -0.123140834 -0.277674735 -0.0286759026 -0.265578091 -0.155156761 0.302648962 -0.14089711 0.180748582 -0.149826571 0.111390829 0.11550609 0.154284358 -0.121934623 -0.131760985 -0.0644463524 -0.16612637 -0.00645971904 -0.12493822 -0.103210576 -0.403701574 0.0584909208 -0.383529335 0.223775521 0.144119054 -0.288605541 -0.225961879 0.235139638 0.144869551 0.26291424 0.0511991084 0.388134152 -0.175155923 0.405642211 -0.0957419425 0.0549330711 -0.17297034 -0.109047107 -0.0929246098 -0.0733883455 0.173569217 0.0586883761 -0.132473484 -0.132555112 -0.218928263 0.16857475 -0.115979299 -0.24334754 -0.10316927 0.14920944 -0.239966363 -0.247723743 -0.0142551055 -0.0297701564 0.0878121778 -0.0253715701 0.0964382663 -0.345828712 0.219707727 -0.146965489 0.330953121 -0.122142456 -0.0761279911 -0.130632594 0.241892308 -0.102304362 -0.098649025 -0.14019233 -0.194041237 0.0350766219 0.0414139815 -0.092826359 -0.00466256915 0.151917011 -0.100715727 0.208949819 -0.110255286 0.0897074118 -0.0286142286 0.0151751079 -0.156793967 -0.0784538984 -0.057838019 -0.0155340778 -0.240684301 0.0358139537 -0.239169762 0.229023442 0.0825896636 -0.0437512733 -0.0806506351 0.292185605 0.0350550525 0.193546504 -0.0667970479 0.224391446 -0.259986013 0.111656189 -0.162275821 0.13579981 -0.104158781 -0.141545981 -0.124299772 -0.0605608337 0.180995286 -0.0835774317 -0.0206179526 0.114797384 -0.235025734 0.0117684426 0.169818044 -0.0296936855 0.0342366435 0.220948011 -0.0601290762 -0.0919286683 -0.0393860675 -0.00909812469 0.251772374 0.119491935 0.284938365 -0.182399258 0.24721162 -0.0485320278 0.228703603 -0.242626742 -0.327993989 0.247623071 0.356146038 -0.0972936377 -0.335036814 -0.184111968 -0.289065719 0.0621213056 0.28515169 -0.327056855 0.180059329 0.0609693713 0.187534571 0.261759639 0.200876236 -0.06775444 -0.196885139 -0.0168459155 -0.239274576 0.0415223427 -0.287719965 -0.0124610942 -0.319340318 -0.103172794 -0.140323162 0.37268877 0.0400995165 -0.215627313 -0.100289501 0.282719642 0.0099692205 0.0617721118 -0.155933246 0.200989798 -0.277970314 0.190285638 0.0897669494 0.0260261614 -0.234423772 -0.228411466 0.111909688 0.0901633054 0.311473787 0.0843187943 -0.048100695 -0.204773694 -0.0767556801 0.0385355279 -0.119438417 -0.303558946 -0.117505834 0.058000043 -0.322881103 -0.0520617813 0.0614292212 0.0351531766 0.0457667671 0.0498479977 0.129500121 -0.265713811 0.186161488 -0.0115547962 0.415558547 -0.172428653 0.217953548 -0.0277393665 -0.312672317 0.141122758 0.234224617 -0.0453262217 0.295263439 0.208414957 -0.191011652 0.137150884 -0.0720765814 -0.00985191017 -0.150841221 0.0509669408 -0.0662191883 0.0517976619 0.00833949633 0.250801474 0.124921709 0.0230076723 0.132416904 0.0956811681 0.264010072 -0.138529733 0.134021983 -0.245608568 -0.16119428 0.340095073 0.111120269 -0.255178481 0.0749947354 -0.232561156 0.036453668 -0.192828342 0.283887804 -0.210198879 0.128209189 -0.140392169 -0.00565449335 0.319674104 0.201538742 -0.0164235625 -0.31293273 0.222795367 -0.142851859 0.018468108 0.171860009 -0.143259928 -0.0739387423 0.134695187 -0.17546162 -0.0502180681 0.131465152 0.153800294 0.153596923 -0.0122454595 -0.136602357 0.0522646792 -0.0229289364 0.316452295 -0.186784953 0.0792967826 -0.293349594 0.137736186 0.130513296 -0.149529621 -0.0773744434 -0.166889369 -0.039098829 -0.000250792509 0.110995457 0.15638043 0.00385733647 0.104463808 0.00272538746 0.0867635012 -0.299402088 -0.0272382107 -0.427340031 -0.191176489 0.137097746 0.106544435 -0.242046386 -0.23523058 0.0946225375 0.169285506 0.0191484876 -0.197997525 -0.0645357221 -0.122800469 -0.219570696 0.131666929 -0.337435484 0.167788267 0.357814223 -0.16785422 0.0595206171 -0.140533686 0.0474507585 0.00780015532 0.00827137846 -0.104268573 -0.0502069965 0.0911175609 0.051694531 -0.259332538 -0.198280796 0.222204193 0.0637577176 0.195690423 -0.109687664 -0.179856256 0.0609830469 0.222877637 -0.171912819 0.267486751 0.0403441414 0.279752791 0.168325454 -0.056358695 0.0477162935 0.132111251 0.190651104 0.260056019 0.243812114 0.0660678446 0.00867229141 0.129347309 0.167146295 -0.0902135894 0.0952610075 -0.178550661 -0.0808969811 0.078185901 -0.184804276 0.0251654778 0.215972602 0.0355362371 0.0793729872 0.215250567 -0.107709318 -0.0392188914 -0.248664007 -0.258055598 -0.173932418 0.188334063 -0.33325848 0.0640342087 -0.0786682367 0.121336378 -0.121516444 -0.147917449 -0.19390285 -0.0113099357 -0.29718563 0.0725972131 -0.245317385 0.146983758 0.284750611 0.161972284 -0.0328514054 0.217581064 0.00827380084 -0.0300040077 0.0936580747 -0.0464838371 0.0799185038 0.193693563 0.189014241 -0.389992148 -0.0916998759 0.0709523931 -0.132592738 0.0655810535 -0.395067483 -0.0773527548 -0.11237254 0.196652308 -0.0963395461 0.411683768 -0.163402557 0.0260245465 0.108404472 -0.141630158 0.151507035 0.244900867 0.344397187 0.111407667 0.267473608 -0.0313564874 0.12558192 -0.00167080911 0.140887827 0.0515883937 -0.265087366 0.233268782 0.302757889 0.200365826 0.37153843 -0.131490618 -0.122237168 0.174151883 -0.111946225 -0.141485125 0.00625436474 -0.195994645 -0.0521343574 -0.0853713378 0.0712935179 -0.10395062 0.226192802 0.10836482 0.262177557 0.0304261036 0.174731046 0.174999595 0.283445716 -0.241130143 0.0582996607 0.0456069931 0.192524016 -0.244415209 -0.11735896 -0.185587406 -0.0477157235 -0.0801803842 0.0621246099 -0.326446861 0.0902180672 -0.0596386157 0.140692383 0.175551996 0.0830930397 0.157883823 -0.234713092 -0.150234431 0.0405929163 -0.00318381004 0.398839772 -0.192375734 -0.0666044578 0.0353929587 0.132136762 -0.177984729 0.155875087 -0.00486637931 0.096855849 -0.0633363947 -0.249778345 -0.159997448 -0.259198517 0.334921777 -0.21030058 0.0941919833 -0.264731467 0.213285878 -0.156486139 0.146186084 0.415484399 -0.167743638 -0.319290489 -0.0455066562 -0.363607705 -0.0320263393 0.381239206 -0.154028431 0.0736446381 -0.0741104782 -0.0246566553 0.274226248 0.0701410547 -0.102954432 -0.112701863 -0.0181281157 -0.0915454403 0.0576414689 -0.301382035 0.0231982153 -0.290727496 -0.093740277 -0.258733004 0.264299095 0.0274806712 -0.257683277 -0.18973802 0.114548445 0.0264992416 0.249401554 -0.0344799384 0.460173488 -0.312877297 0.209983751 -0.129244477 0.168826386 -0.162814096 -0.0189192239 0.154587492 -0.190988764 0.27262789 -0.0256091543 0.0345100909 -0.124855481 -0.305180967 0.155871764 -0.0883229077 0.101591766 -0.02662386 0.0618889295 -0.265184104 -0.179400176 0.0987891853 -0.0744986385 0.0722547024 0.250969023 0.230436519 -0.393765002 0.239986122 -0.187576741 -0.0778767616 -0.279044598 -0.223241314 0.12208011 0.344767123 -0.291203827 -0.357270628 -0.156460911 -0.474395752 -0.0346918143 0.447176784 -0.13243641 0.15755187 0.0652499124 0.0242732503 0.386931419 -0.167260751 -0.0588485077 -0.182341844 0.0030246994 -0.447283089 -0.0277658124 -0.358268589 0.105069973 -0.323742896 -0.226784512 -0.476526588 0.396643549 -0.139615789 -0.114057779 -0.404737383 0.334780097 0.189789832 0.127502367 -0.0933590904 0.224607155 -0.305410534 0.263397753 0.183395639 -0.0493416563 -0.255785555 0.0368118137 0.0379427187 -0.278080106 0.28956902 -0.000782769057 -0.0975523219 -0.127558812 -0.259596705 -0.0786254704 -0.158144698 0.0386214927 -0.2073493 0.327980995 -0.377881676 -0.00704728439 0.0964299142 -0.0613180548 0.240412325 0.142106101 0.167350814 -0.396175265 0.375798404 -0.25899899 0.222996607 -0.148801908 -0.149994522 0.123404302 0.270917386 -0.187599957 -0.362976253 -0.0723752007 -0.199541554 -0.0675946772 0.339957774 -0.0854163915 0.0976690054 0.0340777673 -0.040671926 0.210187599 -0.0654348955 -0.0280374456 0.000485955592 0.0876397938 -0.177504852 0.103816144 -0.118141361 0.0296490937 -0.300889641 -0.110104904 -0.23088333 0.181579605 0.0234418456 -0.170750767 -0.319829315 0.262815535 0.273045987 0.040833801 0.000287695148 0.175871447 -0.264840513 0.0865624622 -0.0699299946 0.0212226771 -0.24256146 -0.123478062 0.0808850303 -0.2456595 0.0112691633 0.114707574 0.0201900173 0.0463024676 -0.283641547 0.155785903 -0.0757404715 -0.0974109173 -0.0276638493 0.12261422 -0.340750128 -0.176467255 0.00987584516 -0.0616893321 0.0697529688 0.1182345 0.167410657 -0.232312381 0.363582581 -0.13739039 0.0709982663 -0.0571359098 -0.123749509 0.231131315 0.354369044 -0.186107814 -0.344807357 -0.338413566 -0.269501418 0.080005385 0.135844544 -0.155058682 0.246989861 0.152373031 -0.0580700226 0.235087812 -0.0603758581 0.0843831077 -0.18616724 0.00461412128 -0.34442547 -0.17582579 -0.128840566 -0.0468838215 -0.160276115 -0.0414843671 -0.226426423 0.220591024 -0.205365255 -0.0207892638 -0.337346107 0.207332492 -0.0323307142 -0.0164854843 -0.197582871 0.166020989 -0.261790872 0.0511762425 -0.0172575209 -0.0834388584 -0.342638105 -0.0889480561 0.26814115 -0.201534733 0.296132982 0.0490936898 -0.140006825 -0.169654176 -0.159888491 -0.0589812882 -0.115217641 -0.197988033 -0.372763842 0.0769818351 -0.34890613 0.115657657 0.017979186 -0.00636224821 0.157857165 0.298194975 0.0694261864 -0.352120668 0.210862815 -0.14081654 0.336754054 -0.184282765 0.0690742284 -0.128721401 -0.191845924 -0.102524266 -0.0465449244 -0.0746407434 0.00248684431 0.0353409424 0.22626029 0.0502929911 -0.0700813457 0.081748426 -0.0857707635 -0.0824173316 -0.258608788 0.0418061018 -0.0812413394 0.162884191 -0.292737663 0.0265238509 0.15387015 0.233671233 -0.139432624 -0.15010637 -0.02136782 -0.0808498859 -0.150811628 0.0502065308 -0.125996321 0.340356916 0.300478935 0.0856591463 -0.00741255656 -0.0759311914 0.0123526705 0.0538960882 -0.0821244717 -0.0388786867 0.154194668 0.0998763368 0.0839309841 -0.296955049 -0.123007759 -0.00498112058 -0.0542393625 0.053966362 -0.292972624 0.0836846456 0.159896672 0.205135345 -0.190131173 0.39949581 -0.0786866546 0.0625026375 0.256870002 0.00889021065 0.115189008 0.168582708 0.12540929 0.207758188 0.261035055 -0.0300041065 0.00849702768 -0.0379808769 -0.178183511 0.169546619 0.39327693 -0.202688053 -0.156847164 -0.0521854311 -0.37040022 -0.158105388 0.318660378 -0.353445679 0.157492712 0.0841105208 0.121509098 0.123740844 0.22355175 0.140772536 -0.134613156 0.0555169061 -0.293474048 -0.203282833 -0.228897393 -0.228917748 -0.152043849 -0.105079345 -0.0790923834 0.230155662 -0.00552912755 -0.0768210292 -0.178954169 0.31609416 -0.057694789 0.105426423 0.0871051848 0.121014662 -0.252786219 0.313912988 -0.0646343082 -0.146958008 -0.19418405 -0.144969523 -0.131804928 0.0659216195 0.256892383 -0.136945143 0.0823985934 0.0985208675 -0.126912579 0.187079057 -0.0046998756 -0.325596899 -0.017537266 0.0927642956 -0.145715579 -0.223024607 0.104650959 0.0183724724 0.180627853 0.0200962089 0.0833436772 -0.145922199 0.309358001 -0.138500229 0.309831321 -0.136870235 0.124548726 0.0697149336 -0.221378818 0.182410032 0.349151552 0.12333443 0.346789479 -0.0531218275 -0.149703622 0.0332397781 -0.145887792 0.0836692303 0.0964542776 -0.301161438 0.0170452334 0.0897588506 0.254166424 -0.152707174 0.234093875 0.0809456185 0.0563096553 -0.0734321252 0.2963112 0.0518187135 0.345078886 -0.0542230681 0.133289397 0.0198531151 0.337441087 -0.189103916 -0.249247879 -0.0705156997 0.0682633445 -0.240372255 0.183974937 -0.191777498 0.0592021793 -0.140940502 0.257195979 -0.0366607681 -0.105172306 0.0244368464 -0.150683671 0.0422395095 0.289175749 0.111276582 0.153220996 -0.0952069759 0.131453633 0.0380359031 0.308194041 -0.187250003 0.485674053 0.0805962235 -0.233807117 0.246802896 -0.177264661 -0.34229514 -0.121246576 0.166699275 -0.211211249 0.102561221 -0.117082991 0.124825262 0.192739382 -0.341596127 -0.332040459 0.193764493 0.27189666 0.398415446 0.134353638 0.181400269 -0.0380356871 0.39379549 -0.379350722 0.217821077 -0.0672443286 -0.417887121 -0.219866157 -0.0384014323 0.0367522873 -0.225328088 0.285081774 0.0700379834 0.352299452 0.179848194 0.162223846 0.0254978929 0.144994766 -0.395766854 -0.0829293653 0.0692084655 0.185674921 -0.0694304407 0.0315634124 0.00608185073 0.369364053 -0.304096878 0.130789742 -0.0551390611 -0.115040913 -0.206386998 0.360205024 0.139940754 -0.146566406 -0.260336936 -0.345197409 -0.0658903122 -0.00154983078 0.110042043 -0.0225998126 -0.309649944 0.00655773049 0.316639572 0.192542791 0.130825937 0.156018317 0.120163582 -0.20046322 0.106942318 -0.163420737 -0.168894917 0.0229329746 0.19571507 -0.32201615 0.0335901529 -0.278615147 0.319809675 0.170874134 -0.0401657037 -0.347674131 0.387958527 0.306911081 0.317226201 0.170807242 -0.0372060537 -0.166176483 0.148790374 -0.0640980899 -0.0943910405 0.117630705 -0.155351147 -0.0168449059 0.010808087 0.100976884 -0.0395065472 0.270663232 0.0410137139 0.106606886 -0.0946135074 0.200229675 0.203970522 0.170871526 -0.214901328 0.144371092 -0.025482215 0.267974168 -0.26138708 -0.164566055 -0.162654579 0.0749000683 -0.0652062148 0.219575867 -0.145316035 -0.0597165637 -0.0500195734 0.158066183 0.145009667 -0.0868721902 0.0714345053 -0.0696398094 -0.233522013 0.0669493005 0.0876867026 0.1963377 -0.131587148 0.26109454 0.195387423 0.270572752 -0.143583611 0.444497734 -0.0482036136 -0.22218895 0.125083417 -0.097900115 -0.192448139 -0.26037398 0.291841626 -0.234106943 -0.00759188551 -0.138742492 0.307991415 0.065312095 0.00504422374 -0.292611301 0.204567388 0.328577638 0.209787667 0.403106987 -0.0666492581 -0.337372959 0.232856914 -0.165825263 -0.0674203187 -0.0510040894 -0.297027558 0.0814573541 -0.0826344192 0.0917869136 -0.0807157457 0.385737211 0.094569996 0.178501844 0.0278762169 0.161908016 0.0583126657 0.37885201 -0.153894141 0.0392239764 -0.0408910438 0.383913547 -0.192845494 -0.000554950093 -0.107195079 0.0362045541 -0.222650751 0.226421192 -0.24315761 -0.057897415 -0.0568038411 0.412136823 0.00483811367 -0.100623228 0.249900356 -0.244402662 -0.0835891291 0.0975378677 0.113974802 0.278444201 -0.0799255446 0.175947562 0.132129297 0.312712669 -0.0630832314 0.401582599 0.00229399512 -0.0545461103 0.0341124609 -0.267025024 -0.334735096 -0.0992978066 0.196025521 -0.244733214 0.0832932293 -0.344690591 0.258832127 -0.195116311 0.118189879 0.241415545 -0.0716370344 -0.323389381 -0.11320705 -0.155924574 -0.0445707254 0.288871914 -0.111369021 0.0278076641 -0.0157991219 -0.0364070497 -0.0378146395 -0.0554456189 0.0369763859 -0.0294826906 0.069542177 -0.232260346 -0.14007473 -0.22118035 -0.0147651499 -0.337381601 -0.199537098 -0.301044554 0.0644136444 0.0995896459 -0.0831080452 -0.238184199 0.147834405 0.0716556013 0.13097401 0.026841078 0.192221552 -0.122554496 0.0792551637 -0.0113236289 0.031552881 -0.323100746 -0.10160438 0.11123471 -0.111713737 0.157463893 -0.0724191815 0.00972414576 -0.0628837422 -0.279748529 0.179623947 0.0389219709 -0.127140716 0.0302078221 0.254327148 -0.365204781 0.00621574232 0.0380066931 -0.0393125787 0.194448173 0.124108598 0.0426595174 -0.328909636 0.344435155 -0.11287421 0.102164961 -0.00515735196 -0.185404554 -0.0146881472 0.428100586 -0.319802672 -0.233161777 -0.300852329 -0.269234002 0.100471333 0.0591867045 -0.13100192 0.0342356265 0.00286128256 0.0350346155 0.367661029 -0.0144054173 -0.00396583648 -0.280628204 0.112525441 -0.279586673 0.107862346 -0.162839383 0.0859149769 -0.214287847 -0.106584959 -0.183865786 0.198631197 -0.123806156 0.0100585856 -0.320077032 0.487991869 0.0897107795 0.183317587 -0.202597141 0.159966677 -0.331183761 0.157187298 0.0226569567 0.124470793 -0.320625871 -0.0462322533 0.0655223653 -0.0175795127 0.153368652 0.110371903 -0.183727399 0.0280100685 -0.288218379 0.182645559 -0.178412646 -0.0700894445 -0.400372237 0.196324855 -0.325696051 -0.0706579983 0.0549395233 -0.00808504596 0.178011 0.238571182 0.339161187 -0.387294352 0.425613314 -0.167683616 0.180644929 -0.307901889 -0.297566205 0.116523616 0.496900052 -0.00040649419 -0.199919686 -0.0334101878 -0.385367453 -0.251775414 0.280799031 -0.227551237 0.231208622 -0.154509962 0.25114727 0.143978566 0.215891436 0.108143762 -0.163901627 -0.127172694 -0.0859954581 -0.0946290866 -0.269517481 -0.270923436 -0.317231685 0.181090251 -0.117320091 0.430240571 0.197411507 -0.365564078 -0.228208661 0.145234779 -0.216875568 0.242841333 -0.102161132 0.27645731 -0.227501839 0.476393193 -0.022163989 0.122308247 -0.210838586 -0.273692727 -0.184831008 0.133338541 0.313108176 -0.0850972384 -0.0277496073 -0.189650118 -0.217277214 0.163541332 -0.0112322262 -0.21500051 -0.0250096694 0.0886204168 -0.0923771933 -0.336576432 0.0840635225 -0.117534511 0.103862569 -0.145862132 0.0971319154 -0.479693562 0.30483222 -0.135663494 0.210158408 -0.31267795 0.308098108 -0.346676171 -0.558020353 0.237771913 0.602327883 0.0807498991 0.499027014 0.028505899 -0.241812274 0.427231461 -0.347116619 -0.00770321209 -0.0898410901 -0.278842688 -0.0616161041 -0.113287285 0.265467852 -0.156617954 0.144857049 0.0482368879 0.343019515 -0.0976528898 0.158553794 0.0362847075 0.37466833 -0.305722862 -0.0963259563 0.135112956 0.21708566 -0.191220134 0.157221705 0.0494286269 0.000792312261 -0.586310565 0.253562391 -0.216768235 -0.0345940553 -0.0411499292 0.52711904 0.193186373 -0.0798391849 0.0860450715 -0.366640806 0.176082149 0.148010567 0.130692944 0.222117528 -0.0222000591 0.162398413 0.0986620486 0.2379096 -0.0756738186 0.301498622 0.166748747 -0.116043732 0.19664064 -0.12050765 -0.256606966 -0.131036147 0.340840399 -0.13948752 0.079031311 -0.00603277236 0.333794057 0.0493326187 -0.0307655782 0.133789092 -0.238236785 -0.265831977 -0.0623259097 -0.266377687 0.104027823 0.267311454 -0.115027346 0.00220956723 0.195543259 -0.024735583 0.156926155 -0.18383339 0.0935787484 0.0257953294 0.139568254 -0.363048315 -0.242363587 -0.233203501 0.00131310103 -0.120516099 -0.2742652 -0.236710519 0.133944675 -0.0993308499 -0.0712455511 -0.28820917 0.114866391 0.196917742 0.0373063236 0.037274275 0.267754585 -0.0410494171 0.0211289544 -0.00854763668 -0.127421603 -0.270901144 -0.0342050381 0.00199891138 -0.133648008 0.0012455422 0.0813923553 -0.0903855041 -0.0737291351 -0.297760338 -0.0972139984 -0.187226236 0.128359452 0.0366940871 0.313286811 -0.194931716 0.175593734 0.232553095 -0.227704376 0.359584123 0.347747594 0.263167083 -0.0443013124 0.355598927 -0.098336041 0.303211182 -0.0619912408 -0.26524812 0.169338048 0.43807745 0.0964963287 -0.314017713 0.0856618732 -0.398774087 -0.0785634667 0.0403506681 -0.249610826 0.186090171 -0.238738328 0.0610913411 0.111458398 0.085811533 0.119001247 -0.0257970933 -0.128609478 -0.0515367128 0.133346155 -0.161469668 -0.164660066 -0.229269668 0.0692989677 -0.0981141031 0.308812052 0.132346466 -0.376459837 -0.166270658 0.171428621 -0.267956793 0.139563993 -0.139042974 0.408554584 -0.261049032 0.235125154 -0.0875499472 0.0500797033 -0.179064736 -0.113556467 -0.123545274 0.162945569 0.213945866 -0.275833458 0.0373853259 -0.100926675 -0.0183325391 0.114650868 -0.0277486816 -0.11334379 -0.0329995379 0.0268811323 -0.0559157915 -0.156870022 -0.126029089 0.141245529 0.00354929408 -0.0319868624 0.152212739 -0.360051841 0.193334311 -0.0648942217 0.0842312351 -0.297157377 0.30864194 0.031979382 -0.173018917 0.151195481 0.0566118695 0.0559730455 0.291599452 0.093123734 -0.0440377295 0.293319255 -0.272090763 0.200111225 -0.0177868493 0.183581412 -0.156628311 -0.0817623213 -0.0548627898 0.154054984 0.0529361777 -0.0023268417 0.198046893 0.352364212 0.0760265589 -0.171876848 0.0923492238 -0.20231691 -0.189215183 0.338783056 0.0906189382 -0.0919741839 0.184832379 -0.253108352 -0.152852818 -0.0211007874 0.0995362625 -0.42686078 -0.0835153684 -0.0296248104 -0.0104825748 0.274059117 0.193467304 -0.0750992075 -0.241914138 0.219979003 -0.195195034 -0.125836834 0.114662006 -0.00795675348 -0.0945409611 0.414652467 -0.30605045 0.0307033677 -0.0793095082 0.097875312 0.072971791 -0.0488677025 0.0808027461 0.282058686 0.14478986 0.260728955 -0.237720311 0.0384418741 -0.355569482 0.168765187 0.428669274 -0.299361438 -0.58498162 0.0930881426 0.34119755 0.154411912 0.318809897 0.283177346 -0.218964994 0.361745328 -0.460604757 0.0645594522 -0.359314233 -0.139015391 -0.299010396 -0.1131671 0.0593120828 0.0587130301 0.200609058 -0.0525368452 0.40715152 0.25611639 0.153303802 -0.0109186517 0.13530086 -0.584161103 -0.255795866 0.310515106 0.1483569 -0.214822993 0.0773556381 -0.213470504 0.195558086 -0.350341797 0.240848407 -0.364032477 0.0938793272 -0.262800843 0.347487152 0.220076844 0.0602275096 -0.125320882 -0.464223951 0.183341965 0.0686791986 0.229303285 0.0434856042 -0.350663692 0.145508319 0.449174523 0.0812071562 0.119178638 0.342280895 0.346700817 -0.0389886089 0.106063023 -0.243848398 -0.12606582 -0.00137609639 0.341503382 -0.147503987 0.180491149 -0.28427279 0.347224027 -0.0678971559 0.313189477 0.196063295 -0.0210401677 -0.136208877 -0.193643689 -0.269018888 -0.00708036171 0.103481278 -0.294707656 0.175119534 0.0760906339 -0.0440666676 0.0694614276 -0.0415486395 0.177159578 0.219164342 0.0159786772 -0.0220911875 0.0246163215 -0.197066039 -0.303922981 -0.117358245 0.00513383327 0.0345307291 0.180770963 -0.0467389412 -0.0747514218 -0.1745767 0.0436327234 -0.263507307 -0.190482378 -0.2282729 0.134354964 -0.0497562252 0.10259793 -0.111457519 -0.0609376468 -0.179010004 -0.0376827642 0.0617041625 0.190729439 0.190281436 0.132707506 0.0295672677 0.0140422592 0.00351456762 0.0261730161 0.0547684245 -0.344497055 0.176414192 -0.0146899782 0.117495626 0.0278092697 0.0638778806 0.0896521956 0.137070835 0.0840006098 -0.110369548 -0.0578151941 0.123849303 0.106704079 0.162466839 -0.247509256 0.260418683 -0.241096556 -0.36828205 0.207385644 0.424460918 0.3179304 0.278922617 0.0167899802 -0.198249072 0.385534286 -0.282123506 -0.0945019498 0.0413729511 -0.414771378 -0.0470285378 0.143429726 0.0246748421 -0.116076268 0.2644476 -0.0481029302 0.179281265 -0.165434763 0.253473371 0.226192668 0.373705775 -0.300732255 0.126044378 -0.159635186 0.41889894 -0.322816193 -0.0586302243 -0.0870193467 0.0757260025 -0.413929641 0.116135448 -0.126654118 -0.00420192303 0.0473200008 0.396005332 0.168296322 -0.237407416 0.169983625 -0.207597598 -0.192364603 0.254116654 0.179076999 0.28803876 -0.152227715 0.107493885 0.0534916297 0.377122492 -0.111952037 0.458577603 -0.0298150033 0.0169106647 0.0341528654 -0.265426427 -0.239398941 -0.14475216 0.401281506 -0.227515683 -0.0286502317 -0.148747593 0.333520919 0.0155507522 0.168006748 -0.125733063 0.309767783 0.0922935829 0.0304529723 0.166901529 -0.0550491326 -0.345165521 0.0381549895 0.052661553 -0.00404568808 0.173145249 -0.216760054 0.230012253 0.0724082887 -0.0193138029 0.00892163347 0.370665669 0.185490042 0.207029805 0.0126301488 0.23004064 0.044597052 0.263486177 0.0623681732 0.243316844 -0.0324996933 0.308869541 -0.199196681 -0.188409165 -0.0568396114 0.115134656 -0.0254522581 0.0461861193 -0.235693663 -0.130170822 -0.0177747048 0.047929842 -0.0936848894 -0.143988967 0.276391327 0.0795075223 0.00501970854 0.118842199 -0.0589623041 0.373723239 0.0429667458 0.152105808 -0.108404502 0.127037168 -0.245268285 0.15913108 0.10202983 -0.295119286 0.230176777 -0.0898801535 -0.168898895 -0.214475185 -0.0183479376 -0.333094776 0.0659693182 -0.21226114 0.0413804129
tensor gate_encoder.0.bias 1 32
-0.130197957 0.206524879 -0.00226909202 0.149414003 -0.0202312246 -0.0859229863 -0.293311924 0.186701655 0.295013398 0.0313095674 -0.00621681614 -0.0669303685 -0.0549717359 0.090828985 -0.0218426511 0.0401375517 -0.0398383588 0.0916941166 0.118067868 0.136274621 0.0353606343 -0.0201291814 0.0354393497 -0.362265408 0.222944438 0.139215291 -0.222542286 0.26988852 0.253645271 -0.179075271 -0.0339916348 -0.0914549977
tensor objective_value_embedding.weight 2 32
0.12679407 0.559299052 0.258578926 0.873731852 -1.44721854 0.185754344 -1.93024385 0.594198644 0.75116539 1.66347075 -0.16617687 -0.0159011763 0.486030102 0.50343436 -0.128883258 1.05315065 -1.50538492 -0.839580178 1.41270208 -0.474533349 -0.0457562767 0.305580378 0.294134378 -1.43851197 0.275788099 0.475288391 -0.429270118 1.43889523 1.3402797 -0.69862318 0.475976914 -0.949136913 0.628055453 -0.945261121 -0.122094236 -0.326158255 0.703616798 -0.388561875 -0.381537497 0.138639495 -0.665789545 0.955048203 0.450445801 1.54929411 0.451236337 0.416469842 -0.312722325 -0.502973378 -1.09516716 -0.620352745 1.33493757 0.296400607 -0.171321645 1.18544877 -0.717231929 0.555255949 -1.29125845 -0.335048735 0.458888322 0.236970395 -1.66325784 -0.408197612 0.054123614 0.040305011
tensor backtrace_actor.0.weight 32 32
-0.208124384 -0.0954166874 0.0795986801 0.308707327 0.0424994305 -0.139687538 -0.193426669 0.229930758 0.185566872 0.082572192 0.0490098037 -0.0897571221 0.0152385971 -0.162571892 -0.115460254 -0.0175063312 -0.232628256 -0.221253797 -0.008006569 0.0122761391 0.169747859 -0.00955981668 -0.0719413236 -0.133952945 -0.102662876 -0.116495416 -0.191093236 0.210311025 0.0976483673 -0.0435496159 0.103918768 -0.0758322626 -0.198943198 -0.10507869 -0.144794554 -0.000132314221 -0.0345771946 -0.0714419559 0.246954098 -0.216303855 -0.143619895 -0.168835193 0.00958291348 -0.131850019 -0.116361313 -0.128927246 -0.0693450421 0.0277690832 0.116101831 0.234714851 -0.274404943 0.120265394 0.0300504882 -0.0884266794 0.110879302 0.195477128 0.0737513676 0.112450816 0.140619755 -0.214457259 -0.0841556042 0.0985930339 -0.0376764089 0.204055622 0.146087646 0.00373116042 0.0493451655 0.0295667388 0.0579353087 -0.256965846 -0.1973892 -0.00497290632 0.165382653 -0.0835365504 0.153079733 0.0277414024 -0.013219676 -0.0810241178 -0.214377269 0.0992334709 -0.159781143 -0.0183202047 0.167138904 0.235060111 0.0427598357 0.18579416 0.0304093678 -0.219519004 0.149698243 -0.0934337601 -0.222039506 -0.00113751786 0.0246017259 -0.276477188 0.0361055583 -0.0817330852 -0.0686427578 -0.0689815879 -0.125981435 -0.0567431785 -0.0209632479 -0.0597467422 0.1826915 -0.282600522 -0.0427206717 -0.138583243 -0.0106036579 -0.0720576569 -0.173519492 -0.0538014136 0.274616569 0.105898619 0.258155078 -0.0208249893 -0.184994906 -0.0367852077 -0.277483582 -0.137435362 -0.0263046212 0.0932143331 -0.0438171811 0.0146308066 0.105494007 -0.205080554 -0.0761562958 0.118505418 -0.299530238 -0.140587106 -0.00284748967 -0.00331998034 -0.110497169 -0.177320406 0.209086418 0.043967396 0.242318332 -0.229437187 0.0273951888 -0.0297131594 -0.114053413 -0.12384326 0.127074197 0.0859770551 0.0807407275 -0.169098839 0.276833475 0.0679520518 -0.222176507 -0.0472758077 -0.080331333 -0.0407475978 0.109109074 0.205011636 -0.112934664 0.0261594765 0.147849426 -0.220030516 0.0282551162 0.0412156172 0.0235321727 -0.160740241 -0.179450393 -0.0855689719 0.431984633 0.138385028 0.0351974145 -0.214458317 -0.165653333 0.0949753001 -0.20513159 0.0744039938 0.388791442 0.0908513144 -0.289999872 -0.127451003 -0.17656523 0.0792849809 -0.187312037 0.146669537 0.277242243 0.275069684 0.398813605 -0.105783805 -0.0668394193 -0.239543557 0.0547077097 -0.155800864 0.0370436832 0.1939082 -0.113442279 -0.307131469 0.387848616 -0.161422357 -0.175479576 0.0375565737 0.075820826 0.267212152 -0.107963189 0.106891833 -0.160235792 -0.0071115545 0.0335920006 0.206941634 0.0547924563 -0.0144301029 0.0168053638 0.240809858 -0.12682806 0.0803574771 -0.0383644402 -0.0963784754 0.264573991 0.194204047 0.107253104 0.0252250526 -0.21412544 -0.293808311 -0.112039745 0.106349625 -0.0425291471 0.0635542944 -0.0703456253 -0.057410378 0.201561734 0.127365842 -0.25911805 -0.0932340175 0.159554869 -0.0072100237 0.0429465845 -0.229358479 -0.0584293157 0.141033903 -0.0811509416 0.109127343 0.236724615 0.0566771403 -0.0396691151 0.0239420645 -0.420057178 -0.0762686655 -0.309508026 -0.0260658152 0.287494004 0.11608427 0.351465315 -0.168375999 -0.211109489 0.01084329 0.198094949 -0.165241793 -0.059866298 0.194086939 0.154964119 -0.342144459 0.274879009 0.155205324 -0.144373953 -0.0576691218 0.0260300711 -0.110715814 0.0541869253 0.0830826014 0.250043064 -0.166493103 -0.0150774028 -0.0831616074 -0.230180949 0.15516986 0.122035727 -0.0846047774 0.28493908 -0.115599297 0.278884858 -0.135180533 -0.00284385169 -0.064621076 -0.0754609033 -0.00891611911 0.0471268855 0.183276206 0.103356339 0.149070069 0.0707518905 -0.248968095 -0.143127963 0.230705932 -0.280707181 0.100994259 -0.18447727 0.0781092793 0.284600168 0.0223511234 -0.239723906 -0.229915917 -0.125650823 0.0691970959 0.187676549 0.146604151 -0.0184847023 -0.0147209493 0.0134326862 -0.126759052 0.0300265085 -0.0784984753 -0.109563291 -0.141683578 0.25234586 0.0122705847 0.16496478 -0.0326126888 -0.123833671 -0.268943399 0.0826680437 -0.122093365 -0.163813516 0.00596142514 -0.115194775 -0.259815007 0.0293635856 -0.203026056 -0.331386566 -0.0427933037 0.140290692 0.276409417 -0.00852757134 -0.20882915 -0.214785323 0.0962994844 0.047746513 0.112031795 0.037426617 0.0963697061 -0.258940727 0.118911177 -0.223433942 -0.0596414022 -0.175997734 0.0667267963 0.323393106 0.228070706 0.265834808 -0.0857413113 -0.134887457 -0.0137082376 -0.0322881266 -0.0703815296 0.04678813 0.228976056 0.00618582219 -0.105950147 0.24120529 0.0947905779 0.0855886117 -0.00778802112 0.242891788 0.0638518557 -0.179688767 -0.0978701413 -0.280630797 0.14003323 -0.131967962 -0.115582161 0.251198262 -0.0140556237 -0.00212767115 0.1511859 -0.330636352 0.0237793531 -0.254169554 -0.0276123602 0.0660418943 0.265247881 -0.0161687844 0.154009253 0.0132270455 -0.334287763 0.179614261 0.112059541 0.0109643061 0.0148884151 0.193072021 -0.175108418 0.0140419165 -0.119271092 0.19112961 -0.162105531 -0.407770306 -0.175378874 0.170346379 0.320941448 0.0984971747 -0.195793927 -0.172535181 -0.0395207033 -0.310709059 0.0819514543 0.131267413 0.0372991934 0.260673344 -0.0258542616 0.202278689 -0.161503643 -0.147731632 0.00234720367 -0.0732354373 0.00699721603 0.258078367 0.264326423 -0.142675042 -0.10458599 0.124439932 0.0142846704 -0.123708144 0.318388045 -0.35221228 -0.105730079 -0.0894621238 0.125294298 -0.102263168 0.0866914019 -0.0819908604 -0.0684010461 0.142702386 0.00779067818 -0.0591126382 0.0884702727 0.0982800946 -0.037968006 0.084219113 0.0126875425 0.112722054 -0.023053702 0.11736007 0.122941658 -0.112857983 -0.121111311 0.0790858045 0.0752307028 0.0444441289 -0.0937862024 0.0117357615 -0.0951275751 -0.101878062 -0.183508903 0.0380987935 -0.0941670462 -0.0763507932 0.0255820006 0.111474782 0.114956729 -0.255773991 -0.0239838846 0.0405111387 0.063411355 -0.025885772 0.32964161 0.16819948 0.406289518 0.137778088 0.262667418 0.216634631 0.293354154 0.0558132716 0.104048811 -0.190750614 -0.38108936 0.263964951 -0.0203984249 -0.205552608 0.280559957 0.0396342054 -0.323349178 0.021466447 0.139048994 -0.158379063 0.363045841 -0.0252893288 -0.226583973 -0.239114568 -0.29648447 -0.111397639 0.0942349955 -0.33561939 -0.262809068 0.149845675 -0.0796248764 0.293772489 -0.153299138 0.0619051084 0.0424393006 -0.204755321 -0.0570011251 0.131180078 0.102252997 0.356810898 0.0288323928 0.121991187 -0.00236013788 -0.0717134923 -0.0572630651 -0.183358192 -0.0967815071 -0.0568105206 0.111354031 -0.133798182 0.136846483 0.0726790279 -0.133852795 -0.0903216079 0.270073354 -0.381574541 0.175307095 -0.132853568 0.14430286 -0.0349072106 -0.183279708 0.196176887 0.241417408 0.254129797 -0.345449865 -0.0421138443 -0.04432147 -0.115037687 0.0181931667 0.203322366 -0.126365274 0.219554499 0.160237387 0.358041137 -0.117877387 -0.0962294117 -0.278638363 -0.0944708139 0.0358821973 0.0473799333 0.267267108 0.0518514179 -0.0499202609 0.0436042361 -0.283665925 -0.183612898 0.33010754 -0.00469064061 -0.089807868 -0.0698836297 0.170754403 0.387121916 0.31802246 -0.189532563 -0.123423859 -0.0735356882 0.0935574546 -0.177348629 0.215442196 0.167777658 -0.0698428825 -0.0692232326 -0.1217779 -0.332557917 0.103571162 -0.0313504115 0.0117224557 0.0902072787 0.2615619 0.267522454 0.0782260746 -0.35517168 -0.252185971 -0.0380816385 0.0683509931 -0.277441084 -0.0408461168 0.201173782 -0.0761639774 0.333703458 0.0750269145 -0.233694553 0.0237026606 -0.148693353 -0.164402023 -0.000116083829 0.155345261 0.294217557 -0.250183165 -0.0642349198 -0.217695549 0.0010543766 -0.0589837059 -0.283513933 -0.0418563336 -0.0248771962 0.0164844096 0.162649393 -0.00268119737 -0.180796742 -0.150965482 0.106968679 0.0215397924 -0.0603899695 0.2690579 0.191065744 -0.0719920248 -0.0477577634 -0.0835337639 -0.132916465 0.0452588126 -0.0743884668 0.175227135 -0.0958424881 0.119127482 -0.307853997 -0.207069844 0.106920265 -0.00657882867 0.0225127209 -0.133313179 0.0572141074 -0.0816782489 -0.192931712 -0.0103288302 0.0786871165 0.0226729661 -0.0126913544 -0.0313395746 0.253287673 0.0497270189 -0.151007637 -0.0940711275 -0.219963983 0.153050646 0.0422674716 0.144585729 0.0899026692 -0.106265143 0.12661007 -0.303462297 -0.134054989 0.283964455 -0.208204761 0.0763573498 -0.0975104049 0.111566052 0.260965198 0.0371346399 -0.198969126 -0.179883137 -0.217602894 0.310955286 0.212971628 0.0844987556 0.176867798 -0.0493789092 -0.0742370263 0.0775279254 -0.0259940661 -0.130255789 -0.156575203 -0.0045786174 0.192767814 0.149989545 0.198301539 0.00621107081 -0.217080504 -0.179993153 -0.0889781341 0.07564345 0.0128763756 0.214267299 0.202498183 0.138028011 0.191958159 0.115160309 -0.0695818961 0.0901918039 -0.010206461 -0.0525012538 0.0356314927 -0.00777409645 0.175969288 -0.240283176 -0.0665979534 -0.105614945 -0.181704819 -0.0883797705 0.11126662 0.115568466 0.177768663 0.00640703086 0.0361984782 -0.0563599467 -0.276297331 -0.0376432948 0.0519585833 -0.129669473 0.121856876 0.253588945 -0.0926696733 0.197845504 0.164474964 -0.161786318 -0.157160968 0.0358636416 0.0471629202 0.0222495031 0.0665396973 0.00222283695 -0.258927524 -0.212406352 0.00918693282 0.169756964 0.196941927 -0.0631795675 -0.0570275225 -0.103712186 -0.205934897 -0.122688606 0.192732573 0.0435987823 0.0475171655 0.00412007608 0.121209383 0.219949186 -0.0613848604 -0.0170474835 -0.156271279 0.0553330705 -0.0752224699 0.139713481 0.0772556737 0.00705356291 0.177508011 -0.245059833 -0.154526949 0.207677454 -0.210885748 0.0740403011 0.049937319 -0.0201892965 0.131682247 0.196765423 0.0264017992 -0.127541512 -0.272457123 -0.0287394356 0.197854519 0.180501446 0.166452259 0.0349853449 -0.174204484 -0.0182635337 -0.0525485612 0.0563465804 -0.003773971 0.109526753 0.265279233 0.236885563 0.0359567069 0.0546232797 -0.230911046 -0.240604803 -0.108616389 0.114718758 -0.16627118 0.185556471 0.0508082323 -0.266383618 0.160753205 0.18275173 0.0244052317 -0.136601374 -0.340877116 -0.203054294 -0.0488047265 0.239421457 0.234700516 -0.163534299 -0.146651253 -0.130341157 -0.0683121458 0.0310528483 0.180845454 -0.179672763 0.301460266 -0.0557058901 0.183402851 -0.0546663217 -0.152625725 -0.0955331102 -0.317971349 -0.010023619 0.0784161612 0.0218881369 0.0140216872 0.155543759 0.0595481582 0.0249263197 -0.121112466 0.224313423 -0.343585283 -0.00897376705 -0.0910630077 0.1299088 -0.148365453 0.0138001824 -0.00805647485 0.0158496834 -0.257288516 0.113729909 0.148676291 0.36412254 -0.00201269845 0.00320437201 0.305786192 0.266899675 -0.184535027 -0.125227213 -0.284720689 -0.243543297 -0.022871932 -0.0253880657 0.00566361286 0.232236683 -0.0261346009 -0.0175654199 -0.0810921043 0.124086283 0.0320607014 0.247965664 0.0647829175 -0.336577117 0.0402488634 -0.100376286 -0.256674051 0.232095852 0.441875905 0.209956616 -0.127836809 -0.308837831 -0.308927119 0.178213283 0.0741324276 -0.130529016 0.249801189 -0.125913903 -0.139872909 0.0130007491 -0.380131513 -0.0901387408 -0.0913895816 0.127345413 0.14815402 0.212075591 0.231407166 -0.0644310415 -0.26737535 -0.144930482 0.129872039 -0.00673238095 -0.317600429 0.089975372 0.122203827 -0.0495170169 0.420039654 -0.0529445596 -0.0941125453 0.125490397 0.128944039 0.00941835064 -0.140817553 -0.00525115058 0.244277462 -0.199285805 -0.204856634 -0.455705315 0.0150763728 -0.0030338692 -0.0878663734 -0.286507994 -0.0251761675 -0.0516574979 0.0880375579 0.429763138 -0.328945816 0.0431429558 0.28614518 -0.0492796153 -0.0418567583 0.297736138 0.25615114 -0.238366365 0.205006793 -0.175048262 -0.00314802537 0.351786464 0.192498073 0.195194915 -0.0149415201 -0.0257344525 0.207846716 -0.14082858 0.0345150754 0.208647355 0.336166888 -0.118017063 -0.0178407077 -0.362736821 0.158525676 -0.280440688 -0.267624557 -0.22647649 -0.034481775 -0.104776591 0.182923228 0.167994723 -0.242705569 -0.100365832 0.257570505 -0.262424558 -0.0905672014 0.173728913 0.196980059 -0.242910728 0.0205345526 -0.324659377 -0.0932447538 0.153908148 0.0937999785 0.12149854 -0.0917805657 -0.0762429312 0.0785750598 0.154889598 -0.0752595067 0.0320074707 0.246829465 -0.150278419 -0.0367135368 -0.441711664 -0.0462778099 -0.0404990725 -0.27911669 -0.107075304 -0.0963242948 -0.15589197 0.275273532 0.418532491 -0.106777556 0.162085995 0.172761396 -0.198704228 0.125750482 0.124984115 0.100423008 -0.148044944 0.103871383 -0.398425847 -0.00639522867 0.186179847 -0.0311497357 0.20540826 -0.029723417 -0.0375856124 -0.130046636 -0.126752511 0.130168855 -0.10070923 0.324333251 -0.0463409871 -0.0240527913 -0.267484158 -0.117065094 0.147936463 0.0382055193 0.0565653443 0.320583999 -0.116680652 0.113894708 0.110285833 -0.119733356 -0.2199305 -0.00143082323 -0.210048497 0.211072534 0.00635211542 -0.110349633 -0.117239378 0.0721722916 -0.00225100014 0.0724438727 0.191606328 -0.0883484036 0.167701647 -0.0786239356 0.0619770773 0.0179726519 0.0310595315 -0.0295561682 0.195010006 0.152845427 -0.155554071 0.0396965183 -0.399525732 0.105563909 -0.261361629 -0.0673665851 -0.303165525 -0.0934092999 -0.132074133 0.275620013 0.128427535 -0.243509516 0.166804671 -0.0298306774 -0.133858785 0.060632173 0.335930973 0.0335832797 -0.255649894 -0.0242103357 -0.165748522 -0.0694807023 0.399665326 0.124686159 0.246406227
tensor backtrace_actor.0.bias 1 32
-0.0197936203 0.017593354 0.129515648 -0.258614123 -0.0838477314 0.181603014 0.0364905521 0.248074487 -0.179142967 -0.0848896578 0.057097137 0.0368341394 -0.0258431509 0.0594071262 0.173733309 0.00925881974 -0.280327022 0.26904583 -0.0764132813 0.0769418851 -0.0929467529 -0.268891066 -0.193218157 0.177358001 -0.0285215862 0.323560745 0.055643294 -0.31055975 -0.0376380607 -0.303479105 -0.00687453896 -0.0881863236
tensor backtrace_actor.2.weight 2 32
0.25028038 -0.224039152 -0.0343414471 -0.269593298 -0.0332413837 0.25587374 0.241126359 0.17820923 -0.13201648 0.172855243 0.0732235238 0.206382513 -0.192288637 0.119688846 0.200840503 -0.231884763 -0.0249005146 0.170840889 -0.139212817 -0.250365615 0.0566477068 -0.0677984431 -0.184710711 0.264502436 -0.0182933398 0.0166413318 0.15930824 -0.231549591 -0.32817322 -0.325075597 -0.189277917 -0.171102926 0.0212341622 0.268537551 -0.251727134 0.23343116 0.0570163988 -0.0952821448 -0.125023291 -0.170836866 0.103340454 -0.080236569 -0.317236751 -0.0182593148 0.186913326 0.15524976 -0.3555457 0.130260035 0.215626299 -0.0957668126 0.166531503 0.0624387264 -0.0318206921 0.216762617 0.0620202012 -0.00195455132 0.259506494 -0.298312187 -0.218787089 0.149728492 0.120369755 0.026920775 0.169248432 0.157685697
tensor backtrace_actor.2.bias 1 2
0.269121796 -0.221127048
end
