SMARTATPG_ACTOR_V2
embedding_dim 64
hidden_dim 32
tensor gate_encoder.0.weight 32 64
0.0517621078 0.0846617594 0.0391875952 -0.0299820546 0.0174698886 -0.180852383 0.127564877 -0.13618429 0.0727225095 -0.213955417 -0.113512717 -0.0960817039 0.123574652 -0.0714972466 -0.0487785786 -0.0781438276 0.0409530289 0.119536705 -0.0915509239 0.107218623 -0.0857622176 -0.0561643057 -0.00876498967 -0.0221487172 0.199894726 -0.0183943994 0.149091125 -0.0266837869 -0.138443157 -0.0764452815 0.187261969 0.0653765053 -0.0810891613 0.0841925889 -0.166193023 0.0214347653 -0.0438611321 -0.160400242 0.0374836065 -0.0723573491 0.05744569 0.14584443 -0.0297738519 -0.0971049368 0.00172160123 -0.0860753432 -0.110181212 -0.0754892454 0.24556455 0.0604481399 0.125809997 0.247067347 -0.200893 0.0260709524 -0.0989894643 0.0396594033 0.070982784 -0.114686854 0.212678075 -0.0125523163 -0.00606040051 0.0960533768 -0.0996453092 -0.0554618202 -0.331807494 -0.213534549 0.131275207 -0.250457615 -0.0979504436 0.271542311 -0.267775923 -0.0612375513 -0.0709391758 0.0481314436 0.320922732 -0.0672770292 -0.244588047 0.116269834 0.125838086 -0.0341508053 0.0835539401 -0.17412819 0.223452717 0.0127989752 0.185194075 0.281895757 0.101529703 0.209931269 -0.352144837 -0.0761221424 0.0798243657 -0.22981967 0.211902305 0.0331805721 -0.252202451 0.0908798426 0.306008995 -0.0642218962 0.0735901445 -0.0118595809 0.220050305 0.198333949 0.0151760457 -0.00546242204 -0.00864023622 -0.119206786 -0.152534515 0.0239296854 0.0145583348 0.243918628 0.234980389 0.428131223 -0.410064399 -0.17001088 -0.108648844 -0.50095129 0.0855721086 -0.0321598835 -0.101290844 -0.107280426 -0.144863829 0.180987537 -0.0314962789 0.124878146 -0.0815807581 0.0860102326 0.340817869 -0.0521597974 -0.27160719 -0.144383356 -0.000775632914 -0.199465111 -0.241353855 0.221600443 -0.206359178 0.0253500342 -0.0995727703 0.156681702 0.283875883 0.0230679698 -0.00582516519 0.0120318355 0.103636771 0.0168426633 0.029654406 -0.136754572 0.192643449 -0.0207372159 0.0534799919 0.230090305 0.0937839597 0.0984359011 -0.243949518 -0.0333973169 0.00406466704 -0.12735872 0.1936616 -0.0712812841 -0.159563899 -0.0727998316 0.209796071 -0.0763981491 -0.0678953901 0.0802221522 0.198736012 0.294712543 -0.137523785 0.102857247 -0.0183328595 -0.0281392056 -0.179800436 -0.0727952123 -0.0203741938 0.0937767327 0.106588513 0.458459437 -0.360309124 -0.0647428036 -0.00267451652 -0.407560676 0.255740911 -0.16001454 0.0210466459 -0.160649568 -0.157522961 0.100813873 -0.049552802 0.00457346253 -0.00138952513 -0.00183627289 0.220927358 -0.0407073386 -0.137051061 -0.0492210872 0.192010283 -0.1745103 -0.000704484934 0.330955863 -0.0584539659 -0.12141002 0.109750785 0.107917033 0.390073299 -0.00781227369 0.0258278549 -0.00975121278 0.195378765 -0.044642739 0.224572539 -0.00204589195 -0.0177007075 -0.103129104 -0.0330998525 0.0331502184 0.0492544062 0.170920506 -0.166562825 -0.0362410396 -0.0673993155 -0.212444708 -0.0218285769 0.0750447065 -0.0424071737 -0.0979043022 0.301885784 -0.0639387593 -0.00138511497 0.0957533047 0.181034088 0.280011028 -0.167841896 0.017073134 -0.121184811 0.0856267661 0.0374143645 -0.0261558983 -0.0639735237 0.067381002 -0.00419491297 0.254679203 -0.285336256 -0.0421602242 0.0831035525 -0.517433643 0.116042264 -0.0748077258 -0.0206069127 -0.185572043 -0.170330301 0.0514334813 -0.0349027179 0.100514598 -0.0135209486 0.0903397128 0.315810412 -0.0190866832 -0.163653448 -0.0541435741 0.0354396924 -0.0385200866 -0.0208841171 0.136798471 0.0344272442 -0.0315990187 0.0578833856 0.172233358 0.148332193 -0.12161053 -0.045692496 0.0516008362 0.17087698 -0.00914466288 0.0759321228 -0.120201118 0.0735247284 -0.0130812516 0.0752410814 0.0925170183 -0.0597102828 0.224896848 -0.182992876 -0.077800639 0.0552754775 -0.128486276 0.0617121793 0.116728783 0.00995676126 0.094058454 0.255413324 -0.0145031912 0.132847145 0.181174889 0.20817025 0.127166316 0.0457512289 0.0151665052 -0.088274397 -0.0403340794 -0.0651366413 0.157964602 -0.185003057 0.118139893 0.103078425 0.308067709 -0.216750324 -0.206786469 -0.0481332913 -0.232120454 0.0941811204 -0.111042418 -0.0327710956 -0.0137042804 -0.113594502 -0.0530993454 -0.173915476 0.0623125136 0.0206322502 -0.0159839652 0.343697578 0.129125148 0.163790062 -0.0785290822 -0.049721621 0.132511526 0.254150212 -0.0750100687 0.246662647 0.126492828 -0.184812114 0.0623372085 -0.242557347 0.147621483 -0.0809993148 0.062228363 -0.138834029 0.0910769626 0.0233453419 0.092458576 0.00958645716 -0.050881546 0.0809617937 -0.0276427455 0.00743178697 0.046255745 0.0415312089 0.0163436104 -0.00349878962 0.195641518 0.0381244086 -0.0293230955 0.0327647068 -0.0195708517 -0.0785751194 0.0186079871 -0.0993313268 -0.0962144509 -0.149628639 0.0588322766 0.235393554 -0.0119371023 -0.0532691739 0.0676237643 0.0763399079 -0.111578025 0.0450277478 0.10776291 0.0381072462 -0.228253022 0.258912206 0.113116026 0.104171187 0.188104868 0.0305077676 0.087603882 -0.045943182 0.0618162826 0.0548580252 -0.0493501537 0.174320683 0.0380769484 -0.0503893979 -0.0190983284 -0.0587709136 0.0172553211 -0.0371709727 0.120620139 -0.124591738 0.00611113897 -0.105629832 -0.0819786265 0.0586863048 0.198693156 0.0790072829 0.0274019875 -0.110096671 0.280478388 -0.014708099 0.168308809 -0.0881286785 0.0261522401 -0.0989393592 0.0234197937 -0.121416003 -0.036927186 0.00662516709 0.0789888278 -0.0408086851 -0.315927118 0.0538071282 -0.0430821404 -0.00895508565 -0.0752505958 0.226250425 -0.0293603111 0.0485715605 -0.143328965 -0.083536692 -0.00919636432 0.0352898501 -0.194919303 -0.150238454 -0.0861191079 0.0180967189 0.122009285 0.177903876 -0.106928781 -0.0482460894 0.226812214 0.0288325492 -0.334769934 0.0333916172 -0.304902792 -0.0531804152 0.157644749 -0.154169381 0.16921626 0.0132763237 0.186367139 0.00238247588 0.0882374272 -0.000952511386 0.0686653927 -0.00160619512 0.0506394617 -0.0826685578 0.02908778 0.119166389 0.115197286 -0.28429088 -0.230990052 0.0765359551 -0.0961970091 -0.136364415 0.273111969 -0.167815477 -0.00939698983 0.0708383173 -0.0680901259 0.383676767 -0.0958677158 -0.10792686 0.108875617 0.242422253 0.126940385 -0.0569116548 -0.0311305039 0.150935888 0.0773497522 0.064907454 0.116128549 0.00174899795 0.125752881 -0.25385344 0.00192395935 0.0374615863 -0.0786724836 0.208731994 0.0241206232 -0.152960181 0.0316626281 0.322537661 -0.107420981 0.0813744217 0.212574169 0.217540175 0.110498957 -0.182871461 0.0739544407 -0.0437849574 -0.0922887698 -0.154366523 0.126393393 -0.138246983 0.0960287079 0.108560629 0.310852855 -0.33221814 -0.213917926 -0.198368847 -0.362076014 0.198806748 -0.201941311 0.0321785174 -0.0675657988 -0.181503758 0.0789011642 -0.136768848 0.123623364 -0.0354714356 -0.00655842293 0.211634293 -0.130175844 0.0841391832 0.0595480539 -0.0111496858 0.0250352286 0.0468153246 -0.0769588053 0.213635653 -0.047211498 -0.153137505 -0.088253215 -0.107257031 -0.018526122 0.0306376722 -0.107554846 -0.248301595 -0.0555210486 0.0223541614 -0.0185384564 -0.074863553 0.0279818326 0.0895668715 -0.121393092 0.0203319136 -0.155892417 0.111172199 0.0389611572 0.0952074453 0.0106108589 -0.0825376585 -0.0437920019 0.080723092 -0.13795808 -0.025977917 0.0195182953 -0.0775919929 -0.0712275803 -0.402352065 0.0164922755 -0.0122475512 -0.0540331528 0.0262560546 0.14019601 -0.0453701094 -0.0335144326 0.115420558 -0.064717181 0.0351718217 -0.292930454 0.310341567 0.165012911 0.00800084416 0.228740156 0.0775122717 0.12636134 -0.158274889 0.159317255 0.0206326507 -0.141370907 0.0922171623 0.0943567976 0.088293016 0.101496749 -0.230870739 0.00547124213 0.0827079639 -0.121448182 0.185326248 -0.0190815106 0.100612037 0.171302527 -0.0984748229 -0.117616981 0.0122826118 -0.010313238 0.186930656 0.0202718433 0.0127112037 -0.115364559 0.0734683275 -0.162440732 -0.0166340899 0.0518951714 -0.122226164 0.103537284 -0.055278562 0.0857647732 0.000570066681 0.207768932 -0.0372745357 0.105983458 -0.172207326 0.0346661434 -0.0195152927 0.0565091595 -0.0209993944 0.100858994 0.0581266023 0.0427885205 0.0566203371 0.0114813996 0.327561051 0.0905637071 0.14421621 0.0679718778 0.0112559944 -0.0740452483 0.0045152721 -0.0462476276 -0.161327392 0.321316004 -0.0229251403 0.245352045 -0.0730561987 -0.115458675 0.0914570615 -0.0370223969 -0.0221797358 -0.0794599429 -0.0293892231 -0.0483290069 -0.0271657184 0.0226951949 0.0712303817 0.185753912 0.160046846 0.140015483 0.252220809 -0.0231762193 -0.185649335 -0.0486609228 0.0438301824 -0.0769937336 -0.146706328 0.217543155 -0.0649309829 -0.176454023 0.126279816 0.0435181074 0.259507865 -0.150299668 -0.0244915206 0.0249410495 -0.0046455143 -0.0914236754 0.0639920682 -0.158308238 0.0620175377 0.0834514052 0.123893052 0.106931701 -0.0377592035 0.200910151 -0.136083648 -0.0245313682 0.0408756696 -0.153779358 0.0330476053 0.00766260317 -0.111081578 -0.0785580054 0.0193310138 0.0682168081 -0.0919893533 -0.0771823302 0.197051391 0.119693622 -0.204363629 0.0585394837 0.0607607625 -0.0343859531 -0.118042499 -0.0794209987 -0.0439910218 -0.00559249381 0.228173479 0.176537231 -0.304158032 -0.12910752 -0.0457169935 -0.259050339 0.021397369 -0.183828488 0.100971602 -0.161994636 -0.147022158 0.0764429942 -0.228020087 0.131736994 0.0452702008 0.0520439856 0.159308016 0.0119212456 -0.000504114258 -0.0255027767 0.0987013057 0.0270361137 0.0650073886 0.0144137582 -0.0472182333 -0.0448541641 0.115803257 0.108504206 -0.0317946672 -0.1835538 -0.0470453054 0.0317444429 0.198343188 -0.00535171293 0.171527609 -0.0505579263 0.0594893508 -0.115685813 -0.120359659 -0.00713101123 0.0310296528 0.146504313 0.0906765163 0.0523582511 -0.0180665553 -0.157148436 -0.0686739534 -0.0038584501 -0.117945105 0.151379853 0.0334219448 -0.00933646318 -0.0237151068 0.0575241409 0.241114631 0.0494666584 0.0930283144 0.0174084771 -0.0379254147 -0.028268829 0.101803944 -0.053814467 0.081467092 0.293493271 0.00969027076 0.265648663 0.062625654 -0.0462274142 0.185056344 -0.2183799 0.0713152513 -0.075484544 0.123941697 -0.00256151916 -0.0548004471 0.0157890227 0.0230949037 -0.0123505061 0.188907847 0.0151959332 0.00509341946 -0.07594271 0.17124401 0.291771322 -0.0976858288 0.150317043 0.234640703 -0.224178925 0.0319449231 -0.0349617749 0.0835757628 0.0430159308 -0.373105139 -0.0121801132 0.213686004 0.0078441985 -0.208445534 0.00139001268 -0.120632008 0.0562925115 -0.235463306 -0.00867675617 -0.196822137 -0.0832173303 -0.0843394548 -0.266028613 0.0713808611 0.161223799 -0.000362354855 0.0182325058 -0.228245437 -0.0520863831 0.16580826 0.0984923616 -0.239338532 0.0516084097 -0.0920808613 -0.0932111219 -0.120632917 -0.280866593 0.121515937 0.100358747 -0.0223423671 0.077084735 0.151949316 -0.16860272 0.030240478 -0.115268029 -0.085418202 -0.458528996 0.349060565 0.174841076 0.196658984 0.454103827 -0.100154564 0.135297641 -0.00262943632 0.164124429 0.168049738 -0.205165341 0.13515453 -0.186659098 0.116077282 -0.15902555 -0.200863719 0.112752952 -0.242018029 -0.0510387868 0.093527995 -0.0682472438 -0.19321461 0.235526249 -0.0349292383 -0.0465653017 0.0514081642 0.108408153 0.202985764 -0.030642245 -0.0646215752 0.165462121 0.177997544 -0.0031783795 0.116995625 -0.078167811 0.172547683 0.176604018 0.115167603 0.232323945 -0.023396777 0.196723074 -0.117492288 -0.0349890627 0.0444328003 -0.162705123 0.0112655619 0.0857728943 0.0654131323 -0.0719100013 0.200045913 -0.169424698 -0.0182046853 -0.00133942033 0.205189884 0.14016217 -0.0732623935 -0.131160185 -0.0230697114 -0.193097726 -0.146524698 0.117995806 0.00621406967 0.252754778 0.150821924 0.37081933 -0.227409959 -0.196542859 -0.0101088751 -0.329406649 0.0208081398 -0.211011857 -0.140891969 -0.0263727568 -0.213452697 0.00502435211 -0.138850763 0.0439622588 0.0581094883 -0.0110903587 0.150795251 0.0405273438 -0.227015689 -0.0738861188 0.161013171 -0.105480552 -0.215587616 0.15275614 -0.146112069 -0.0532233454 -0.0142448675 0.0924807265 0.368547738 0.12802875 -0.133896172 0.066614531 0.135689884 0.165841952 0.0314324051 -0.257730663 0.0294080712 -0.0701222494 0.179874524 0.0354979746 0.04536134 0.232626855 -0.193490088 -0.0587480925 -0.0740273297 -0.240065381 0.144394547 -0.0379556417 -0.238429755 -0.0932291299 0.169063836 -0.118081518 -0.0230800807 -0.0507540219 0.0932732746 0.1402971 -0.104336806 -0.0258606467 0.0803371668 -0.211213678 0.0443536788 0.0141339554 -0.0501972809 0.000611584925 0.199016795 0.226839185 -0.277399272 -0.185742334 -0.247497797 -0.433715105 0.203022376 -0.00500334986 -0.148026034 -0.00703753438 -0.142453268 0.148509249 -0.246571392 -0.022508543 -0.116811842 -0.0360194035 0.39429757 0.00324326521 0.139894292 0.201878518 -0.118427485 0.0982866809 0.0837924257 -0.221352592 0.118295431 -0.0835445821 0.0949966535 -0.1851338 -0.197178662 0.0367957465 0.11983674 -0.0951170102 -0.0972886309 0.0832688063 -0.115366444 0.169880733 -0.187236696 0.0554350019 0.0609822199 -0.0349259265 -0.121847294 -0.169658065 0.193998054 0.0891148299 0.00675470661 0.0326561704 -0.00734548643 -0.0256449915 0.140335009 -0.0612223893 -0.226612836 0.0424552225 -0.0230955146 0.00783292856 -0.313625395 -0.138837188 0.16411753 0.0407705978 0.0426848494 -0.000173678767 0.0534949936 -0.106746987 0.0637914687 -0.174200505 -0.0961019918 -0.209379166 0.383432597 0.133132339 -0.044593446 0.453920126 -0.0566021726 0.0653397143 0.126774728 0.135661721 0.108821966 -0.0644687638 -0.00157718977 0.0442140251 0.0816296339 -0.0340128578 -0.280246139 -0.122283615 0.138512075 0.092166692 -0.0444294699 0.00414239196 0.131621659 0.0139982468 0.0796604827 0.0777075887 -0.0082267914 -0.0506193787 -0.170503527 0.233118534 -0.00331576681 0.0774038285 -0.0814314634 0.215529785 -0.107964031 0.150921464 -0.0950345993 -0.127118632 0.0643227696 -0.0747191906 0.195676118 -0.259620339 0.156615242 -0.138843894 -0.149193943 0.241303295 0.0731226057 0.0106422501 -0.0676340759 -0.135943055 0.100822821 -0.0855099484 0.0129286824 -0.12738803 -0.254352629 -0.150891244 0.0722819418 0.125528052 0.135862693 0.0657689348 -0.0316585749 -0.0249982998 -0.0108094914 -0.0186288096 0.101864666 -0.0931530073 0.0332902484 0.0641057342 -0.0741101876 0.149880305 0.00926350802 0.0414269045 0.0438849591 0.140838534 -0.00271522603 0.091064319 0.023603186 0.155276626 -0.0613566414 -0.0648213476 -0.0281518474 0.163006559 -0.2449117 -0.180235952 0.107636042 -0.187098473 -0.215564057 0.336792946 -0.0775479302 0.092701979 0.140186191 -0.0268344451 0.298039615 0.0702580363 -0.102564998 0.041519843 0.0199290775 0.0931520388 0.161825791 -0.209262952 0.0561986677 0.166175097 -0.0249374676 0.30215022 0.168362334 0.104020424 -0.184622049 0.0488148555 0.0545755066 -0.0643159747 0.271119356 0.147496641 -0.260391086 0.0155000305 0.263922453 -0.0976182744 0.0597705767 0.0114155533 0.282783329 0.218628332 -0.104513936 -0.15943113 -0.0252739731 -0.286432207 -0.132624552 0.168299988 0.0212738197 0.138426974 0.0770478025 0.30676201 -0.356315523 -0.078676708 -0.103021085 -0.334584326 0.262474835 -0.0690573156 -0.199696675 0.0513066016 -0.140656412 0.0298305489 -0.170927331 0.0572381206 -0.0931600556 0.0579097793 0.32828477 -0.058055561 0.232332677 0.120010279 0.0183035135 0.222923845 0.238909498 -0.142679393 -0.00292353868 0.0312126968 0.0210153647 0.00263271201 -0.309909046 -0.0672065988 0.162402838 -0.263069183 -0.00284484797 -0.0379271843 0.0230107084 0.0710009784 -0.0348574631 -0.12838462 0.0127654374 -0.141645968 0.00255924533 -0.0582924634 0.279090911 0.022954151 0.0902030468 0.0597135499 -0.225713879 0.0405446403 0.0207430702 0.0275600329 -0.117888421 -0.0606170073 -0.0693225563 0.0792412385 0.0239716098 -0.256212354 0.114413455 -0.121125109 -0.112738647 0.0896247476 0.00593277672 -0.157901183 -0.0592304468 0.129017532 -0.110379167 -0.252573669 0.294946432 -0.087446183 0.247245565 0.268557012 -0.154822826 0.0423649922 -0.0238966718 0.0329378508 0.177592382 -0.218490496 0.113252454 -0.142084464 -0.00662685977 0.00197110604 -0.245749056 0.07432428 -0.185769543 -0.021558065 -0.00216809614 -0.0921206176 -0.223714828 0.264938593 -0.32361418 -0.0247573256 0.236258015 -0.0848667696 0.364768982 0.068857111 0.00258940877 0.234588459 -0.071828261 0.0567532405 0.0550971329 0.101999462 -0.0985330641 -0.186418802 -0.139783263 0.00406188006 -0.0274690371 0.0720816329 -0.392961115 0.010503673 0.0778510869 -0.186611116 0.157958373 0.148369044 -0.0734311268 -0.0557507724 0.100108787 0.111377418 0.011048005 0.11601533 0.0988635644 0.0389651917 -0.321965158 0.0454010852 0.0435891151 -0.230306253 0.106607951 0.0279385485 -0.0160970893 0.0198116433 -0.145987049 0.095836848 -0.123521782 -0.00206152955 -0.0480875857 -0.0992181376 0.22458519 -0.176764414 -0.0722250268 -0.0716453046 0.161705017 0.265327245 -0.191251397 0.0386777334 0.14577648 -0.22699973 0.316804588 0.0559797026 0.176091745 0.365096956 -0.0305531584 0.0281264875 0.0830192268 -0.310351521 0.188310355 -0.0338257663 -0.0619773604 -0.0345130004 -0.19873257 -0.00241895788 0.0189892817 -0.0783945322 -0.185430497 -0.0868543833 -0.00116810412 0.194331363 -0.120325647 -0.109669603 -0.216247126 -0.179398909 -0.129343584 -0.339479566 0.291228086 0.17624712 -0.0341331437 0.070985578 -0.0857089609 -0.0449212454 0.206095338 -0.0953582376 -0.261905551 0.171708688 -0.0280261729 -0.163675964 -0.266577959 -0.238163069 0.0937239975 0.0283419527 0.05786312 0.202511162 0.010528326 -0.021891702 0.0544230305 -0.112210296 -0.135489047 -0.316268414 0.295935452 0.201457173 0.217678457 0.426669538 -0.0998613536 0.0939607099 0.18322511 -0.0204643048 0.159890637 -0.140778482 0.184590355 -0.191520721 0.140404508 -0.0277002249 -0.357821554 0.0872688219 0.154543757 0.210534036 -0.059486419 0.176977977 0.139646277 -0.277807325 0.215707093 0.0457722396 -0.027330555 -0.0180302262 -0.403653383 -0.0272700824 -0.0228045397 -0.200724885 -0.0699729621 -0.0537090413 -0.0267810188 0.157340676 -0.0675459206 -0.101398274 -0.0894666836 -0.0294649359 -0.149793357 -0.142269105 0.148511842 -0.0963848233 0.0600784644 0.170935303 -0.166118562 0.0258446317 0.102511927 0.062214341 -0.196624979 -0.0551712923 0.0233104657 -0.0756655931 0.0136731947 -0.198292136 0.0512460098 -0.0565187186 0.0748921558 0.114131734 0.116450511 -0.0978893563 0.00480295578 0.110689126 -0.128421098 -0.141207755 0.402195692 -0.087452665 0.178184286 0.406913221 -0.287851483 0.1839315 0.00876550283 0.0937017798 0.0824847519 -0.167594507 0.060365133 -0.153029859 0.199920386 -0.0191557053 -0.221102774 0.125407606 0.210388198 0.109481901 0.0299474802 0.0425489508 0.270240128 -0.234989434 0.189211294 0.0372734778 -0.0935185552 0.0338169001 -0.416172266 0.0100755803 0.150886223 -0.0857219771 -0.0569986254 0.100654915 -0.169384435 0.132777601 -0.146263734 0.0603305846 -0.0607318096 -0.216756672 -0.0389725864 -0.1329927 0.278034031 -0.037124604 -0.0496587753 0.0786881968 -0.119604319 0.0416449085 0.0858043656 0.0402996689 -0.197758675 -0.000412971887 -0.158942491 -0.0878658146 -0.246103466 -0.163159251 0.0720490962 0.149756685 -0.0559394062 0.215735555 0.0260771979 -0.0651722774 0.137169689 -0.0235487185 -0.135262519 -0.28564781 0.191942751 0.15459533 0.00507196225 0.317272812 -0.0442510918 0.126642287 0.0406817012 0.151058793 0.0800027847 -0.133343786 0.248728544 -0.155612886 0.176358491 -0.163506716 -0.242118478 0.00151885394 -0.168664515 -0.178565145 0.116186485 -0.0274903644 -0.0135211553 0.164316371 -0.113222443 -0.0220878385 0.0982417539 0.166301221 0.184368342 0.010251781 -0.0468863621 0.161992148 0.0708123967 0.136366054 0.0752706006 -0.128068253 0.0801056102 -0.158174902 -0.00523518026 0.0831678435 0.0477780923 0.231878564 -0.0177390464 -0.00238388591 -0.00794515293 -0.124464072 0.030320948 0.0644775629 -0.206339583 -7.51029584e-05 0.13211216 -0.146251038 0.138368815 0.163308159 0.295959115 0.171920508 -0.00402083946 -0.0393126123 -0.0603518225 -0.0376571454 -0.0329965614 0.156856507 -0.145593747 0.0468864031 0.00492184702 0.268664449 -0.175732732 -0.016259823 -0.107940532 -0.208393112 0.15867351 -0.12361785 0.0868311524 -0.168718979 -0.0560010113 -0.00580105418 -0.0685097873 0.00339965406 0.0908161923 -0.031908799 0.209817007 -0.02008681 -0.0774261951 -0.330112129 -0.018146446 -0.00828331243 -0.0148586836 0.187021211 0.0207001492 0.038521897 -0.0107161682 0.224617362 0.252487928 -0.109189086 -0.0891658217 0.138733283 0.0544109568 -0.0835654959 0.204862297 -0.231461689 0.0180856083 0.1110387 0.126124725 0.12010479 -0.035892684 0.0773008615 -0.0762099922 0.0233869255 -0.0855573043 0.0126671614 0.0660159737 -0.0627186596 0.00634102849 0.0348786823 0.106033035 -0.205686644 0.0543995649 -0.0272408631 0.0777375251 0.278928578 0.0247480273 0.042574551 0.025120832 -0.0707741678 -0.206425637 0.178239599 -0.05343128 -0.0342770182 0.275663644 0.349563956 -0.323518753 -0.0305875856 -0.148901522 -0.329478413 0.0699036643 -0.0260382257 -0.147600502 0.0586113781 -0.0539296791 0.0310624 -0.256747395 0.0149595076 -0.0914877355 0.0397376083 0.325864881 0.0787167326 0.235702842 0.157995895 -0.0927602053 0.0990316942 0.118965209 -0.117675386 0.0777778104 0.0566668697 -0.0301013924 -0.133957207 -0.376890063 0.124549322 0.214021176 -0.0522432216 -0.094785057 0.0700646937 -0.139125735 0.132819057 -0.133176059 -0.122366525 -0.12530762 -0.144152358 -0.00416255603 -0.266376078 0.138784274 0.0671754703 0.0711116418 -0.00898981001 -0.072408393 -0.152322859 0.140404016 0.0486923754 -0.118995041 0.243099719 -0.00170572568 -0.148228481 -0.268562764 -0.262304723 -0.0203352571 -0.0759110078 -0.06578587 0.203507841 0.0261014178 -0.119368427 0.00498997839 -0.203745127 -0.115196191 -0.46893999 0.1799317 0.216762662 0.211057231 0.429692775 -0.0881874785 0.218660966 0.0478989929 -0.0457605012 0.239752755 0.00583322812 0.215839088 -0.0454256274 0.0737098381 -0.0726429448 -0.151694074 -0.00774139119 -0.0308333281 -0.0518156774 0.104440078 0.154447511 0.00292416429 0.155359939 -0.101710893 0.0966837481 -0.114447452 0.0620515086 0.0324721895 -0.217017323 -0.105354995 -0.0529202819 0.020899469 -0.00199925783 0.155427009 -0.0107254563 -0.0257136263 -0.0955139175 -0.041464787 0.0433491133 -0.00811797101 0.160421714 -0.00037396446 0.0309437215 -0.122048095 -0.0999174416 -0.189623982 0.0895814374 -0.102540858 -0.0282549281 -0.0418462828 -0.00829720963 -0.0585812181 0.122900404 0.348007053 -0.122134946 0.107437961 0.0504765399 -0.134349808 0.0282716919 0.041844368 -0.160495609 0.0558253676 0.212397054 0.138591632 0.127850875 -0.0242253449 -0.00155747263 -0.0264925789 -0.0424966887 0.0200521089 0.0598757304 0.0576370917 0.032702975 -0.151471213 -0.05583103 0.0668888986 0.0455168895 0.0961642787 0.0374610759 0.0488738194 -0.0604115091 0.34653759 0.269421369 -0.0125291524 0.218146369 0.179659262 -0.165840238 0.240563691 -0.107957549 0.0751385838 -0.00530111277 -0.392408341 0.0125810904 0.273284912 -0.0371803194 0.0377913043 -0.038259238 -0.192455396 0.190018207 -0.13369967 -0.177324548 -0.0610979237 -0.0973164663 -0.168502957 -0.129125476 0.23644951 0.13350381 0.0516212583 0.199978411 -0.135943741 -0.0243815221 0.143065453 -0.068522796 -0.355073333 0.124045543 -0.149654239 -0.13969788 -0.19707638 -0.260618806 0.017417023 0.0814815462 -0.102144115 0.218490586 0.0828880817 -0.0328346305 0.0430230424 -0.108506791 -0.0862476677 -0.180902034 0.293404192 0.135908023 0.0118893208 0.263549387 -0.17594029 0.00406373385 0.124972649 0.0095410794 0.236719906 -0.06441129 0.178319752 -0.0348738544 0.0576628894 -0.108499371 -0.321630061 0.00034858752 -0.165013969 -0.20467633 -0.00225363648 -0.12118347 -0.210770339 0.238426402 -0.194653586 0.0263139438 -0.00728696492 0.0093667442 0.183975801 -0.0561004356 -0.160750046 0.225150958 0.0651557744 -0.0364003517 -0.0389662124 -0.0848712996 0.224993587 0.0791344494 0.195636109 0.161352426 -0.0579229817 0.183451742 -0.306701362 -0.110311292 -0.0736129731 -0.110523738 0.0957930759 -0.00306566455 -0.217659384 -0.078018263 0.238835514 -0.039072413 -0.0313812122 0.00345478184 0.252004802 0.121572755 -0.125407845 -0.11112725 0.0967782661 -0.108137377 -0.180384204 0.181817159 0.0511665642 0.10279385 0.155197442 0.194092289 -0.270477086 -0.0205028914 -0.107796088 -0.277989805 0.264533281 -0.0924325287 -0.0920266882 0.050891079 -0.247375786 0.0691521317 -0.103571519 -0.0374155492 -0.0203941017 0.0821096674 0.133781686 0.031962987 -0.217463538 -0.216933802 -0.0231337715 -0.0755475014 -0.152855769 0.333889335 -0.169555783 0.111874722 0.0332428925 0.0447809659 0.272459298 0.0996435359 -0.159078553 0.0453389287 -0.0383453257 0.0136912977 0.0434654169 -0.12473733 0.170453727 0.16305919 0.113959737 0.101951942 -0.00472397171 0.173985407 -0.228941575 -0.172408804 -0.182609037 -0.0654199645 0.132748023 0.101937063 -0.152235195 -0.101205744 0.18289049 -0.0976426378 0.0538298674 0.0813803375 0.0872242004 0.228742868 -0.0334065855 0.0105443643 0.0416960791 -0.1388309 -0.0686129034 0.146577895 -0.0384854712 0.0858026519 0.140388221 0.312577963 -0.361290514 -0.0987591818 -0.122725248 -0.214191526 0.225800291 -0.0714968368 -0.0608399324 -0.0298053082 -0.201193795 0.212853 -0.227278709 0.212542355 -0.206947953 0.136870801 0.207031995 -0.100259922 0.310276479 0.0356398374 -0.0351095088 0.041987244 0.170383349 -0.138733357 0.0727710798 0.0854046941 -0.066215165 0.0694258511 -0.367818624 -0.0648091286 0.0667846203 -0.09791293 -0.156030685 0.0607085787 -0.205714449 0.0683181211 -0.0537012629 -0.114972219 -0.10958878 -0.213207826 0.0501554869 -0.0186546575 0.383999795 0.0206360631 0.0316271298 0.000355102122 -0.0494487844 -0.102850311 0.051611837 -0.0513195135 -0.265314132 -0.079372257 -0.0958213434 -0.023605464 -0.0706132948 -0.0906107947 0.137125269 0.0668509156 -0.0521443412 0.12791127 0.0330493972 -0.104551807 0.104609609 -0.0129589466 0.05407371 -0.297725946 0.234344527 -0.035089653 0.136845633 0.377544194 -0.0626673102 0.0205965564 0.147844374 0.00287119811 0.0367299765 -0.0742062256 0.063670285 0.0360003039 0.0486416295 -0.0863282606 -0.137542933 0.0845600516 -0.134495705 0.0971780419 -0.0545029752 -0.0182594471 -0.262591749 0.0676226392 -0.0573900901 0.0223757047 -0.0283195097 0.000830919365 0.224472255 0.201638907 -0.00727129169 0.00107791007 -0.00156069058 0.09726502 -0.0201104619 0.142667443 0.0552069545 -0.0518158488 0.131789878 0.0746601596 0.115710102 -0.236896068 -0.0987237245 0.0654293001 0.120271713 -0.0973654613 0.151794314 0.000859792402 -0.0390009955 -0.0428137928 0.110342316 0.123495445 -0.0578370169 -0.134716049 -0.167087957 -0.062526308 -0.2116175 -0.00468930462 0.016044382 -0.132261992 0.0588509664 0.22335878 0.151386365 -0.241996512 0.0931514949 0.0108631058 -0.116535828 -0.0249970313 -0.176344648 0.0157811213 0.0571865477 0.124720469 -0.131378159 0.135143727 0.10557431 0.168679878 -0.0860045776 -0.122043066 -0.0958190188 -0.11927554 0.042570319 -0.0305499304
tensor gate_encoder.0.bias 1 32
-0.0406613722 -0.087472558 -0.109696962 0.0592286028 0.103475541 0.0270557553 0.000495000975 -0.0785190463 0.0766125619 -0.155001119 -0.10759794 -0.0490525663 -0.0286031775 0.0609396435 -0.0513490178 -0.0613594912 0.230952501 0.0561669543 -0.13389942 0.0890420228 0.0626785383 0.0688435361 0.1410079 -0.0928995311 0.0689395741 0.0825638697 -0.0375539102 0.0488303937 -0.133573428 -0.109334856 -0.060159605 0.0178159513
tensor objective_value_embedding.weight 2 32
0.187095672 0.398016781 0.099862054 0.586271763 -1.34715104 0.198296055 -1.5635848 0.381075025 0.548032939 1.57454062 -0.247529656 -0.0542948358 0.541449189 0.521182179 -0.126703113 0.986074269 -1.30814111 -0.811222911 1.13048267 -0.530201018 -0.0481444523 0.391887337 0.366341025 -1.20826113 0.1880766 0.413411468 -0.27165094 1.24900126 0.993434727 -0.692196369 0.378583461 -0.832127392 0.637534976 -1.05409586 -0.115525767 -0.330454558 0.761705935 -0.341980547 -0.215075463 -0.00124662369 -0.66729176 0.830614626 0.423482567 1.52478504 0.407324761 0.358486742 -0.389359385 -0.538480878 -0.901717663 -0.608912706 1.15243292 0.167653158 -0.150622174 1.15395677 -0.648402154 0.718856096 -1.38323772 -0.360178828 0.548306882 0.0887869298 -1.89225233 -0.307037413 0.121558614 0.0561796464
tensor backtrace_actor.0.weight 32 32
-0.173320547 -0.122554049 -0.0405645259 0.168879583 0.168707192 -0.0428756736 0.0391741991 0.0311100781 0.133222014 -0.0861967728 -0.0836659819 -0.107812792 -0.0638497472 -0.239290893 0.0705785975 -0.0503546447 -0.0190597959 -0.0609837435 -0.201407775 0.00771090528 0.0983957723 -0.0864243805 0.0253435895 0.11339312 -0.137454599 -0.143953949 -0.00146372686 -0.0288146455 0.0441573709 0.258829296 -0.0632608905 0.0392574035 -0.153205395 -0.130526707 -0.220687971 0.0468885116 -0.098402448 -0.0959973037 0.0918256119 -0.11381723 -0.0955041721 -0.0344729275 0.0316300802 -0.094139114 0.0286797229 -0.0684060678 -0.172630832 0.062324997 -0.0124073373 0.0733328536 -0.151985973 0.120363064 0.0675392747 -0.0337109827 0.0966274366 -0.00394515926 0.0448501296 0.201694384 0.0562521704 5.66221861e-05 -0.0874020681 -0.128581539 0.0702326223 0.135860905 0.199837238 -0.0310003459 -0.107864298 -0.0441279002 0.0486186892 -0.172425449 -0.0572086051 -0.150418997 0.147381186 -0.143625095 0.0176439676 0.0369659588 0.0563722551 -0.0864896402 -0.0852194503 0.117846832 -0.0849205256 -0.0711533725 0.11005637 0.0802845433 -0.087314643 0.206817433 0.146982074 -0.0898091719 0.12998803 -0.136173397 -0.132042736 -0.0902168527 0.0319315121 -0.191445991 -0.0526516475 -0.0180319697 -0.0880701169 -0.0546956547 0.00484729232 0.0472226702 -0.0946591124 -0.0728320256 0.0570915081 -0.201939359 0.0208221227 -0.0810353607 0.0457117409 -0.101583198 -0.143507406 -0.0675167218 0.0273751393 0.14811033 0.139445454 -0.0845443681 -0.0456289984 -0.0204148293 -0.01625349 -0.118661724 -0.0260026362 -0.0393931679 -0.014218769 0.0535853095 -0.00419586105 -0.0875131637 -0.0364973173 -0.0578208789 -0.05777888 -0.145330459 -0.0360597372 0.0331377536 0.0307062734 -0.101400457 0.188709185 -0.0498254746 0.0876559913 0.0460222401 0.0209561437 0.0481967852 -0.00254201912 -0.11065606 0.00988992117 0.164212987 0.0874941126 -0.196769834 0.137335494 0.0916151181 -0.124260403 0.0308667235 -0.104553267 -0.0240253508 0.00906701107 0.166913092 -0.0948986784 -0.0358424671 0.121334694 -0.0968490764 0.0562525056 0.0016317839 0.0306932535 -0.185969576 0.016643595 -0.0363286398 0.234978735 0.0407748446 0.0567868017 -0.0602689013 -0.0187637415 -0.00321523054 -0.194873765 0.0791184977 0.161250532 0.177180275 -0.128069669 -0.000506623823 0.162781551 0.141631126 -0.061424762 0.0937711969 0.123480342 0.148381129 -0.0112676946 -0.0265934747 0.124453515 -0.12183132 0.0217824075 -0.135629013 0.123210631 0.0875226185 -0.0964387357 -0.158372626 0.128091976 -0.197719246 -0.185540706 0.0347410254 -0.0123662613 0.17704609 -0.0433760844 0.133618489 -0.0182974823 -0.10728129 -0.0276995283 0.110895686 -0.041203402 -0.0240004789 -0.0379875861 0.207301781 0.131739631 0.0473564453 0.100079209 -0.00120457809 0.115940459 0.134282559 -0.0782539248 -0.0211776551 -0.172201097 -0.129566699 -0.120813981 0.0717236772 0.0669060573 -0.0761422217 -0.0941232145 0.132196918 -0.0216916502 0.166129842 -0.0474422984 -0.103474721 -0.0364773348 -0.13612406 0.116360821 -0.0674322098 0.11054121 -0.0127538536 -0.124370418 0.0655163452 0.0216870066 0.19739148 0.106520437 0.103590608 -0.0937357619 -0.0557919554 -0.154426992 -0.0467107333 0.122590519 -0.00753335468 -0.0643903092 -0.0734616518 -0.0572019219 0.163321033 0.102217883 -0.159661382 0.12211518 0.0599310994 0.0995655656 -0.173381537 0.0495328084 0.144271299 -0.209263474 0.00418538041 0.207747042 0.000497642497 -0.0113136806 0.0224833861 0.0868084356 0.0387478955 0.0222808961 0.0300562605 -0.102552034 0.148856074 0.00140044326 0.00277008931 0.21238558 -0.112711512 0.119629346 -0.153479397 0.130637079 -0.0065684258 -0.0459773764 0.017696308 -0.060118258 0.00626040203 0.150297135 0.0976384506 -0.0207465161 -0.114610218 -0.0775673762 0.132859662 -0.196119145 0.0442552269 -0.087069951 0.0253159553 0.0639222786 -0.140220687 -0.17480728 -0.0757052377 0.034560252 -0.157698229 0.191190735 0.0688549429 -0.195224866 -0.00819399301 0.0985519812 -0.153644457 0.116441958 -0.0443889536 0.0256805532 -0.158992395 0.164263204 -0.117606923 0.187081546 -0.0322834849 0.0114254067 -0.0913859233 0.0356158689 -0.0574358627 0.0109327044 -0.101636849 -0.165708184 -0.117879242 -0.0336499959 -0.160617575 -0.19575277 -0.013223418 -0.0389472656 0.179087803 0.0412720442 -0.110698573 -0.0618397966 -0.0167145412 0.0109222466 0.0717750564 -0.108037353 0.178886309 -0.178968027 0.181993067 0.130867437 -0.0472273417 -0.0375031903 0.0736805871 0.159527853 0.148597285 -0.128815591 -0.0491916947 -0.0175282061 0.113475487 -0.0677701756 -0.106720515 0.151989534 0.103177764 -0.000992313842 0.0552556664 -0.0121729719 0.0968826637 0.135535568 -0.0325142778 0.0565924868 -0.0563826598 -0.140330866 0.0339999385 -0.140795395 -0.0385561325 -0.118052907 -0.206424162 0.0629302487 -0.0446951315 0.129589692 0.0806220099 -0.212700039 0.0781576261 -0.101019733 -0.0357528664 -0.0686867982 0.143421203 -0.0285117794 0.112081088 0.176312461 -0.158193007 0.167030156 0.223078802 0.0868985057 -0.0797455385 0.170587301 -0.0975239128 -0.0892341584 -0.105250753 0.096039243 -0.0885080844 -0.240798682 -0.0343879052 0.0748094171 0.233978271 -0.0967077687 0.00212836359 -0.0712042898 0.0350863896 -0.147669211 0.049467396 0.137552321 0.0423619561 -0.00731718494 0.0155603718 0.0279114638 -0.222001344 0.0399922207 0.0965988487 0.205822319 0.0540364161 0.131481916 0.0770247132 -0.0659502372 -0.0632853135 -0.118496098 0.189478382 -0.0287266653 0.114086881 -0.0769204795 -0.111268029 -0.0993840769 0.147089586 -0.0388098583 0.110190026 -0.0523847602 -0.125290036 0.134397253 0.0703577548 -0.0759643763 0.095402956 0.116900846 -0.0311242919 0.0833961219 0.0365499519 0.17356129 -0.0407781973 0.121837839 0.153935552 -0.120054059 -0.0487997867 0.0216991398 0.0664650276 -0.00205909414 -0.0769809857 -0.00574137503 -0.0795884654 -0.096671097 -0.193766713 0.0178259537 -0.0551931113 -0.080261156 0.0243236963 0.0486933812 0.139301866 -0.109399065 -0.0565383844 0.101227172 0.0441285968 0.150612235 0.262226045 0.0857943818 0.183541626 0.175925493 0.189539015 0.0356107168 0.179629982 0.10555809 0.0469274819 -0.0666185096 -0.143342838 0.140204132 0.0569651388 -0.202372357 0.172573045 0.0108005628 -0.113849863 0.0834922418 0.00522959186 -0.0559944063 0.0763045028 -0.00275671599 0.0108387098 -0.239131972 -0.16382274 -0.151582271 0.114171512 -0.156758443 -0.141062692 0.0737233534 -0.139182225 0.130195722 0.0041430681 0.126527533 0.100076601 -0.0729736239 -0.040163178 0.122634299 0.0785586312 0.138231695 0.0444967858 -0.00456547225 -0.0373112187 0.0575723574 0.0408517905 0.0810548812 -0.0621291399 -0.145242557 -0.0576542728 -0.113982663 0.194933116 -0.105610058 0.0116118472 -0.039568156 0.0944794863 -0.149709836 0.153709814 -0.115545183 0.148082733 0.0318941139 -0.0935655907 0.0989919081 0.193961918 -0.0306606255 -0.0811467171 -0.00781145599 0.152087256 0.000732452027 0.066328533 0.183940023 0.00596223306 0.0532898195 0.165974617 0.0709260404 -0.236210585 0.19218348 -0.257758439 -0.0122459466 0.180116326 -0.0704122335 0.0878554136 0.0594349653 -0.0901750922 -0.0117568467 -0.00424741628 -0.136486292 0.0518876389 0.165863663 -0.103382446 0.00253563677 0.104911141 0.0996288732 0.136171862 -0.0884845927 0.0315969251 0.154535249 -0.135391414 -0.233537182 0.133426353 -0.0331352502 -0.069605507 -0.0603832304 -0.125792652 -0.054845687 0.110387199 0.193279758 0.0603633225 -0.158784747 0.14646025 -0.0217258036 0.0117715849 -0.173318788 -0.0560048409 -0.101361781 0.0463311411 -0.0646749437 -0.219400659 0.104662806 0.174621835 -0.0559410974 0.0745213479 -0.177483425 -0.0134397242 -0.218626797 -0.122577555 -0.0393684842 0.10904979 0.145499796 -0.137759686 -0.0272587687 -0.0645874143 0.0575839654 -0.00871564634 -0.140821457 0.0399120636 -0.148998141 0.0380348936 0.0115912491 -0.177711308 -0.0352789499 -0.118880756 0.131726637 0.0911348239 -0.095951736 0.0843527019 0.156076983 -0.00286187488 -0.138525113 0.110140994 -0.145182461 -0.178061903 0.0241951253 0.105830304 -0.159034342 0.180422381 -0.110512063 -0.0312398579 0.0238794554 -0.0637891516 -0.139760062 0.0835199431 0.0996129438 0.0145929204 -0.0921531916 -0.016084319 0.00319681293 0.065641433 -0.0917159393 -0.025287237 0.117850684 0.0412893184 -0.0615146905 -0.00732812332 -0.23499839 0.165767789 -0.0315706916 -0.0638946742 0.134358406 -0.106525287 -0.0362887308 -0.183880791 -0.0802061632 0.175278395 -0.136698917 0.0217058752 -0.0610769056 0.0830685496 0.110975988 -0.0228655841 -0.175071225 -0.0896303728 -0.112569384 0.124269411 0.223143652 -0.00512061501 0.0975239724 -0.0847133547 0.0262331497 -0.0208835937 -0.0289259572 -0.111010008 -0.0352145545 0.00958687719 0.0764784813 0.116339147 0.21861434 -0.045504652 -0.107984796 -0.155540749 -0.0937133282 0.11068134 -0.00439871801 0.127923787 0.183223888 0.169714361 0.125268564 0.183284879 -0.120095856 0.109636977 0.15747869 0.040467713 -0.0150518985 -0.0983208045 -0.000412198511 -0.028001694 -0.0813324898 0.0391228497 -0.0309620723 -0.0819706619 0.0523416065 0.229379147 0.0410291627 -0.0236994848 -0.177249193 -0.108931996 -0.0824283063 0.0581156723 0.0863031223 -0.0678534731 0.00231935689 0.118735358 -0.0573061109 0.125368446 0.115488149 -0.0120000485 -0.124552071 -0.0897198766 0.187632367 0.0138509357 0.0313718133 0.0351977497 -0.0863691866 -0.104621351 -0.0388373099 0.0780366734 0.0441008992 0.130703345 -0.0481858961 0.0361011997 -0.0693836138 -0.0819081217 0.115634128 0.166745096 -0.0611656941 -0.0120031564 -0.044794865 0.170270428 0.0963464156 0.056026116 -0.160672903 0.128495529 -0.207282513 -0.0291789751 0.0886851177 -0.0534969345 0.116364412 -0.11591126 -0.120692 0.0999502018 -0.117684305 -0.00112986413 0.0931179896 -0.0852189139 -0.0762829483 0.148112789 0.0509971827 -0.0387331247 -0.114919879 -0.289506376 0.220875993 0.0664850324 0.0147916684 0.0329500921 -0.0773626342 -0.110505618 -0.00420198729 0.066769436 0.198261097 0.0942179263 0.114491157 0.13523671 0.0917926133 0.0382074825 -0.0937219486 -0.160584405 -0.155320629 0.223419785 -0.137297407 0.0500982255 0.0125983432 -0.176305994 0.128184736 0.122560516 -0.102347225 -0.0828318447 -0.0376356505 -0.0510749184 -0.101725496 0.111299068 0.116854578 -0.0132396007 -0.0986513644 -0.15853022 0.161397323 -0.00836701784 0.0617972314 -0.26393804 0.0145530161 -0.0831115469 0.113584638 0.0488150604 -0.0969415903 0.129242629 -0.0247094929 -0.0778650716 -0.0556078441 -0.118337169 0.077000834 0.116388611 -0.128247857 0.0862682089 -0.0450586006 0.133436039 -0.0999919772 0.00865301769 -0.162751853 0.162675619 0.00129937066 0.00108229148 0.0424020812 0.0142271016 -0.101023868 0.0198456869 0.0882158056 0.18702884 0.0130235944 -0.0611872301 0.141046956 0.179855868 -0.14824447 -0.166615874 -0.161982015 -0.0532224178 -0.13375327 0.0204851367 0.0378449857 0.155872747 -0.0382732973 0.181452841 -0.0292495936 0.00637215143 0.118316814 0.0117661012 0.0854602903 -0.122293867 0.0260622669 0.0164327864 -0.163898095 0.153591067 0.250068218 0.0621593595 -0.0429582 -0.222769469 -0.127332911 -0.000302402885 -0.0283641033 -0.200844824 0.0919820815 -0.0686880499 -0.149653777 0.00834498927 -0.0944292098 -0.131096542 0.0849699825 0.182850286 -0.0557920262 0.117832854 -0.0518246889 -0.124984704 -0.146462873 0.0160356443 0.0488140769 -0.028162811 -0.0884766802 -0.0646019503 0.0258444082 0.152021915 0.0954109654 -0.0603797249 0.0128332004 0.0825841501 -0.0226207674 0.0242789183 -0.173975185 0.00971189328 0.0560654029 -0.111812741 -0.138906583 -0.202301949 -0.0199846625 0.113187149 0.0896544158 -0.131810322 -0.0517183319 -0.00932918303 -0.0615434051 0.188159138 -0.189666092 -0.0290220249 0.216580629 0.0940540507 -0.0203023087 0.0938839838 0.156647891 -0.118665494 0.139544114 0.10394337 -0.0527723506 0.128613919 0.157990098 0.0402079001 0.0668325946 -0.0657292828 0.060803365 -0.0948143601 -0.0125112338 0.220426455 0.144482151 -0.00413638121 0.0560565852 -0.136477649 0.131683692 -0.194887817 -0.0761328042 -0.107580252 -0.0897404402 -0.0623871982 0.0284539834 -0.0717969835 -0.100720249 -0.155925885 0.246632159 -0.149433106 -0.0669911429 -0.045938313 0.121732868 -0.121677309 -0.0782210901 -0.0418232344 -0.127322674 -0.0958168805 0.126664281 0.00608144654 0.0107633332 -0.122868866 -0.0410002545 0.126573175 -0.0864126831 0.05304024 0.0718080774 -0.101577811 0.0222603157 -0.188906953 -0.0952263623 0.0781627372 -0.114114225 0.0504803322 -0.0948647857 -0.110155895 0.139184788 0.187283948 0.0182549842 0.0706241056 0.0873795375 -0.0595923513 0.153656662 -0.0498851128 -0.000205486227 -0.0143353315 0.0582638979 -0.1029732 -0.0685263947 -0.0127248531 -0.102325641 -0.00295362948 -0.0213207938 -0.0313663818 -0.0581050962 -0.0355237797 0.0599133149 -0.122494407 0.184292063 0.0437858813 0.0435847491 -0.17908369 -0.0313704126 0.150536582 0.0974572226 0.0782057866 0.0940579325 -0.0795594826 -0.00689507602 0.0151796378 0.00596078672 -0.16650559 0.188791752 -0.176358864 0.176224649 -0.174480364 -0.102454454 -0.0774586871 -0.0512814932 0.140592337 0.100845814 0.00746111292 0.119834431 0.140142471 0.00662217103 0.0174055137 -0.115319014 0.0184731763 -0.0613926053 0.20115459 -0.0212505106 -0.0759988874 0.0998627096 -0.176478446 0.0714311078 -0.166207507 0.109194092 -0.177159637 -0.1264164 -0.0917212963 0.130355537 -0.0892750174 -0.106495254 0.0886779353 -0.0845407844 -0.0167676155 0.0770821646 0.142788112 -0.0446420535 -0.126236528 -0.0860237032 0.116495699 -0.112595394 0.180302233 0.1044292 0.0826909542
tensor backtrace_actor.0.bias 1 32
-0.196558595 0.111307576 0.107626773 -0.175744593 -0.00479698507 0.123423547 -0.0682943985 0.159295291 -0.0687702075 -0.170058817 -0.030057434 -0.0740403906 0.0892153308 0.0524355918 0.0336998813 0.088221021 -0.0356518067 0.113896325 0.0400884785 0.170505643 -0.199330598 -0.0983143374 -0.0506009422 0.0397248082 -0.0486309901 0.212731272 -0.069575496 -0.145485014 0.10799633 -0.143126622 0.0784345791 0.0645351931
tensor backtrace_actor.2.weight 2 32
0.187001348 -0.0742653832 -0.157956749 -0.142643929 0.0866488516 0.105387464 0.0526102819 0.0231703594 -0.0114160506 0.00253876345 -0.0879066661 0.054021433 -0.0291685425 0.147084564 0.00967009366 -0.0613617301 0.0767501965 0.0557477251 0.000223778596 -0.0945227072 -0.0854961425 0.0705364048 -0.0520329587 0.125803456 0.14584361 -0.123843156 0.00818789005 -0.0325800702 -0.143829405 -0.137747839 -0.0622291043 -0.00194378512 0.0845098943 0.118764989 -0.128114626 0.106483892 -0.0628718138 0.0552019142 0.0634889379 -0.0157996379 -0.0172575023 0.0900773033 -0.15610984 0.134099483 0.0237952769 0.127854273 -0.164380565 -0.0402623415 0.113978475 0.0193239152 0.0270973295 -0.0934022143 0.11032068 0.0784299746 -0.0706550255 0.136742204 0.0953713208 -0.157828778 -0.0676688328 -0.0492390394 -0.0639726669 -0.160405517 0.0422017388 -0.011471346
tensor backtrace_actor.2.bias 1 2
0.128462479 -0.0804696977
end
