SMARTATPG_ACTOR_V3
backend smartatpg
feature_schema SMARTATPG_FEATURES_V1
snapshot ff72f56537a7cb436be892b25fc7bcb9336cecfb14905ebe2a89b25351f3ac9f
embedding_dim 80
hidden_dim 32
tensor gate_encoder.0.weight 32 80
0.0371592231 -0.0714710131 -0.0315921567 -0.00703389198 -0.0349630825 -0.088174358 -0.0539091714 -0.090033412 0.0368149243 -0.0221739747 -0.00537704164 -0.0447833873 -0.0248459708 -0.0333693698 -0.0257805381 -0.0831473395 -0.0291030984 0.0958229452 -0.0555365644 -0.104631402 -0.0440163091 0.0248846561 -0.0553296469 0.0884046331 -0.0576610342 0.0391885489 -0.0706647187 -0.0390838087 0.0203467719 -0.00862541888 0.0941661224 -0.0601010844 0.112038746 -0.0480864383 -0.0643210784 0.0508797392 -0.00240398198 0.0264987983 0.0458116941 -0.0108313784 -0.0619666278 -0.0923404545 0.0526864491 0.0613154769 -0.0482031554 -0.0790527016 -0.0566484816 0.108700491 -0.026551187 0.0514702499 0.0417647436 0.0670032799 -0.0676322877 -0.0264735278 -0.033309415 -0.10001152 0.0798552781 -0.0615387708 0.0694108307 -0.036110539 0.0199806988 0.0668036938 0.0618069991 -0.0941744745 -0.0368898883 -0.0318299718 -0.106236026 -0.00356572215 -0.0270761102 -0.0629524738 0.0479588509 -0.104639433 0.0880725384 -0.0813393146 0.0950150043 0.0929826647 -0.0396279693 0.0882220119 -0.0115997605 0.0619330667 0.0924467444 -0.044053562 -0.0969697237 -0.0862063169 -0.0974740386 -0.048204571 -0.0682269633 -0.0518638715 0.0348411016 -0.0666446835 0.0868783146 0.0617244393 -0.0872791559 0.0679469556 0.0253900737 0.084434092 0.0287873112 -0.0880399793 -0.0533911698 -0.0904320627 -0.0855546892 -0.100563094 0.0818600655 -0.0580639616 0.0744199082 0.000819154084 0.00270922482 0.0894505382 -0.0169111975 0.0314548984 0.0873752832 0.0386562943 0.015964726 -0.0256109126 0.0706295222 -0.00146050018 0.095684588 -0.00901624188 0.046420183 -0.0276699886 0.0412252881 0.00455967616 0.00757098524 -0.0662345439 -0.0944220498 0.0083175227 0.0811703205 -0.00488127815 -0.0181628633 -0.039847143 -0.0842857361 0.0130732954 0.0192371011 -0.0883833021 0.0377499461 -0.0761037618 -0.0834706873 -0.0397157669 -0.00187181146 0.103003688 0.0633135587 0.0246495306 0.0865163505 0.0646291822 0.0678922087 0.0534262769 -0.0324520469 -0.053447593 -0.110055596 -0.0570703782 -0.0561047643 -0.0152308568 0.0947424769 0.0148710944 0.0059159114 -0.0582165122 -0.091312252 0.0621630661 -0.0568758547 0.109868832 0.0972721577 0.013108857 0.106327638 0.0308469385 0.0458341055 0.0870609879 0.0857614875 0.108342245 0.0940290913 -0.0511080697 -0.110821947 0.0748849139 0.099699758 0.0936541855 0.0238226242 0.0578357764 -0.0200149994 -0.0510584079 0.0142315747 -0.0354390144 -0.0173136815 -0.0511225425 -0.0235696398 -0.0109065101 0.00107143575 -0.101038516 0.0480139554 -0.0159164649 0.0428226925 0.0813997686 -0.0538696088 -0.087994948 0.0509488471 0.0560675636 -0.0749780685 0.108712986 -0.0379324369 0.0361846052 -0.102187552 -0.0506516919 0.0889588967 -0.0645098314 0.106892295 -0.0188225713 -0.0929099545 0.106949568 0.0513611883 -0.0138337864 -0.108097464 0.107570872 -0.0672951266 0.0610769093 0.0603448898 -0.0770690739 0.0422927067 -0.0339144729 0.07140553 -0.103053302 0.0429855138 0.0955656171 0.0349681228 -0.0852351934 0.0272643603 0.0274668857 0.0296258777 -0.0489625446 -0.0482541323 0.0780971125 -0.0403282456 0.0186888725 -0.104779311 -0.0434660465 0.00715168566 -0.0966266394 -0.017712472 0.0102033885 0.0234509446 0.097164996 -0.0509961806 0.0155923888 0.0125017148 0.0752924606 -0.000314622564 0.0615267009 0.100500353 -0.0399478115 -0.0218279902 -0.0437473953 0.109201685 -0.00225796457 0.0595097803 -0.0326313339 -0.0262093525 -0.0015786814 0.0620434061 -0.0575614311 0.111844152 0.0665567517 -0.077387251 -0.0898101404 0.0229163021 -0.0486311913 0.0238815676 -0.0821379796 -0.0759121478 0.0944049358 0.00672938675 -0.0519705415 -0.0891201496 -0.0538884737 0.0293688141 0.0447973013 -0.00201795599 -0.0112237986 0.0999165997 -0.0406132936 -0.00272982381 -0.105296843 0.102163598 0.028271094 -0.00592192402 0.0155400308 0.0661540329 -0.0311841909 0.0849817246 0.0359129533 0.104232281 0.0244845469 0.102443822 0.105000064 0.0395603403 0.0966010839 -0.00839280337 0.0830410048 0.105977625 0.105451182 -0.0213863105 0.0511379205 0.0906847566 -0.0750055984 0.0742708743 -0.0147074685 0.0260898583 -0.0351741537 0.0197552741 0.00999674387 -0.0317151248 0.00397996418 0.0988643989 -0.0714065507 0.0306132734 0.0832671225 -0.0837693661 -0.0261559151 0.0504296646 0.0269938856 -0.0508774966 0.0716681406 -0.0445733778 0.0629293472 0.0264121946 -0.0382437557 -0.104130328 0.0699200928 0.037963137 -0.0087389797 -0.0462777093 0.046840474 0.0201192945 -0.0253856815 0.0663628206 0.0158582404 0.0485933013 0.0654278398 -0.0718290731 0.0173446387 0.0858726948 -0.0953021273 -0.0189508628 0.0730951577 -0.0220629368 0.0419293642 0.111585841 -0.00659177313 0.108721286 0.091840446 -0.0562911555 0.0790992752 0.110965155 0.0139939599 -0.027319748 0.0267895311 -0.0118063586 0.109079167 0.100315534 0.0497600734 -0.0500125065 -0.0984337032 0.0490242615 0.0579558015 -0.0115220323 0.0430803075 -0.0378526896 -0.083770372 -0.0529676192 0.0438862033 -0.00233005732 0.108581319 -0.0927897543 -0.0113687888 -0.0378999002 0.0404771715 0.0362455845 -0.0407673195 -0.064741075 0.0800837651 0.0296493415 -0.00554824434 -0.0798819736 0.0949483439 0.0770185441 -0.0527564771 -0.0144406492 -0.0118555892 -0.0881483927 -0.0117804473 0.108415879 -0.0946699828 0.107025966 -0.0653368831 -0.0703932494 -0.0963224694 -0.0599387921 0.0781726167 -0.0159258898 -0.0901129171 -0.0565458164 0.104518287 -0.0407705307 0.0615954995 -0.0368980803 0.0229810886 -0.0302464124 -0.0305441171 -0.0953676328 -0.0287649054 0.0899135023 -0.108887479 0.104131445 -0.0784466714 0.0409619473 0.0483585447 -0.0600747988 0.0831872448 -0.0689274669 -0.0296088755 0.00481565436 -0.0086716162 -0.021227356 0.0449546278 -0.0743984357 0.0534741282 -0.0771124363 -0.109565757 -0.0581542365 -0.000132240355 0.0600043982 0.0388104841 0.0420020744 -0.0147359958 0.076622881 0.0468051285 -0.0407530628 -0.0949476361 -0.106077164 -0.0531099923 -0.0507763028 -0.019615477 0.0158317443 0.0723402202 -0.054317046 0.0182834044 0.0320303999 0.0344088562 0.0807038322 0.0900563896 -0.082941927 0.0973662511 0.0100240009 0.0988248438 0.042738378 -0.000210605562 0.0321971029 0.0513942391 -0.077415891 0.0495323874 0.0761525929 0.0350801609 0.0561184101 0.0351722911 -0.0769334137 -0.0187242627 0.0266310573 0.0105559342 -0.0979392231 -0.0196131356 0.0210850798 -0.0697529018 -0.111406252 -0.0713863969 -0.0206521004 -0.0305797681 0.101366296 -0.0984442309 0.105499268 -0.0204308499 0.0457770675 -0.00717941532 0.0028914779 0.0927506089 -0.0344734192 0.0627688095 -0.0770569816 0.0947145671 0.0795412436 0.0814893693 -0.0665310919 0.060452804 -0.0409286954 0.0931155831 -0.0556259006 -0.0548550487 -0.0180726014 -0.0326786041 0.0978225097 0.0886304528 0.0954994038 -0.00553047471 -0.0273734499 -0.0933670104 -0.0282343216 -0.0527805984 -0.0844688341 -0.0608577915 0.0362400897 0.034664467 -0.0335762948 0.085650526 0.0791934729 0.0344110243 -0.10462559 0.0465315431 -0.0371244922 -0.00623637391 -0.0979829654 0.0682990178 -0.0877424553 -0.0367215052 -0.00604641251 0.0188872665 -0.0232293252 -0.0854614824 0.0749950781 -0.00783268362 0.061908178 0.0508701392 -0.0264551267 -0.0362309776 -0.039447099 -0.000564135611 0.0316295028 0.0240845829 -0.00100373477 -0.101644456 -0.0949851274 -0.0199073981 -0.053420119 -0.053512644 0.065286994 -0.0711169913 0.0592355728 -0.00617162883 0.0815542191 0.0758659914 0.0229329169 -0.0771831721 -0.0212749075 0.0260061417 0.0438208207 -0.101899162 -0.0882625431 -0.110079527 -4.95389104e-05 -0.0653910935 -0.0262479819 -0.0266056266 0.10032174 -0.103485301 0.023213407 0.0590958074 0.0662021339 -0.104796372 0.0844516754 -0.0164313912 0.0613049716 0.0904774964 0.0543683842 -0.0399468169 -0.0750590265 0.0253538489 0.0121982051 -0.0270096641 -0.0253067538 0.0907693133 0.0702012107 -0.0362077244 0.0313301198 0.0675239712 -0.0399630256 -0.0754171312 -0.0773600116 0.0349461287 0.0203355644 0.0128516732 0.0512566715 0.104881093 -0.0414755717 -0.0499128997 -0.00468486408 -0.0595869794 -0.00187676481 -0.0554023534 0.0443373509 -0.0270662848 -0.0259175245 -0.0356219411 0.023304889 -0.0107524395 -0.103304021 -0.0976115763 0.044331003 0.105740696 -0.0190769099 0.0825292468 0.0372144245 0.0637250841 -0.0517422035 -0.0422295481 0.0576990731 -0.0976619571 0.0654183999 0.0176674128 0.0355454236 -0.0382302441 -0.0959494039 0.0612626299 -0.106250279 0.110085666 0.0722085908 0.0736424103 -0.0266805142 -0.0730309039 -0.0870880112 -0.00490805786 0.0390754789 0.0460326783 0.0215708986 0.0271686371 -0.0589948855 -0.044208616 0.0580976158 -0.0929450169 0.0529267192 -0.058022555 0.102578245 -0.110285841 0.00502516516 0.0373157375 0.0728532746 -0.0764871463 -0.0462035649 0.0604365505 -0.0468569212 0.0399028361 0.0334116742 -0.0551281124 0.0657715723 -0.0784065872 0.0497550964 0.031413503 0.0277978126 0.0564206094 0.0412540883 0.0193177052 0.100189865 -0.0488622189 0.0609448999 -0.0828442723 -0.0571295805 0.10799621 -0.0388795249 -0.0901244655 0.0205699112 0.0273480918 -0.0542126372 0.0823151618 -0.0190990195 -0.0547012947 0.0654549748 -0.0103607429 -0.00306211971 0.0264140368 -0.0434559658 -0.0977794901 0.0537947491 0.0802642256 -0.0236389358 -0.00927671045 -0.0039384109 0.0563402772 -0.0860385969 -0.0372167751 0.0532187223 0.018191997 -0.0595724173 0.0976912156 0.0754744262 0.0254099369 -0.00245343964 0.00787487626 0.0957565606 -0.0659154654 -0.0320350826 -0.00890106056 -0.0188631378 -0.0890878811 -0.0349996798 -0.104803838 0.0320016481 0.0405878164 -0.110657349 -0.0999155492 -0.054580342 0.0715613738 -0.0819674209 0.0757135898 -0.107856065 -0.110002317 -0.0284043401 0.066851154 0.101894677 -0.0550416149 0.0763460398 -0.0776238069 -0.0199808571 -0.0174190477 0.109624162 0.0332121179 0.0779349506 0.068711862 -0.0193785373 -0.0562364161 -0.0256525371 0.0150434971 -0.0717185959 -0.097726576 0.0327063166 0.0168709159 -0.0807792917 0.110863738 -0.00801633019 0.0604140833 0.0744268 -0.085724324 0.0418695323 -0.0522653572 -0.0161776599 -0.000862081477 0.0145408837 -0.0908395946 0.0667821094 0.0877653211 0.0784433931 0.0323525928 -0.0895318463 -0.060518451 -0.10383489 0.0258249585 0.0188283306 -0.0518512577 -0.075419277 -0.0157889128 -0.0596175194 -0.0745794997 0.0888691619 0.0577438064 -0.0586278737 -0.0539203361 0.0978470296 -0.0949468836 0.0667659193 -0.068946138 0.0465523414 -0.0444846936 -0.0806968436 -0.108370014 -0.096708566 0.110029057 -0.0148913609 0.026491493 0.072811164 0.0679379702 0.034200877 -0.0852018371 -0.000911584357 0.102085762 -0.0943019167 0.0982628986 0.0126770092 -0.043506287 -0.00620287657 -0.0599577166 -0.00540630892 0.0139086507 -0.0681357533 0.107652485 -0.0815742016 0.0262219124 -0.0053935484 0.0472126603 0.0149689317 0.00550276041 0.0373325497 0.020586567 -0.0935131386 0.0631663054 -0.0399557278 -0.0900996402 -0.0189839508 0.078832157 0.000840866589 -0.0822360367 0.0334003903 0.0194137394 -0.0362051614 -0.0485735461 -0.027624635 0.0998324975 -0.0024769099 0.029634174 -0.0402840972 -0.0513608567 0.0648072883 -0.00563104311 0.0530422404 -0.0186720546 -0.0797900483 0.0237312131 -0.112044327 -0.10085959 0.0411367379 0.0420367569 -0.035464555 0.0598272644 0.060019087 -0.0401870087 -0.0316611379 -0.0999848545 -0.0206659753 -0.0919112712 -0.0764629468 0.0614098608 -0.0609891824 0.0680311918 0.0186611358 -0.0911030322 0.0396624692 -0.106093012 0.0471750759 0.0653285533 0.0573169366 0.0649755672 -0.0661733821 -0.0437790044 -0.0780224428 0.101045586 -0.0884447396 -0.0962235779 0.0493316166 -0.0549724959 0.0936095715 0.0269849002 0.0225701779 -0.00266897678 -0.104192704 -0.00813777931 0.0722068176 -0.0564448684 -0.0837437883 0.102435842 -0.0144896731 0.0753665864 0.0699699894 -0.0672097579 0.0389565676 0.0870914906 -0.0471013524 -0.0218573958 0.00361586362 -0.0834836662 -0.0781179219 0.0126747042 0.0875359476 -0.0745928362 0.0598505475 -0.0724522024 -0.0155310044 0.0458052903 -0.00380670698 0.0268186964 -0.0407653525 0.0458598584 0.0770082399 -0.0457868502 0.054700315 0.0531042144 -0.0857582763 -0.0324240215 -0.0562669002 -0.106916159 -0.0805401057 -0.111070231 0.00884205289 -0.00577831268 -0.000532165694 0.0564748421 0.0758332014 -0.0118824085 -0.0918827951 -0.000413864851 0.104342468 -0.0240140483 -0.090023458 -0.0154907182 0.00187168131 -0.0590251312 0.0978096724 -0.103311896 -0.0914998651 -0.108647279 0.0443718955 -0.00766088068 -0.0861968845 0.0881314054 -0.0436388105 0.0863035694 0.0868511274 0.0927856341 -0.0936598927 0.0707675368 0.108576685 0.0793364942 0.0550937578 -0.0288603064 0.0281227082 0.00898692291 -0.0289900079 0.00468049617 0.0734221935 -0.0752231032 -0.084503077 0.10844256 -0.0275145024 0.0359003842 -0.0764671713 0.0923418999 -0.106954694 0.087887764 -0.0376885012 -0.0974460542 0.0567988306 -0.074511975 -0.00406268798 -0.0468874723 0.0943051428 0.107696697 -0.0858646929 -0.0744540915 0.100196756 -0.0351569951 -0.0152951106 -0.0440874249 -0.0309023336 -0.0752879828 0.104581781 -0.0382358469 0.0902883112 0.030726539 -0.0214846451 -0.0421006903 0.0155422715 -0.0775967017 -0.108896986 0.0660853088 0.109905459 -0.0745717138 0.0206805039 -0.0874709785 0.0759016573 -0.00291038491 -0.0479737557 0.0446150564 0.0570891425 -0.0061046984 0.0922780856 0.0209742654 -0.0685038865 0.00637207739 0.0351437815 0.0146811604 0.0317804143 0.0988399386 0.096179232 -0.0349967666 -0.0528418422 0.0139840692 0.0818737149 -0.081039086 -0.0577764511 -0.0319804139 -0.0240255408 -0.0180762261 -0.066543892 -0.0819232464 0.0373758711 0.00668565091 0.0488430671 -0.0748163611 -0.076635316 -0.0227143839 -0.0746611804 0.1005871 0.0517144799 0.0315406285 0.0431334935 -0.0597596653 0.0886940807 0.0847889557 -0.017675586 0.0933102816 -0.0250494797 -0.0250024721 0.0511716008 -0.0589414053 -0.0389348604 0.044201564 0.0906312391 -0.0782128423 -0.0542027242 0.0746880397 0.108155996 0.0559298247 -0.0921499133 -0.0708625168 -0.0519971251 -0.0905103311 -0.00176769076 0.103830241 -0.102393262 -0.104854099 -0.0375262722 0.0272711515 0.0745345056 -0.00947273057 0.0210511722 -0.0603670962 -0.00353374658 -0.0642749742 -0.0544762239 0.0879274905 -0.00597783597 -0.00943147391 -0.104786389 0.0784803331 -0.0517748147 0.106046818 -0.0391747095 0.00547530036 0.0516311862 0.0656467602 0.00913530402 -0.055842489 -0.0228305627 0.0970572382 -0.0374629684 0.0928941965 -0.00114005571 -0.0411492102 -0.00545233628 -0.0397266597 -0.087190643 0.0165282041 -0.0755917504 -0.065742746 -0.0715942159 -0.104944929 0.0513130128 -0.0554496385 -0.0916963145 0.0206664111 0.00780371064 0.082959801 -0.00734980311 0.0287659597 -0.0857338309 -0.0106841763 0.0751466379 0.0751276761 -0.0167608354 -0.0287985653 -0.0588713847 -0.0132381003 -0.0884225443 -0.067751281 -0.054931324 -0.035040658 0.00744027644 -0.063339375 0.0417660289 0.105877683 0.0683215186 -0.0567880124 0.0951619595 0.0258797798 -0.108228482 0.112444863 0.0920817032 -0.00737968972 -0.084659934 -0.0903644711 -0.0296522751 -0.0791470855 0.0929599106 0.0859458894 0.0654992759 -0.0324356742 0.00580271194 -0.101650909 -0.00324386521 -0.0106253251 -0.0820762739 -0.0513351522 0.100970149 0.0776915401 -0.00798214041 -0.0590838753 -0.0645684227 0.0278789587 0.0156962238 0.0201466512 0.0385264866 0.00483824918 -0.0772840008 -0.00806645304 0.102938026 0.00652966229 0.00702307234 -0.0260906685 -0.00547215529 -0.0847970173 -0.0782359764 0.0591451377 -0.0327240601 0.0993026122 -0.0513801426 0.0852015316 0.0249498039 0.0141823664 0.0391318351 0.0857131183 -0.0251593515 -0.0210061297 -0.0723461136 0.0324910358 -0.0398088321 -0.0359002203 -0.0984019861 -0.0179235563 -0.0698172972 -0.0453588255 0.0990584642 0.00270017236 -0.0442322865 -0.0728642717 0.0975748226 -0.023081407 0.087897785 -0.0844275132 0.050604023 -0.0518763885 -0.0246695355 0.0292371158 0.0203907974 -0.0213841517 0.0726147294 -0.0659346431 0.0486925542 0.066506207 -0.110313587 0.0136552006 0.108540721 -0.0441933125 0.0693188757 -0.0668666065 -0.0446111895 -0.0434873067 0.0476239435 -0.00185685954 -0.0299297478 0.0851523429 -0.00474885106 -0.042104803 -0.0618904531 -0.0932338759 0.00502830744 0.100340381 -0.0721227229 -0.00111858617 -0.055805821 0.00755044818 0.0973615348 -0.0138468742 0.0865046829 -0.0558449626 0.109873123 0.05498299 -0.0145730544 -0.0362031795 -0.0858261734 0.0848160163 0.0776211396 -0.0463112071 -0.000337885838 0.0988073349 -0.0966545343 -0.0786934048 0.0715772063 -0.0722173005 0.0308915973 0.0830141231 0.0659769997 -0.0155860437 0.0239238385 -0.0248016659 0.0651299804 -0.0950217023 0.0159179103 -0.101985067 -0.00745073427 0.05360277 -0.0892732814 -0.069318682 0.0350498185 0.0321632586 0.0181924794 0.0779078454 -0.0304367244 -0.0332426354 0.10003674 0.0962722972 -0.024310505 -0.0622824952 0.0360459387 -0.0396038108 0.0785885602 0.0705703124 0.0738689229 -0.0160658658 0.0804286823 0.0919002593 -0.0733895153 -0.0813145041 0.0980676264 -0.0429465733 0.0825965926 0.041285947 -0.0905793384 0.0973198339 0.0542464778 -0.0421201438 -0.0450929813 -0.0960553586 -0.0286511183 0.00786989555 0.109432004 0.0895112455 0.0623739362 -0.0328386091 -0.0793968216 0.00146397972 0.00330927968 -0.000512219965 0.0627062693 -0.0267657898 0.0417188853 -0.0156206246 0.0831282362 -0.0625132993 -0.0493054539 0.0530162752 0.023034811 0.104788437 0.0625776201 -0.0076988549 -0.0770005658 -0.0801101699 0.00143828394 -0.0967196897 0.0224773623 -0.000672381138 -0.0712091178 0.00482956134 0.0232912004 -0.0978619456 0.0733680204 0.0754856095 -0.0791303962 -0.107928671 -0.0404681824 0.103157535 0.104807965 0.0785484388 0.0049538007 0.0141254077 0.0119466269 -0.0787797198 0.0965977162 0.0349769257 -0.108227596 -0.00848866999 -0.0956115872 -0.0540430807 -0.0160571225 -0.0296928231 -0.089742288 -0.0183620006 0.0892893821 0.0440605469 0.0727240667 -0.0782446712 0.109207928 -0.0830075145 0.108029798 -0.0979563519 -0.0316286124 0.110491447 -0.0190555044 -0.0888726264 0.0171649419 0.0963355899 0.0248658508 -0.0690269023 -0.0568124019 0.0581678152 -0.10060367 -0.0649909601 -0.0138808638 0.0891733021 -0.0167604238 -0.0457205996 0.0517095365 -0.00196133554 0.0179055482 -0.00947498251 0.0098228436 -0.0253099184 -0.0430975445 0.0690748319 0.069767952 -0.10960573 0.0630286038 0.06965518 0.00185977982 0.00577313546 -0.0231500193 0.0131052658 -0.00110457279 0.0666687116 0.0608872101 0.0706895888 0.0879942924 -0.0658126026 0.0747580081 0.0464286506 -0.108919688 0.102303907 -0.00871804543 -0.058471594 0.0726843923 -0.0172897298 0.0238080528 -0.104415096 0.0738777518 -0.0954723507 0.0127463238 -0.0267716032 -0.00604281854 -0.0361239463 -0.110315099 -0.0431737304 0.0743554905 -0.0638109446 -0.0612477511 -0.0448974445 -0.0391210504 0.00455396017 0.0541856475 0.04157269 -0.0105164275 0.00573602319 -0.0230578613 0.0681470484 0.102470458 -0.0593113154 0.106046982 0.030873403 -0.0353237018 0.0236818083 -0.0501796119 0.0382979587 -0.0705193281 -0.0394402817 0.00610780995 -0.00561654195 0.109331548 0.0067618126 -0.0283498783 0.0867808312 -0.0820853189 -0.0072683841 0.0685835481 0.0841877013 0.075537689 -0.089454852 0.0194239095 -0.0316979289 -0.0517588481 0.0483132899 0.0695695654 0.0756147206 0.0609947294 0.0686770082 -0.0617853329 0.0229171868 -0.0650042519 0.055752255 -0.0911912024 -0.0956104621 -0.0311356243 -0.00103537494 0.0977346003 -0.0576060824 -0.0108389072 -0.10327369 0.0250826627 0.030771954 -0.08879219 0.0963620022 0.100376494 0.0401389748 -0.0898015052 0.0820394307 -0.0673413277 -0.110559843 0.0796479955 0.00143049913 0.0240050703 0.049051892 0.0161475483 0.101236477 0.0116163632 -0.105433531 -0.0984385908 -0.073759079 -0.106640175 -0.107775778 -0.0574407987 -0.0467761979 0.0233783722 -0.034330532 -0.0864641815 -0.0231357161 0.00457636081 -0.112309001 0.0456207283 -0.0299144145 -0.0646056607 0.105228476 -0.0826376751 -0.0632910877 0.00945400447 0.0521676391 0.0686461255 -0.0853551924 0.0281316619 0.054241702 -0.110192977 0.0886818543 0.0958026648 -0.066203475 -0.104660511 0.085066095 0.111283876 -0.0304016136 -0.00130547537 -0.111922778 0.0906549692 0.0264407173 0.0147541407 -0.0711191446 -0.0742100701 0.106589988 0.0037711726 -0.058638826 -0.00850140676 -0.033845827 -0.0568118691 -0.0141137755 -0.0847987831 -0.0211603492 0.045045726 0.00807730108 0.0764332414 0.0689179003 -0.0257161297 0.0442760848 0.0938865691 0.0550457314 0.0220401399 -0.0322902873 -0.0693235695 0.103709549 0.049927406 0.0943285152 -0.0332439989 -0.0981536582 0.00828781631 -0.0804559067 0.0823705867 -0.0774432048 -0.0998949558 0.0616378039 0.00764489919 0.106139973 0.111253045 -0.0646008402 -0.104154833 -0.0061340672 0.0492804125 0.0911409631 0.0242470913 0.0944743603 -0.025788663 -0.00816907734 0.111615561 -0.00423244899 0.0563886687 0.0346970297 0.0527752303 0.0521972142 -0.0238762405 -0.0411396064 0.0617790557 -0.0394583791 0.0380810797 -0.0449878052 0.0503229201 0.102579631 0.0932834446 0.0641468167 -0.0801376328 0.0856437683 -0.0705529004 -0.0491897762 -0.0817664489 0.0636546016 0.0890948921 0.0968403518 -0.0462530181 -0.0356731862 -0.0682092085 0.0740588307 -0.11063496 -0.0765953436 -0.0103070289 0.0232184753 0.0529187992 -0.00804251432 -0.108633988 -0.0266462937 0.0624883324 -0.0700022504 0.00526820496 0.0333917588 -0.0133632664 -0.0627457872 -0.0425066277 0.0111119542 -0.110874869 0.0249406695 -0.061203327 0.101022273 0.0794939399 0.0421415605 -0.0707320943 -0.0435845554 0.00859821029 0.0607363321 -0.0708881021 0.111636952 -0.0297022313 0.0793383867 -0.107296892 0.025362758 0.0858600438 -0.108527429 -0.0134692322 -0.0692590624 -0.0384850986 0.0927723944 -0.0258323923 0.0576505512 5.40614128e-05 0.108401023 0.107827038 0.0773835927 -0.00230730418 -0.0147325415 -0.0594479814 0.0544880219 -0.0422590524 -0.0503786393 0.0484999418 0.047696054 -0.0224481896 0.098600015 0.058047507 0.036786288 -0.0674248785 -0.0150747076 -0.108774781 -0.0930974707 -0.0978988856 0.0727445558 0.0891383588 -0.0390861109 -0.0821145773 0.0759443566 0.0501229987 -0.0161551908 0.0571361259 0.0146925449 -0.0671980605 0.0634815469 0.0221904684 -0.0385641679 0.0418752581 0.000810254656 -0.105817914 -0.0694118887 0.0305296052 0.0868156701 0.0146332504 0.0276416223 -0.101383567 0.0852388144 -0.09570425 0.0961304754 -0.000123106802 -0.101364896 0.0918351039 -0.0190982483 0.0864125043 -0.0785930902 0.00665714405 0.0345363766 -0.107377835 0.100131914 0.109154202 0.0269659013 0.0393115096 0.0664072931 -0.0214742273 -0.0805729255 0.0377356447 0.09380766 -0.020551296 -0.0808989927 -0.015453917 -0.0864676759 0.0664129257 -0.109660842 0.0600666851 0.0932597667 0.070002079 0.0531935543 0.0304384381 -0.0265519228 0.0422011949 0.0257778168 -0.0167197511 0.0150196403 -0.0983555242 -0.0527352653 -0.106041826 0.0512895882 -0.096682243 0.0197853297 -0.0369342342 0.034175925 0.0796704143 0.0363710485 -0.0475740284 -0.0764931887 0.110950217 0.0227170587 -0.0242039021 0.0522554778 -0.0402047373 -0.10908027 -0.0341646485 0.0231571067 0.0781600028 0.00403351896 0.107785471 -0.0730613321 -0.0200468935 0.0675458834 -0.0435589999 0.0169849396 -0.102404647 0.0609764755 0.0905042514 0.0921822563 -0.00162911764 -0.0945161283 -0.00601507723 0.0810118988 -0.087192148 -0.105123118 -0.107990652 0.108678713 0.0534130596 0.0347102955 -0.102426209 0.0102304136 -0.0840762556 0.0359403603 -0.0297445823 -0.0124065951 0.0911072269 0.0337508172 -0.102238275 -0.038062226 0.0767964795 0.00242084358 0.00887146592 0.111260474 0.000237064727 -0.0919062644 -0.0768816695 -0.062359903 -0.0450676456 -0.0374653265 -0.0648053139 0.100953504 -0.110654645 0.0427029096 0.0535757057 -0.0991801023 -0.0306078121 0.00269573182 -0.0841830522 0.0925973579 0.0242912322 0.0766559094 0.0448192544 -0.0473571979 -0.100941531 -0.0232559517 0.0214767307 0.00781533122 0.0816231072 0.017188197 -0.0192686077 0.0348726027 -0.0969083086 0.0798625723 -0.0726192296 -0.00471883919 0.0974349529 0.0660354123 0.0737583935 -0.0972878039 0.00363075524 -0.0728543848 -0.0835096687 -0.0987718776 -0.0981559902 0.0697141811 -0.0882103816 -0.00907936879 -0.0395226367 -0.0129202157 -0.0466385446 -0.0814628005 0.0630665272 -0.086933732 -0.0793575197 -0.0583970994 0.0714975297 -0.110927217 -0.0377201624 -0.0981586948 0.0412802845 0.0559644848 -0.0500830784 -0.0326758735 -0.110481381 -0.0832261667 -0.0788491666 -0.00426673144 -0.0466954596 -0.0855259895 -0.047556743 -0.0304064583 -0.0937837437 0.0905843675 -0.0131386295 0.00129760057 -0.0325357541 -0.0790875256 0.00786505174 -0.0761796087 -0.0721998811 -0.007299989 -0.0580114834 -0.0138890725 0.0537536144 -0.0424676836 0.103422694 -0.0148623362 -0.00329716504 0.0353752561 -0.109183572 -0.0133408606 0.0814689621 -0.107530408 -0.107013427 -0.0460452661 0.0308969617 -0.0395259932 0.0489379726 -0.0322433338 0.0795465112 -0.0638852268 -0.00860069972 0.0500530303 -0.0844287053 0.0356943309 -0.10157834 0.10739851 -0.0967397019 0.100159213 -0.0116243185 0.0718288571 -0.105569571 -0.0485452898 -0.0584974587 0.0670771375 0.0917378142 0.0808591098 -0.0651747137 0.0476924479 -0.0125555266 -0.0376872607 0.103102744 -0.0992264748 0.0416681617 -0.00260139047 -0.1086317 0.0261276644 -0.0423866063 -0.0951752067 0.106964774 -0.00606582174 -0.0762641132 0.0744105205 0.00531984726 -0.0308464095 -0.088656947 0.0707102567 -0.0284458008 -0.0614415519 0.0663389936 -0.0104612857 0.0763767511 0.0529867932 -0.048056528 0.0460683331 0.0233403984 -0.011016503 -0.0980640054 0.0162923504 0.0454639085 -0.0127921188 0.0507292897 0.0789266378 -0.110039033 -0.0804148167 0.0626672432 0.0256814584 0.0181924179 -0.0182373654 0.0817941949 -0.0656925887 -0.00618486106 0.0899876505 -0.0283153728 0.0960944444 -0.109608755 0.045703873 0.0846191645 -0.0519232601 -0.105788581 0.0536721945 -0.112136975 0.0252209604 -0.104577214 -0.050429821 0.0303985178 0.0874061137 -0.0745521337 -0.0472396426 -0.100254267 0.040447548 -0.0920432657 -0.0948824361 0.0693089068 -0.101510435 -0.00318712741 -0.0158888176 -0.0320834741 0.0976180285 -0.0396782979 0.0982294679 0.0061633205 -0.0186031349 0.0733391792 -0.0939835012 0.042870041 -0.101017244 -0.0479584634 -0.0908063799 -0.0389706306 0.104146682 0.0798848122 -0.0585470274 -0.0519960299 0.0928407088 0.105264187 -0.0350465328 0.0109986225 0.102039069 0.00440983707 0.0564800277 0.0313825049 0.0694906712 0.0404105186 0.0920759887 0.0877559632 -0.0566288084 -0.0286654495 0.0530750006 -0.0606270619 -0.013327539 -0.0890984237 0.0944590345 0.0660445243 0.091430217 -0.0624433868 -0.102534741 0.0915326625 0.0792933404 0.0113212196 0.0450509153 -0.018140642 -0.0379179306 -0.0832492784 -0.0749751627 0.00607012026 0.05330915 -0.0501451306 -0.0579347461 0.0188849028 -0.106042832 -0.00406528264 0.0142738018 0.0107710632 -0.105018526 -0.0254838876 -0.0841775239 -0.0341615006 -0.0793648064 -0.0392410234 0.101800129 -0.0718155429 -0.018212216 0.0215995014 0.0845891312 -0.0427185595 -0.107666612 -0.0838234797 0.0591291189 0.0924556702 0.0164793264 -0.108074069 0.0272818804 0.0429656133 0.105840653 -0.0225260183 -0.0234740227 0.00955908746 0.0244767703 -0.0655902103 -0.074201107 -0.0743875206 -0.0790115222 0.00593372574 0.00597400358 0.0762430429 0.0048802481 0.0305301044 -0.0811767504 0.0338198505 -0.0375437886 0.0739478469 -0.0556497984 0.0132895671 -0.0933868513 0.0470446944 0.069538489 -0.0820721909 -0.0879566744 0.107985698 0.0419622101 -0.0778247267 0.00571538555 0.0545435846 0.0107688159 0.0530180521 0.0955425352 -0.0391719863 -0.109319508 -0.0989025012 0.0471638739 0.00822136551 0.0937383473 -0.00940709282 -0.000216809363 -0.00208325498 -0.0876885056 -0.0798094124 -0.0316173099 -0.108983606 -0.0675166771 0.110889271 0.0198391248 0.0810583904 0.077581808 -0.0871751308 0.0121470159 0.0803159624 -0.089793846 0.112561695 -0.0083036162 -0.100413941 0.0201268364 0.0874447525 -0.0918222964 -0.06006594 0.0796957016 0.111047372 -0.0174364392 -0.032060679 0.00309804315 0.0593650006 0.0218658876 0.0192672201 -0.0605385043 -0.05890451 -0.0495783202 0.0309569053 -0.0571169816 0.0895661712 0.0530351549 0.030626893 0.0159801338 -0.0728463307 0.0431166738 -0.0430117846 -0.0118667111 -0.0804484561 0.0415734723 -0.00652385829 -0.0780961215 0.0473516919 0.0725456923 0.0835380629 -0.0162849184 0.0329777077 -0.110277407 -0.0936205238 -0.0424227268 -0.0380391702 0.0694282278 -0.0253476407 0.0591368712 0.0489982404 -0.059859775 -0.109903619 -0.0115811164 0.0274008531 0.0276132487 0.0920652673 0.0380188227 -0.0163441952 -0.0518657826 0.00285790837 0.0719933212 0.0400917381 -0.0918156728 -0.0297663882 0.0821741745 -0.0641706213 0.0899695754 -0.090044871 -0.0242111217 -0.0149402525 -0.101036616 0.0890355483 0.0658032 0.080227837 0.111845039 -0.0195215754 0.0113745574 -0.0966575742 -0.0819606781 -0.0158166569 -0.0361324996 0.0775308087 0.000101796235 0.0864332914 -0.0857799798 -0.0667221993 -0.0540387817 0.0980596989 0.0130910985 0.087746568 0.00582244247 -0.010119725 0.0594366342 0.0154718012 0.0193045698 -0.0129147684 0.0770548359 0.0127239181 0.0292775873 0.0463627689 0.0619022325 -0.0199856237 0.0591124892 0.0717143789 0.0389866568 0.0709260255 0.00591187831 0.10273084 -0.0872159973 0.103723139 0.0942391604 -0.0146079287 0.0944179744 -0.0803717375 -0.0591716133 0.00199429924 0.0701766312 -0.0604770966 -0.0243659504 -0.0595281869 -0.100385547 -0.00612318655 -0.0200375635 -0.0990169048 0.0328211635 0.0982390046 -0.00116832927 -0.0130460924 -0.0940999687 -0.109604605 -0.0756464899 -0.0872412249 0.0206882544 -0.0862101912 0.0351237357 0.0283701308 -0.0923913568 -0.023238698 -0.062807098 0.0356552973 -0.0604623146 0.0159200914 -0.0495462939 0.0217590798 -0.00361549691 -0.0238035731 -0.0460741743 -0.1060642 -0.0172220655 -0.0406007878 0.0377755947 -0.0595319718 -0.0696795136 -0.0381280035 0.0542043 -0.0294961985 0.0562815294 0.0962742195 0.0272940472 -0.00988846738 -0.0873778984 0.0383267216 -0.0300348848 0.0810497701 0.0521772616 0.0241116416 -0.0138488468 -0.0865154192 0.0944549292 -0.0186586119 0.0808875561 0.0403352864 -0.0346937627 -0.0588735379 0.0300272498 -0.0301334355 0.10251192 0.00650234753 0.0659129769 -0.00333984871 -0.0535676517 -0.0818128288 -0.085657455 0.0453331843 0.0540220998 -0.0850037932 0.0958652049 -0.106002107 -0.00709718466 0.0279577412 0.00374714285 -0.0439904779 0.0174521655 -0.074114494 -0.0141007937 -0.00966425426 -0.095980525 -0.037085101 -0.0439481288 -0.0157396514 -0.0659115687 0.0910888314 -0.0950707048 0.0997286811 0.0376798064 0.035840258 -0.0544701405 -0.0283853915 -0.0749474466 -0.0654902384 -0.0101416819 0.0597658642 -0.0540211201 0.0738828033 -0.0485762618 0.0740836263 0.0524757355 -0.0626245812 0.0726772323 -0.0933165997 0.0741745681 0.0510440692 -0.0885625556 -0.0114022484 -0.0758219883 -0.1038066 -0.102547795 0.0128611475 -0.0884157494 0.00633900566 0.00633443426 -0.000653071038 -0.0641129464 0.0172563959 0.0431918278 0.0880449638 0.100400455 -0.107349515 0.0511854701 0.0428339131 0.0905291438 0.0798153281 -0.0162179954 0.056285847 0.0977591574 0.0165477023 0.0492400043 0.0768436491 0.0317959078 -0.0927133784 0.0369464457 0.0182194281 -0.0388134941 0.0495046675 -0.0240705293 -0.0168439597 0.0479285643 -0.0509771667 0.03661507 0.0683740377 -0.0435296819 -0.0902281031 -0.0590649545 -0.10132847 0.00332414568 -0.0788491741 -0.0944359079 0.0346011892 -0.0965437144 0.0373699032 -0.0847330242 0.00144615769 -0.0164826885 -0.0551850386 0.00938294828 -0.0131683955 -0.0569424294 0.0337048061 0.087467514 -0.0542171039 -0.0844560266 0.0787435472 -0.0672713965 -0.015974693 0.0978766382 0.0439450145 0.035143286 0.00234179455 0.0615288019 0.0515053235 0.0200569816 0.0675064772 -0.000737874652 -0.0708698556 -0.0690784678 -0.0757352784 0.00100112869 -0.0608481914 0.106844641 -0.106094562 0.082492426 0.0635654405 0.0292251557 -0.0631137043 -0.0402041338 0.00872951839 -0.0374387726 0.0550326109 0.0964055285 0.0155916726 -0.0961023048 -0.0274019297 -0.0506117083 0.00863098353 0.102584004 -0.0157593805 0.0833150819 0.0599693879 0.0219788887 -0.102329113 -0.0433849171 0.0556974709 0.0740587339 -0.0273075495 -0.00335381622 -0.045325499 0.0819729716 0.0932022184 0.0344714746 -0.0910469666 0.0607339591 -0.0128655573 0.0938330889 0.0756742656 -0.069784984 0.00440917024 -0.00497504417 0.0914381072 -0.0650985241 0.0179719403 0.0855311379 0.0439235717 -0.0596032441 0.0462907292 0.0563497432 0.0683352798 -0.01465513 0.000153710513 0.0141744809 0.100422695 0.0523214042 -0.0828258246 0.0469475687 0.0419379175 0.100401029 -0.0128433648 0.0491237603 0.00474758493 -0.0345793031 -0.069032155 0.0871280357 -0.0492110997 0.106278151 0.022677429 -0.0100873932 -0.0732831284 -0.0471153408 -0.0964904949 -0.097293295 -0.0129944645 -0.0521559678 0.00503140688 -0.0162446238 0.013353413 -0.00148562319 0.100334249 0.0722510815 0.093238458 0.0728073046 0.0234504044 0.0613387823 0.0106474059 0.0128538609 -0.0174324978 -0.0796926022 0.0928343758 -0.0779290348 0.0475915223 -0.0969976112 0.0404243208 0.0592599101 0.0518001653 -0.0235576704 -0.0175807178 0.0683707073 -0.0173281915 -0.0389794558 0.0983275846 -0.0368726924 0.00259416713 0.00558742881 -0.0968344584 0.0287612434 -0.0985580459 -0.0856541619 0.096263662 -0.0985464007 -0.0922547579 -0.0516773574 0.0305021424 -0.100201026 -0.0781760365 0.0970589221 -0.00934813172 0.0239537973 -0.029214697 0.0358289033 0.0468364134 -0.0720595047 -0.0661662519 0.0310179554 -0.044052422 0.0631370693 -0.0902678668 -0.0334574841 0.0268266201 -0.0346390419 -0.0196554214 -0.0091391867 0.0949086472 -0.106716923 -0.0957750753 0.1116018 -0.0632489994 0.0290746205 -0.0931767374 -0.0669669956 0.00758050662 -0.00400785916 -0.0988200977 -0.0878740475 -0.0763743222 0.103912428 -0.0622929968 -0.0455493331 -0.0254271757 0.0119801657 -0.0900993794 -0.0959463492 0.0652404204 0.106777191 0.0231604967 0.0115433838 -0.103598624 -0.00210336084 -0.0610248446 0.0389491543 0.0902283415 0.0102019263 0.089541018 -0.0045741424 0.0194017626 -0.0461250097 0.0818822458 -0.0292375386 -0.105457209 -0.00393349677 0.0491264611 -0.00509547582 0.0647820607 -0.0842662454 -0.0265096575 0.0676653683 0.00552872522 0.0941373408 0.0900995433 0.0235776827 -0.0173038207 -0.0704681128 -0.0931339934 0.106630817 -0.033678595 0.0789413154 -0.0963499993 -0.0985832065 0.0790031105 -0.107895695 0.0408321619 0.0255052131 -0.060163781 0.0850167423 0.0192462672 -0.0723360181 -0.00766342878 -0.104510881 0.0226311218 -0.0471660532 -0.073650308 -0.0590296797 -0.0423043594 0.0759545192 -0.0890519097 0.0399272591 -0.111243069 0.105752528 0.0848539323 0.0566899441 0.012791872 0.00111800164 0.0167198144 0.083045423 -0.0966126323 -0.0730485916 -0.0493283123 -0.10986051 0.0287783891 -0.0370432101 0.0215145033 -0.0151762553 -0.0703850314 0.036799565
tensor gate_encoder.0.bias 1 32
0.0657299682 0.0207190309 0.0530190803 0.00411522109 0.0437088758 0.0501967706 0.0322065428 -0.00307851937 0.0584405102 -0.0822628513 -0.00626750709 -0.0983328 -0.0969882756 0.0553043447 -0.000464339129 0.105161019 -0.00988667738 -0.0436664745 0.0693379417 0.0600109734 -0.0625214875 0.0613333993 -0.0548694283 0.0674440116 0.0914725885 0.074627839 0.08145307 0.0658482537 0.0238115806 0.0974618122 -0.0766734034 0.0974803641
tensor objective_value_embedding.weight 2 32
1.68302143 0.221231177 -1.61645997 0.975074053 1.3804419 1.05545366 0.25137496 -0.946508169 -1.07783127 0.151972324 -0.620156884 -0.674422264 -0.528558314 -0.320613712 -1.32171047 -0.452635288 -0.731231689 0.713126421 -1.13261437 1.60434616 1.15546322 -0.278137118 0.603030801 0.240652934 0.220790327 -0.478027105 -0.628430665 -0.38367337 -0.541441798 -0.0667971671 1.25883746 0.207553983 2.33414388 0.778609157 0.634184122 3.23320079 0.154864356 1.44494343 0.494553506 -0.0306827854 1.12000394 1.43330681 0.924637258 1.31682789 0.671825945 0.105356373 -1.15094352 0.721655607 -0.122896761 -0.915145636 0.38574636 0.746259212 -1.29244614 0.40035525 0.8797822 -0.202281773 0.706553757 0.129850015 -1.68155825 -0.613135099 2.44525218 0.333765 -0.891426802 1.27116835
tensor backtrace_actor.0.weight 32 32
0.0783816352 0.0627918839 -0.0183242895 0.0807102323 -0.0848219618 0.0797409415 -0.119488783 0.00557195162 0.0195686109 0.0578987598 -0.00818340667 -0.109490067 -0.0163759384 0.0478456169 0.146404877 0.0752478912 0.156973362 0.018574832 -0.0807369724 -0.0312088542 0.102704823 -0.125691101 -0.0507666171 -0.040415369 0.0537471958 -0.0866444334 0.0329225697 -0.149561957 -0.0558827147 -0.119427405 -0.0905407369 0.0119570307 0.0788359568 0.0777848735 -0.0592525378 0.144821733 0.0783775523 0.155738041 0.132610962 -0.0487123094 -0.137515023 -0.150830552 0.138379201 0.105530597 0.0382538773 0.10990382 -0.0866316855 -0.110805809 -0.0727024674 0.152042001 -0.166148663 0.124829754 0.14864485 -0.0053360248 -0.171142027 0.012467823 -0.0705737919 0.0937571824 0.0959258899 -0.17418623 0.0573854707 0.121282905 0.139548734 -0.089270249 -0.118272766 0.0421844348 0.0624788441 0.151054546 0.142038316 -0.133774221 0.0236263759 -0.0824332759 0.0201789159 0.169258133 -0.0806724876 -0.113636285 0.0893287733 -0.0404895172 0.121795893 0.0522394739 -0.0260308851 -0.115401439 0.0100161815 -0.000774447457 0.159118608 -0.168482289 0.126405939 0.0955571383 0.0392544977 0.09470433 -0.128220886 0.0414160155 0.0309191979 -0.16712144 -0.0646533519 0.112581953 -0.174838737 0.148049727 -0.15264903 -0.00951740611 0.130074188 0.136709467 0.115214124 -0.140076816 0.162268132 0.0710558444 0.15736495 0.0275070593 0.0112373549 0.0368462726 -0.137601569 -0.166449904 -0.064440228 0.0616058819 0.157385767 -0.138556868 0.00701019447 -0.102318034 0.06650538 0.0297160633 -0.051470574 0.172165528 -0.152464598 -0.0770652518 -0.0762608051 -0.0262351707 -0.00933672208 0.0909413993 0.174542516 -0.0391267426 0.15209356 -0.147468492 0.109985352 0.13182722 -0.152114436 -0.122642376 -0.0829261765 -0.172044501 -0.136960641 -0.145295531 0.0623205826 0.0159813948 -0.0346777886 0.00847747177 -0.0553548746 -0.0951641053 0.0486669838 0.00928512774 -0.169544369 -0.0778082609 -0.147280261 0.0526633896 0.103570558 0.175108224 0.121621862 0.0260290541 0.0984744877 -0.0443015844 -0.103910945 0.088188082 0.0730695724 0.0313056409 0.10979604 -0.0691980794 0.1344295 0.112954073 -0.0607107766 -0.0216256175 -0.0391085409 0.00197797548 0.0895700976 -0.0266410522 -0.139666721 0.0911723152 -0.0850499943 -0.0588857047 0.124651238 0.170613259 -0.153335303 0.099504225 0.0502926297 0.0654192492 -0.0608993955 -0.148790762 -0.172683522 -0.0977975205 -0.0583062507 0.14021413 0.0904970318 0.126045212 0.0109627014 -0.074580729 0.00827170443 0.0358585119 -0.118413806 -0.16673021 -0.0381550975 -0.0665553212 -0.161790714 -0.17411457 0.0830547959 0.171146259 0.0696102753 -0.130189657 0.0520389266 0.133836806 0.108707353 -0.0760262758 0.117777772 -0.105214566 -0.0468083397 -0.019032279 -0.0183096733 -0.00120392977 -0.172158003 0.169381097 0.1042917 0.0813102797 -0.0263253022 0.0906723887 -0.138463825 0.0675798282 0.171412915 -0.109218344 0.0754359215 0.14836289 0.0846910104 0.0895116404 0.0955206454 -0.0518519133 -0.00696488051 0.175858706 -0.0701666698 -0.106615849 0.0682369098 0.0221820064 0.0177781042 -0.120720059 -0.0387334637 -0.160681084 0.160794124 -0.174138442 -0.0934309885 -0.00963646919 0.171815917 -0.110148959 0.0310492218 0.0725989789 -0.0270153023 -0.090982087 0.0934821367 -0.0277307555 0.134947523 -0.146452352 -0.0380740203 -0.0968379751 0.160260826 0.0346589535 0.00300367386 -0.0146710565 -0.139193952 0.0881088823 -0.048327852 -0.0911465809 -0.055873841 0.0581824183 0.171189159 0.0229968634 0.11576625 0.0641093254 -0.0119602624 0.159981638 0.123084307 0.0131043326 0.0784269869 0.0909409747 -0.0416376814 0.14843592 -0.105368033 -0.131287426 0.114487566 0.068448551 -0.00997375231 -0.0669763014 0.0471297912 -0.0769065246 -0.138073802 0.107103333 -0.144129455 -0.0463806689 0.0711844042 -0.149349377 0.0738494992 0.00440313481 -0.119465984 -0.159147099 -0.087165162 -0.17561312 -0.141273901 -0.176635012 -0.00063208607 -0.116454795 0.131304368 -0.093925491 -0.0641132295 -0.0316867605 0.151852265 -0.124010235 0.0568697937 0.0781701803 -0.152505994 0.0107621308 -0.148513362 0.146759897 0.121655822 0.133714721 0.130713463 -0.145362005 -0.116016984 -0.0249536205 -0.0581541285 -0.119112149 -0.114479154 0.0473775417 -0.0474709794 -0.152246282 0.0920922831 0.0693216622 -0.0241653826 -0.0622444972 0.135163814 -0.157942221 -0.00699245557 -0.0926821157 -0.165189579 -0.103608742 0.175941885 -0.0894913673 -0.169685841 0.0789395496 0.143236622 0.0395968296 -0.0876282677 -0.0586143099 0.128787279 0.0464608036 0.0679327771 -0.13785781 0.0174354035 -0.101884425 -0.0744546354 -0.15980342 -0.132359713 0.134677991 0.0121503128 -0.0841157883 0.0863518566 0.0543242134 -0.00572628761 -0.0876817629 -0.0413451642 0.0261693299 0.00493813911 -0.142335251 -0.128425062 -0.0015827124 0.127892166 0.0395596474 -0.0360378921 -0.0932611823 0.0970098376 0.101584956 -0.14661561 -0.0398379602 -0.025090985 0.00360295572 -0.154222608 0.0409045443 0.116119988 -0.145663857 -0.17505759 0.166071028 0.00013637956 -0.00945581682 0.079856731 0.14223358 -0.0327697955 0.158384338 0.00262967171 0.117539018 -0.0391143225 0.0057699047 -0.0612762868 -0.141208559 0.163306624 0.0598458201 -0.134104133 0.101876572 0.160035416 0.0285240822 0.117731735 0.127818793 -0.0742540136 0.113863043 0.0549975894 0.0440050401 -0.14292185 0.0525368936 -0.00556943752 0.13056992 0.0227046274 -0.157490164 -0.149621323 -0.104524322 -0.0116663445 0.168945312 0.172658861 0.0846530199 0.0502448902 -0.0677975565 -0.0649771467 -0.101216562 0.118627846 -0.0316813625 0.0857635885 0.137690887 0.139120549 -0.089881666 -0.160517246 0.00693406444 -0.00279999757 -0.135454565 0.0891081467 -0.153657243 -0.0906749815 0.0217028856 0.169931233 -0.0841255262 -0.141483486 0.131779626 -0.0990062878 0.171713665 0.129506424 0.024573287 -0.15913403 0.0538064055 -0.0123098008 0.148395181 -0.0584229305 0.122862518 0.0596095994 -0.0338920169 0.132777736 -0.16809997 -0.0775342882 -0.128953427 0.135338008 0.0242548473 -0.0852423981 0.0828821138 0.099639304 -0.0399088599 -0.117810391 -0.132946804 0.0805950686 -0.0222470667 -0.139505699 -0.0492895097 0.156882882 -0.0260859579 0.145273566 -0.168869108 0.0364670455 -0.00989853498 0.0491069555 0.0668279901 0.00621869508 0.069277212 0.129653022 0.0662616417 -0.0296250582 0.0953607932 -0.0287355166 -0.0853384808 0.156489983 0.120123722 0.0967451185 0.0181989558 0.0165559985 0.150149852 -0.116489433 0.115532324 -0.161635518 -0.0415048301 -0.0432117395 0.145588115 -0.116344288 -0.0254217461 0.0560994707 0.133045554 -0.115550488 0.0159398634 -0.062222302 0.0915774852 0.046697244 0.0110537047 0.102443695 -0.12705788 -0.0153566888 -0.0535763577 0.056593556 -0.116120458 -0.118639573 0.151737139 0.16085805 -0.118475147 0.168124735 0.117090225 -0.0395841077 -0.154693633 -0.0788211152 -0.116457254 -0.111565232 -0.157403722 0.080575943 0.0611660667 -0.132733062 -0.145766214 0.160685465 0.152626291 0.0891656205 0.0899895653 -0.0891950428 -0.0262589715 -0.0962754041 0.112847112 0.154520214 0.0876631588 -0.136227787 -0.135498777 0.134716228 0.060644336 -0.112314679 -0.111504793 0.103611141 0.163039178 -0.0480092838 -0.0347128585 0.141430721 0.13224344 0.113748692 0.171039745 0.162138477 -0.0384603813 -0.142671734 0.150731102 -0.0922113582 0.143414497 0.120612882 0.168602437 0.0867599174 -0.0190178659 0.152231604 -0.0459071137 -0.0642803535 -0.100019753 0.00475920644 -0.00875881128 0.160692692 0.0202705786 0.0481366813 0.0135608818 0.0675868243 -0.0540906563 0.0259812586 -0.0626537278 -0.0615830794 -0.0531489551 0.00119134446 -0.175945237 0.0671830848 0.12809217 0.0169882849 0.00258529605 0.0396127701 -0.0724885017 0.173089296 0.0627415478 0.150167391 0.0253672581 -0.159163609 -0.0741529837 0.00812216755 0.0832699835 -0.117439613 0.0801477879 0.0458550826 -0.0939363688 -0.0993020236 0.140023261 0.12469244 -0.0841733962 -0.0714503825 0.0312217865 -0.149846897 0.0414622612 0.157961413 0.16915758 -0.0941083804 0.00942928903 0.0974899456 -0.145771742 0.0571574681 -0.109381869 0.0147737116 -0.170157492 0.174738705 -0.0876799151 0.0524801277 -0.0371062532 -0.112232111 -0.127854928 -0.0357591212 0.0204879716 -0.0686494932 -0.00963676907 -0.00804098044 0.100433774 0.0630940199 0.0198668037 -0.171771735 -0.0780506209 -0.171099871 -0.0636471435 0.0338676199 0.114165299 0.0980096981 0.00722711766 -0.0285387281 -0.0739080533 0.17657274 -0.126404837 0.110437199 0.00725593371 0.173898548 0.0921050459 0.125415504 -0.0991260633 0.0858888179 0.140859187 0.159948811 -0.0708182976 -0.0336476304 -0.17470026 -0.126585186 -0.1401546 0.0256621633 -0.174305677 -0.117732413 0.0434554853 -0.109486714 0.173908636 0.0230742749 -0.00382115389 0.161805719 0.0218857247 0.095217526 0.155892849 0.0977015719 0.168164954 -0.0501137562 0.114569336 0.133293673 -0.15969415 0.157861933 -0.0708394647 0.10902141 0.0452493094 0.114871711 -0.117892772 0.135214463 -0.137556955 -0.0950414911 -0.159651995 -0.133558273 0.0419031195 0.0775050968 0.0801138356 0.0252473801 -0.0805822685 -0.121740967 0.0823227093 0.0831636786 0.110391885 0.115925521 -0.0250813123 -0.0995864272 -0.0470619462 -0.106377237 -0.0758528337 -0.124973617 0.0514459088 -0.0541117489 -0.06396503 0.0279539321 0.0422482267 0.0298886336 0.107067622 -0.0867981911 -0.085165292 0.022712376 0.000813381397 0.115686826 -0.0719466433 -0.0282399375 -0.0272643883 0.05940127 -0.135793135 0.0776233971 -0.169828862 0.0525310487 0.16985926 -0.148492783 -0.156408161 0.0668468624 0.151722014 -0.102179773 0.0228416342 0.133164287 0.169021696 -0.0698480085 -0.147994339 0.00798550714 0.123673044 0.0202926118 0.147633508 -0.142552674 -0.130889952 0.0640115514 -0.0694721416 -0.111365549 -0.142255411 0.137834102 -0.171233475 -0.095834367 0.102500439 -0.00144080445 -0.166238323 0.0585143007 0.0209592786 0.126129687 -0.136200637 0.150857627 -0.0644375756 -0.0593564026 0.143491298 -0.0381304882 0.130158946 -0.149594948 0.0466290861 -0.0878717154 -0.083289288 -0.139402792 0.173139349 0.174399257 -0.136399731 -0.07308162 0.0401982069 0.0122426106 -0.116583176 0.163490862 -0.00534120528 -0.0149562387 -0.0491870344 0.106474414 -0.0118516237 -0.177121714 -0.157338277 0.106518812 -0.0802482516 0.11872901 0.0589107051 -0.0656773746 -0.0861563385 0.0728296936 0.0027875579 0.0702598095 -0.0625035763 0.0252626669 0.15823628 -0.0597177781 0.0487019196 0.121230125 -0.068986468 -0.108375467 0.0620002039 0.0473399833 -0.165948793 -0.0635444224 -0.0475662686 0.112156317 -0.0650454834 -0.0678068176 0.0154082412 -0.0521826595 -0.0562207624 0.0207301006 0.121306866 0.154913351 0.100167334 0.0940004662 0.10788811 0.0019260667 -0.0527452342 0.0312445108 0.0750761852 0.0138646001 -0.0840107873 -0.11982359 0.106918573 0.116774708 0.164833769 0.0399430841 0.142951027 0.0156433787 -0.0558356121 0.0801729262 0.0439214855 -0.0982437208 -0.0888271928 0.17346783 0.0796770528 0.0565124974 -0.0074330559 0.12976265 -0.0426151305 -0.0252853818 0.113644488 0.157751426 0.124164179 -0.105124153 -0.00854432676 0.113983206 0.0288726129 -0.119774319 -0.0857715011 0.155304268 0.145304486 -0.0547990054 -0.0407506302 0.0869629607 0.0248910394 -0.0235376842 0.141757026 0.139887646 -0.171331227 -0.171851307 -0.0311779473 -0.145420372 0.0373151675 0.16458568 -0.112634905 0.144304171 -0.167397469 -0.0546055175 0.140128359 -0.00347329606 0.144441068 -0.0606616698 0.069579795 -0.0350919515 0.12377847 0.0211434942 0.148574844 0.0755399093 0.00236733793 0.0959442705 -0.0420477204 -0.112376072 0.0586925782 -0.0627077073 0.130908743 -0.0558433421 0.0752733052 0.125888005 -0.0533722043 -0.0151742725 0.0983019695 -0.0288165025 0.153707609 0.128573284 -0.125625372 -0.0975191668 0.0940022171 0.0226824526 -0.152560323 -0.146276072 0.0936512575 -0.0637849495 0.017297212 -0.162090093 -0.161323503 -0.102810152 0.0353172533 0.0110685751 -0.00317168608 -0.101129539 0.071863167 0.126416415 -0.0486388542 -0.137999818 0.109152235 0.0677961558 -0.149259433 0.0836828575 0.0188157558 0.170898378 0.080294691 -0.13845475 0.00319411978 0.177651763 0.015215721 0.0430637151 0.154485226 0.0439279117 -0.136088267 0.0371378437 -0.154225498 0.168273568 0.0810445473 -0.117533468 -0.0545836873 0.0159151852 -0.0254345778 0.000248850178 -0.0930112898 0.0317663401 0.123270355 -0.112999618 -0.152033836 0.0121272262 -0.141049594 0.0429420769 0.131296813 0.123493962 -0.175789267 0.0363660902 -0.0867058039 0.0554232001 0.112912409 -0.165970281 0.157585353 0.0278951135 0.00662973151 0.0816565752 -0.167397842 -0.177307352 0.0715173334 -0.168512374 -0.0316321142 -0.151263177 0.041485671 -0.0713952333 -0.0426691622 -0.0340494774 0.129839376 0.0069194464 -0.0250939 -0.0889996439 0.0577148683 -0.165524125 -0.150964871 0.146535203 0.0249396674 -0.0457551926 0.014524769 0.175010115 -0.158023387 -0.147440776 -0.116505399 -0.13606292 0.0389429703 0.12699604 0.0679286197 0.177000359 -0.083170779 0.0986802429 0.157801256 0.172175482 -0.0512966402 -0.148371041 -0.148467034 -0.0236649644 -0.147777453 0.116297886 -0.0757108554 0.167767569 -0.00591195468 -0.0587274469 0.0532190278 -0.118532799 -0.106439561 0.0139034307 0.0126030603 -0.05044166 -0.17074883 0.133475021 -0.117790841 0.0637064427 -0.151065677 0.135880038 0.174622983 -0.140918419 0.0830706358 -0.0413530394 -0.161703423 -0.161964148 0.0672246739 -0.0419543572 0.172993422 0.145063803 -0.0275701992 -0.160073727 -0.168451935
tensor backtrace_actor.0.bias 1 32
-0.0404837579 -0.137641177 0.0316398814 0.13211754 0.0594542921 0.00497416826 0.137817398 -0.155059844 -0.0895998254 0.137413025 -0.0335239656 -0.105214715 0.00803266466 -0.0329914615 0.0764238462 -0.157193437 -0.110919878 0.136310309 0.137980744 -0.102610312 -0.00131054479 0.157409534 -0.0983225182 -0.0329974554 0.129736558 0.157778069 0.116564862 0.0135754114 -0.0439708605 0.0616763048 -0.0701155439 -0.135506809
tensor backtrace_actor.2.weight 2 32
-0.0284012426 0.06421078 0.00633180328 -0.162689179 0.106071383 0.0836215243 0.164319456 0.0605228953 -0.0898453593 -0.121276297 0.147746891 0.017868707 0.126884863 -0.0924409404 -0.122934513 0.100266837 0.00978938118 -0.0876444206 -0.144964904 0.171691045 -0.0934598222 0.09392865 -0.14055866 0.0721593276 0.0127649605 -0.0881449804 -0.0447143428 0.0686327443 -0.0565518551 0.0746192262 0.103086971 -0.098262772 -0.161592364 -0.153612822 0.103281409 -0.00766624138 -0.00712205935 0.126976103 -0.06282828 0.162943706 0.0142779658 0.174004272 0.143148899 0.0228155162 0.0403797589 0.0231834799 -0.0602968521 0.0391363278 -0.160823032 0.141534343 0.0970002413 -0.126448676 0.0441263095 -0.0276049003 0.0384509787 -0.125288591 0.140561119 -0.176354036 -0.122343138 -0.165921599 -0.115182184 0.119741268 0.0598182864 -0.150870308
tensor backtrace_actor.2.bias 1 2
-0.0286275335 0.0184749551
end
